File: C:\Users\hurdlab\Desktop\data_rme\JS\heroinSA\20220118\ heroinSA_FR1_roomE_20220118



Start Date: 01/18/22
End Date: 01/18/22
Subject: 1
Experiment: heroinSA
Group: heroin
Box: 1
Start Time: 11:42:00
End Time: 15:11:03
MSN: FR_SCRIPT
D:       0.785
E:       0.215
F:      32.000
I:     244.000
J:       0.000
K:   10800.010
L:       0.000
R:       0.000
S:       0.000
T:      37.000
U:       0.000
V:       1.000
W:       0.000
X:       0.000
Y:       0.000
Z:       0.000
A:
     0:        1.000        3.000      500.000     1000.000      180.000
     5:        1.000        1.000        2.000        1.000        0.000
    10:      247.000        0.000
B:
     0:      121.000       95.000       26.000        0.000        0.000
     5:        0.000        0.000
C:
     0:        0.500       10.100        0.200        0.700        0.800
     5:      618.100        0.200        0.700        0.800     2662.600
    10:        0.500      984.100        0.200        0.700       11.100
    15:       19.100        0.800      446.600        0.500      869.100
    20:        0.200        0.700        0.800      162.100        0.200
    25:        0.700       11.100        0.800     3716.100        0.200
    30:        0.700        0.800     9212.600        0.500     2063.600
    35:        0.500        5.600        0.500        8.600        0.500
    40:       10.600        0.500        9.600        0.500        6.600
    45:        0.500      554.100        0.200        0.700       80.100
    50:        0.800      156.600        0.500      160.100        0.200
    55:        0.700       14.100        0.800      321.100        0.200
    60:        0.700        6.100        2.100       26.100        0.800
    65:     4397.100        0.200        0.700        0.800     2490.100
    70:        0.200        0.700        6.100        0.800      333.100
    75:        0.200        0.700        0.800    10678.100        0.200
    80:        0.700        0.800      232.600        0.500       12.600
    85:        0.500       14.600        0.500      824.100        0.200
    90:        0.700        0.800     2921.600        0.500     2191.600
    95:        0.500      161.100        0.200        0.700        0.800
   100:    11357.600        0.500       16.600        0.500       76.100
   105:        0.200        0.700        0.800      178.100        0.200
   110:        0.700       23.100       24.100       22.100        0.800
   115:       35.100        0.200        0.700       26.100        4.100
   120:       31.100        7.100       13.100        0.800       64.100
   125:        0.200        0.700       28.100       15.100       11.100
   130:        9.100        3.100       10.100       18.100        0.800
   135:       16.100        0.200        0.700       11.100       24.100
   140:       18.100        0.800       54.100        0.200        0.700
   145:        3.100       12.100        3.100       29.100        5.100
   150:        0.800       58.100        0.200        0.700       18.100
   155:        7.100        8.100        3.100       16.100        3.100
   160:       21.100        5.100        2.100        2.100        2.100
   165:        9.100        0.800       22.100        0.200        0.700
   170:        3.100        0.800    22623.100        0.200        0.700
   175:       14.100        8.100        4.100        2.100        2.100
   180:       19.100        9.100       21.100       16.100        0.800
   185:        9.100        0.200        0.700        4.100       73.100
   190:       17.100        3.100        0.800        3.100        0.200
   195:        0.700       22.100        0.800     6442.100        0.200
   200:        0.700        0.800      172.100        0.200        0.700
   205:        0.800      335.100        0.200        0.700        9.100
   210:       18.100        0.800     8592.100        0.200        0.700
   215:        0.800      130.600        0.500        3.600        0.500
   220:       29.600        0.500      344.600        0.500       27.600
   225:        0.500       17.600        0.500     9652.600        0.500
   230:        6.600        0.500        6.600        0.500      498.100
   235:        0.200        0.700       37.100       47.100        0.800
   240:       27.100        0.200        0.700       37.300
G:
     0:        1.040       62.870      427.400      428.490      430.430
     5:      561.960      578.150      579.210      950.790     2137.490
    10:     2145.520     2177.160     2178.510     2210.650     2211.260
    15:     2211.440     2214.070     2653.770     2902.770     2903.320
    20:     2936.660     4004.470     4112.600     4639.920     5784.810
    25:     5802.680     5804.930     5807.330     5809.570     5813.000
    30:     5815.600     5816.010     5819.090     5819.860     5821.130
    35:     5827.550     5830.320     5831.860     5832.920     5833.860
    40:     5834.150     5835.100     5836.960     5838.540     5839.620
    45:     5842.060     5843.800     5849.210     5849.560     5850.710
    50:     5850.990     5853.980     5854.450     5860.190     5862.020
    55:     5862.770     5863.550     5863.820     5865.450     5865.730
    60:     5867.840     5868.360     5868.500     5868.700     5868.950
    65:     5869.790     5871.990     5872.380     8134.620     8136.030
    70:     8136.870     8137.200     8137.450     8137.600     8139.490
    75:     8140.420     8142.520     8144.160     8145.020     8145.460
    80:     8152.720     8154.430     8154.750     8155.060     8157.260
    85:     8801.470     8818.610     8852.170     8853.030     8854.790
    90:     9714.010    10785.210    10788.900    10793.640    10796.370
H:
     0:      329.050      475.030     1872.050     2078.340     2078.790
     5:     2079.630     2080.620     2081.580     2082.100     2161.140
    10:     4027.590     4028.860     4030.240     4404.750     4623.790
    15:     5775.650     5777.220     9726.990     9727.330     9730.220
    20:     9764.650     9767.290     9769.070    10734.230    10734.880
    25:    10735.440
M:
     0:        1.040       62.870      427.400      561.960      578.150
     5:      950.790     2137.490     2177.160     2210.650     2653.770
    10:     2902.770     2936.660     4004.470     4112.600     4639.920
    15:     5784.810     5802.680     5813.000     5827.550     5838.540
    20:     5849.210     5860.190     5871.990     8134.620     8145.020
    25:     8155.060     8801.470     8818.610     8852.170     9714.010
    30:    10785.210    10796.370
N:
     0:      329.050      475.030     1872.050     2078.340     2078.790
     5:     2079.630     2080.620     2081.580     2082.100     2161.140
    10:     4027.590     4028.860     4030.240     4404.750     4623.790
    15:     5775.650     5777.220     9726.990     9727.330     9730.220
    20:     9764.650     9767.290     9769.070    10734.230    10734.880
    25:    10735.440
O:
     0:      428.490      430.430      579.210     2145.520     2178.510
     5:     2211.260     2211.440     2214.070     2903.320     5804.930
    10:     5807.330     5809.570     5815.600     5816.010     5819.090
    15:     5819.860     5821.130     5830.320     5831.860     5832.920
    20:     5833.860     5834.150     5835.100     5836.960     5839.620
    25:     5842.060     5843.800     5849.560     5850.710     5850.990
    30:     5853.980     5854.450     5862.020     5862.770     5863.550
    35:     5863.820     5865.450     5865.730     5867.840     5868.360
    40:     5868.500     5868.700     5868.950     5869.790     5872.380
    45:     8136.030     8136.870     8137.200     8137.450     8137.600
    50:     8139.490     8140.420     8142.520     8144.160     8145.460
    55:     8152.720     8154.430     8154.750     8157.260     8853.030
    60:     8854.790    10788.900    10793.640
P:
Q:
     0:   114293.000   234924.000   166038.000    58544.000       32.000
     5:       26.000       63.000        0.000
\Box1_Comments:



Start Date: 01/18/22
End Date: 01/18/22
Subject: 2
Experiment: heroinSA
Group: heroin
Box: 2
Start Time: 11:42:00
End Time: 15:11:03
MSN: FR_SCRIPT
D:       0.649
E:       0.351
F:      32.000
I:     202.000
J:       0.000
K:   10800.010
L:       0.000
R:       0.000
S:       0.000
T:     853.000
U:       0.000
V:       0.000
W:       1.000
X:       0.000
Y:       0.000
Z:       0.000
A:
     0:        2.000        3.000      500.000     1000.000      180.000
     5:        1.000        1.000        2.000        1.000        0.000
    10:      282.000        0.000
B:
     0:       77.000       50.000       27.000        0.000        0.000
     5:        0.000        0.000
C:
     0:        0.500     1459.600        0.500       16.600        0.500
     5:       12.600        0.500      556.600        0.500      135.600
    10:        0.500     2790.600        0.500        1.600        0.500
    15:      356.600        0.500        4.600        0.500        5.600
    20:        0.500     1186.100        0.200        0.700       95.600
    25:        0.500        0.800        7.600        0.500      497.100
    30:        0.200        0.700        0.800     2215.600        0.500
    35:      258.600        0.500       12.600        0.500      793.600
    40:        0.500      117.100        0.200        0.700        0.800
    45:      113.100        0.200        0.700        0.800     6901.600
    50:        0.500       81.100        0.200        0.700        0.800
    55:     2285.600        0.500       13.600        0.500      151.600
    60:        0.500     1959.100        0.200        0.700       39.100
    65:        0.800      157.100        0.200        0.700        0.800
    70:     4887.100        0.200        0.700        0.800      114.100
    75:        0.200        0.700        7.100        4.100       14.100
    80:        0.800      444.100        0.200        0.700        0.800
    85:     5199.100        0.200        0.700        0.800      202.100
    90:        0.200        0.700        0.800     6577.100        0.200
    95:        0.700        0.800     5650.100        0.200        0.700
   100:        0.800      123.100        0.200        0.700       58.100
   105:        0.800       82.100        0.200        0.700        0.800
   110:    11961.100        0.200        0.700        0.800      147.600
   115:        0.500      199.100        0.200        0.700       29.100
   120:        2.100        0.800     5130.100        0.200        0.700
   125:        4.100       17.100        0.800     7198.100        0.200
   130:        0.700       20.100        4.100        0.800      285.100
   135:        0.200        0.700        0.800     5779.100        0.200
   140:        0.700        0.800     1839.600        0.500       24.600
   145:        0.500       50.600        0.500      749.600        0.500
   150:      463.100        0.200        0.700        0.800      229.100
   155:        0.200        0.700        0.800      205.100        0.200
   160:        0.700        5.100        9.100        3.100       16.100
   165:        0.800     8439.600        0.500       10.600        0.500
   170:      812.100        0.200        0.700        0.800      180.100
   175:        0.200        0.700       25.100        0.800     5540.100
   180:        0.200        0.700        0.800      103.100        0.200
   185:        0.700        0.800     4329.100        0.200        0.700
   190:        0.800      516.100        0.200        0.700       23.100
   195:       11.100        0.800     7218.100        0.200        0.700
   200:        0.800      853.300
G:
     0:      652.050      711.930     1051.470     1062.740     1760.890
     5:     2201.720     2205.680     2221.340     2710.000     2721.400
    10:     2722.120     2722.520     2723.920     2768.380     3288.250
    15:     3308.470     3966.110     4531.120     4543.390     4549.190
    20:     4557.470     5753.500     5788.110     5791.000     5791.260
    25:     6304.210     6304.680     6306.350     7026.090     7028.170
    30:     7028.520     7057.020     7634.920     7947.480     7970.360
    35:     7990.820     7991.330     7992.270     7992.530     7994.120
    40:     8920.260     8938.250     8940.720     9494.770     9505.070
    45:     9937.900     9989.550     9991.850     9992.930    10714.740
H:
     0:      145.950      147.500      148.780      204.300      217.800
     5:      496.840      496.960      532.510      532.960      533.430
    10:      661.560      662.250      933.450      959.220      960.400
    15:     1039.770     1752.800     1989.400     1990.780     2005.860
    20:     5768.240     7818.830     7821.190     7826.230     7901.180
    25:     8838.030     8839.070
M:
     0:      652.050      711.930     1051.470     1062.740     1760.890
     5:     2201.720     2221.340     2710.000     2721.400     2768.380
    10:     3288.250     3308.470     3966.110     4531.120     4543.390
    15:     4557.470     5753.500     5788.110     6304.210     7026.090
    20:     7057.020     7634.920     7947.480     7970.360     7990.820
    25:     8920.260     8938.250     9494.770     9505.070     9937.900
    30:     9989.550    10714.740
N:
     0:      145.950      147.500      148.780      204.300      217.800
     5:      496.840      496.960      532.510      532.960      533.430
    10:      662.250      933.450      959.220      960.400     1039.770
    15:     1752.800     1989.400     1990.780     2005.860     5768.240
    20:     7818.830     7821.190     7826.230     7901.180     8838.030
    25:     8839.070
O:
     0:     2205.680     2722.120     2722.520     2723.920     4549.190
     5:     5791.000     5791.260     6304.680     6306.350     7028.170
    10:     7028.520     7991.330     7992.270     7992.530     7994.120
    15:     8940.720     9991.850     9992.930
P:
     0:      661.560
Q:
     0:   130817.000   168155.000   195133.000    98874.000       32.000
     5:       26.000       18.000        1.000
\Box2_Comments:



Start Date: 01/18/22
End Date: 01/18/22
Subject: 3
Experiment: heroinSA
Group: heroin
Box: 3
Start Time: 11:42:00
End Time: 15:11:03
MSN: FR_SCRIPT_box3
D:       0.636
E:       0.364
F:      19.000
I:     134.000
J:       0.000
K:   10800.010
L:       2.000
R:       0.000
S:       0.000
T:    7816.000
U:       0.000
V:       0.000
W:       0.000
X:       0.000
Y:       0.000
Z:       0.000
A:
     0:        1.000        3.000      500.000     1000.000      180.000
     5:        1.000        1.000        2.000        1.000        0.000
    10:      270.000        0.000
B:
     0:       55.000       35.000       20.000        0.000        0.000
     5:        0.000        0.000
C:
     0:        0.500     1078.600        0.500       31.600        0.500
     5:       10.600        0.500        2.600        0.500       10.600
    10:        0.500     1259.600        0.500      193.100        0.200
    15:        0.700        0.800     4558.100        0.200        0.700
    20:        9.100       26.100        0.800     1367.100        0.200
    25:        0.700        0.800      263.600        0.500       22.600
    30:        0.500     4788.100        0.200        0.700        2.100
    35:        0.800     8198.100        0.200        0.700        0.800
    40:     8262.100        0.200        0.700        0.800      112.100
    45:        0.200        0.700        0.800      337.100        0.200
    50:        0.700        0.800      185.600        0.500     8607.100
    55:        0.200        0.700       42.100        0.800     9051.100
    60:        0.200        0.700        0.800      401.600        0.500
    65:        7.600        0.500      100.100        0.200        0.700
    70:        0.800     8396.100        0.200        0.700        1.100
    75:       11.100        0.800      362.100        0.200        0.700
    80:       13.100        4.100        0.800    12766.600        0.500
    85:     2283.100        0.200        0.700        9.100       10.100
    90:        0.800     7176.100        0.200        0.700       11.100
    95:        5.100        0.800      311.100        0.200        0.700
   100:        4.100        0.800      267.600        0.500       13.600
   105:        0.500       16.600        0.500       13.600        0.500
   110:       18.600        0.500       11.600        0.500       30.600
   115:        0.500        2.600        0.500     9807.100        0.200
   120:        0.700       60.100        0.800      142.100        0.200
   125:        0.700        0.800     9511.100        0.200        0.700
   130:        5.100        7.100        0.800     7816.300
G:
     0:      258.300      714.100      714.990      717.660      854.380
     5:     1361.640     1361.830     2181.620     3007.870     3019.010
    10:     3052.700     3931.950     3936.170     4841.260     4892.040
    15:     5731.620     5731.770     5732.880     5769.070     5770.290
    20:     5770.760     7275.620     7276.530     7277.550     7995.110
    25:     7996.220     7996.780     8027.860     8028.270     9045.960
    30:     9051.950     9066.120    10017.260    10017.700    10018.470
H:
     0:      107.820      110.940      111.980      112.110      113.130
     5:      239.000      880.620      882.820     3071.280     4881.320
    10:     4882.080     7047.320     8054.980     8056.220     8057.790
    15:     8059.110     8060.960     8062.010     8065.080     8065.220
M:
     0:      258.300      714.100      854.380     1361.640     2181.620
     5:     3007.870     3019.010     3052.700     3931.950     4841.260
    10:     4892.040     5731.620     5769.070     7275.620     7995.110
    15:     8027.860     9045.960     9066.120    10017.260
N:
     0:      107.820      110.940      111.980      112.110      113.130
     5:      239.000      880.620      882.820     3071.280     4881.320
    10:     4882.080     7047.320     8054.980     8056.220     8057.790
    15:     8059.110     8060.960     8062.010     8065.080     8065.220
O:
     0:      714.990      717.660     1361.830     3936.170     5731.770
     5:     5732.880     5770.290     5770.760     7276.530     7277.550
    10:     7996.220     7996.780     8028.270     9051.950    10017.700
    15:    10018.470
P:
Q:
     0:        0.000   157038.000   208500.000   165517.000       19.000
     5:       20.000       16.000        0.000
\Box3_Comments:



Start Date: 01/18/22
End Date: 01/18/22
Subject: 4
Experiment: heroinSA
Group: heroin
Box: 4
Start Time: 11:42:00
End Time: 15:11:03
MSN: FR_SCRIPT_box4
D:       0.843
E:       0.157
F:      21.000
I:     124.000
J:       0.000
K:   10800.010
L:       2.000
R:       0.000
S:       0.000
T:    4143.000
U:       0.000
V:       0.000
W:       0.000
X:       0.000
Y:       0.000
Z:       0.000
A:
     0:        2.000        3.000      500.000     1000.000      180.000
     5:        1.000        1.000        2.000        1.000        0.000
    10:      238.000        0.000
B:
     0:       51.000       43.000        8.000        0.000        0.000
     5:        0.000        0.000
C:
     0:        0.500      732.100        0.200        0.700        0.800
     5:     1239.600        0.500      205.100        0.200        0.700
    10:       80.100        0.800     6666.100        0.200        0.700
    15:       50.100       40.100        0.800       17.100        0.200
    20:        0.700        9.100        0.800     9441.600        0.500
    25:        7.600        0.500       16.600        0.500      784.100
    30:        0.200        0.700       74.100        0.800      721.600
    35:        0.500       20.600        0.500      964.100        0.200
    40:        0.700        0.800      314.100        0.200        0.700
    45:        0.800     6199.100        0.200        0.700        0.800
    50:     4838.100        0.200        0.700       34.100        0.800
    55:     8746.100        0.200        0.700        0.800     3801.100
    60:        0.200        0.700        0.800     8512.100        0.200
    65:        0.700       12.100       15.100        0.800      400.100
    70:        0.200        0.700        3.100       39.100        0.800
    75:     7816.100        0.200        0.700        5.100       28.100
    80:        0.800      113.600        0.500     4360.100        0.200
    85:        0.700        0.800     5948.100        0.200        0.700
    90:        3.100        8.100        0.800      936.100        0.200
    95:        0.700        4.100       31.100       31.100        0.800
   100:    12230.100        0.200        0.700        0.800     5542.100
   105:        0.200        0.700       36.100        7.100        0.800
   110:     6512.100        0.200        0.700        9.100        0.800
   115:     5504.600        0.500      742.100        0.200        0.700
   120:        3.100       11.100        0.800     4143.300
G:
     0:       73.230      217.680      225.680      892.220      897.280
     5:      901.280      902.980      903.830     1928.610     1936.080
    10:     2106.490     2137.970     2757.790     3241.590     3245.010
    15:     4119.680     4499.750     5350.950     5352.150     5353.670
    20:     5393.660     5393.940     5397.860     6179.400     6179.940
    25:     6182.700     6630.080     7224.870     7225.150     7225.950
    30:     7319.540     7319.930     7323.010     7326.130     8549.170
    35:     9103.350     9106.910     9107.660     9758.830     9759.710
    40:    10384.330    10384.670    10385.720
H:
     0:      197.100     1847.890     1848.660     1850.190     2008.160
     5:     2010.160     6194.020    10310.100
M:
     0:       73.230      217.680      892.220      902.980     1928.610
     5:     2106.490     2137.970     2757.790     3241.590     4119.680
    10:     4499.750     5350.950     5393.660     6179.400     6630.080
    15:     7224.870     7319.540     8549.170     9103.350     9758.830
    20:    10384.330
N:
     0:      197.100     1847.890     1848.660     1850.190     2008.160
     5:     2010.160     6194.020    10310.100
O:
     0:      225.680      897.280      901.280      903.830     1936.080
     5:     3245.010     5352.150     5353.670     5393.940     5397.860
    10:     6179.940     6182.700     7225.150     7225.950     7319.930
    15:     7323.010     7326.130     9106.910     9107.660     9759.710
    20:    10384.670    10385.720
P:
Q:
     0:   158561.000   148000.000   129875.000    74857.000       21.000
     5:        8.000       22.000        0.000
\Box4_Comments:



Start Date: 01/18/22
End Date: 01/18/22
Subject: 5
Experiment: heroinSA
Group: heroin
Box: 5
Start Time: 11:42:00
End Time: 15:11:03
MSN: FR_SCRIPT
D:       0.815
E:       0.185
F:      36.000
I:     174.000
J:       0.000
K:   10800.010
L:       0.000
R:       0.000
S:       0.000
T:    1571.000
U:       0.000
V:       0.000
W:       0.000
X:       0.000
Y:       0.000
Z:       0.000
A:
     0:        1.000        3.000      500.000     1000.000      180.000
     5:        1.000        1.000        2.000        1.000        0.000
    10:      280.000        0.000
B:
     0:       54.000       44.000       10.000        0.000        0.000
     5:        0.000        0.000
C:
     0:        0.500     2229.600        0.500       23.600        0.500
     5:      815.600        0.500     4390.600        0.500     1170.100
    10:        0.200        0.700        0.800      107.100        0.200
    15:        0.700        0.800     6042.100        0.200        0.700
    20:       12.100       27.100        0.800      105.600        0.500
    25:     6720.100        0.200        0.700        0.800      636.100
    30:        0.200        0.700       29.100        0.800     3156.100
    35:        0.200        0.700        0.800      703.100        0.200
    40:        0.700        0.800     3688.100        0.200        0.700
    45:        0.800      907.100        0.200        0.700        0.800
    50:      326.100        0.200        0.700        0.800     4779.100
    55:        0.200        0.700        0.800     3170.100        0.200
    60:        0.700        0.800      389.100        0.200        0.700
    65:        0.800      115.100        0.200        0.700       11.100
    70:        0.800     8735.100        0.200        0.700        0.800
    75:     1993.100        0.200        0.700        0.800      285.100
    80:        0.200        0.700        0.800      118.100        0.200
    85:        0.700       51.600        0.500        0.800      127.100
    90:        0.200        0.700        0.800     8216.100        0.200
    95:        0.700        0.800      115.100        0.200        0.700
   100:        0.800     9498.100        0.200        0.700        0.800
   105:     6457.100        0.200        0.700       87.100        0.800
   110:       36.600        0.500        9.600        0.500       89.100
   115:        0.200        0.700        0.800      311.100        0.200
   120:        0.700       17.100        0.800      335.100        0.200
   125:        0.700        0.800     5903.100        0.200        0.700
   130:        0.800     1586.100        0.200        0.700        0.800
   135:     1021.100        0.200        0.700        0.800     2010.100
   140:        0.200        0.700        9.100        0.800      461.100
   145:        0.200        0.700        0.800      230.600        0.500
   150:     2885.100        0.200        0.700       11.100        0.800
   155:     7450.100        0.200        0.700        0.800      289.600
   160:        0.500      131.100        0.200        0.700        0.800
   165:     6951.100        0.200        0.700        0.800     1464.100
   170:        0.200        0.700        0.800     1571.300
G:
     0:      862.760      873.430     1477.680     1478.870     1481.540
     5:     2164.020     2227.650     2230.530     2546.090     2616.410
    10:     2985.280     3075.910     3108.570     3586.420     3903.420
    15:     3942.350     3953.880     3954.920     4828.410     5027.710
    20:     5056.250     5068.000     5085.850     5907.440     5918.920
    25:     6868.720     7514.440     7523.180     7536.510     7567.670
    30:     7569.370     7602.870     8193.100     8351.780     8453.840
    35:     8654.810     8655.760     8701.850     9013.350     9014.450
    40:     9759.420     9801.430    10496.530    10642.920
H:
     0:      222.950      225.250      306.720      745.770     1492.050
     5:     5073.090     7526.750     7527.600     8724.800     9788.310
M:
     0:      862.760      873.430     1477.680     2164.020     2227.650
     5:     2546.090     2616.410     2985.280     3075.910     3108.570
    10:     3586.420     3903.420     3942.350     3953.880     4828.410
    15:     5027.710     5056.250     5068.000     5085.850     5907.440
    20:     5918.920     6868.720     7514.440     7536.510     7567.670
    25:     7602.870     8193.100     8351.780     8453.840     8654.810
    30:     8701.850     9013.350     9759.420     9801.430    10496.530
    35:    10642.920
N:
     0:      222.950      225.250      306.720      745.770     1492.050
     5:     7526.750     7527.600     8724.800     9788.310
O:
     0:     1478.870     1481.540     2230.530     3954.920     7523.180
     5:     7569.370     8655.760     9014.450
P:
     0:     5073.090
Q:
     0:   137394.000   261594.000   196684.000    71542.000       36.000
     5:        9.000        8.000        1.000
\Box5_Comments:



Start Date: 01/18/22
End Date: 01/18/22
Subject: 6
Experiment: heroinSA
Group: heroin
Box: 6
Start Time: 11:42:00
End Time: 15:11:03
MSN: FR_SCRIPT
D:       0.947
E:       0.053
F:      42.000
I:     266.000
J:       0.000
K:   10800.010
L:       4.000
R:       0.000
S:       0.000
T:    1618.000
U:       0.000
V:       0.000
W:       0.000
X:       0.000
Y:       0.000
Z:       0.000
A:
     0:        2.000        3.000      500.000     1000.000      180.000
     5:        1.000        1.000        2.000        1.000        0.000
    10:      261.000        0.000
B:
     0:      131.000      124.000        7.000        0.000        0.000
     5:        0.000        0.000
C:
     0:        0.500     3560.600        0.500      243.100        0.200
     5:        0.700       29.100        0.800      814.100        0.200
    10:        0.700        0.800     5870.100        0.200        0.700
    15:       31.100       15.100       38.100        0.800       21.100
    20:        0.200        0.700        0.800     9627.100        0.200
    25:        0.700       33.100        0.800      221.100        0.200
    30:        0.700        0.800      110.100        0.200        0.700
    35:        3.100       14.100        0.800      133.100        0.200
    40:        0.700        2.100        0.800      263.100        0.200
    45:        0.700        4.100       16.100        0.800      316.100
    50:        0.200        0.700        0.800     7597.100        0.200
    55:        0.700        3.100        5.100       32.100        0.800
    60:      287.100        0.200        0.700        6.100        0.800
    65:     5431.100        0.200        0.700        8.100        3.100
    70:        6.100        0.800      739.100        0.200        0.700
    75:       95.100        0.800     4205.100        0.200        0.700
    80:       31.100       12.100        2.100        0.800      972.100
    85:        0.200        0.700        0.800     6046.100        0.200
    90:        0.700       19.100        0.800      232.600        0.500
    95:       28.600        0.500       11.600        0.500        5.600
   100:        0.500       18.600        0.500       38.600        0.500
   105:       94.100        0.200        0.700       28.100        0.800
   110:     5301.100        0.200        0.700       59.100        0.800
   115:     4214.100        0.200        0.700       31.100       19.100
   120:        1.100       12.100        9.100        4.100        0.800
   125:       27.100        0.200        0.700        8.100        0.800
   130:     1040.100        0.200        0.700       11.100       28.100
   135:        0.800      171.100        0.200        0.700        6.100
   140:        7.100        0.800     5925.100        0.200        0.700
   145:       11.100        0.800      317.100        0.200        0.700
   150:       26.100       23.100       10.100       13.100       27.100
   155:        0.800       19.100        0.200        0.700       17.100
   160:        7.100       15.100       35.100        0.800      106.100
   165:        0.200        0.700       25.100       67.100        0.800
   170:     2025.100        0.200        0.700        0.800     5069.100
   175:        0.200        0.700       51.100       16.100        0.800
   180:       85.100        0.200        0.700       15.100       31.100
   185:       41.100        2.100        0.800       18.100        0.200
   190:        0.700       18.100        4.100        0.800     7223.100
   195:        0.200        0.700       40.100        0.800     3489.100
   200:        0.200        0.700       22.100        9.100       16.100
   205:        0.800      106.100        0.200        0.700       87.100
   210:        0.800      152.100        0.200        0.700       14.100
   215:       11.100       11.100        4.100        0.800     5298.100
   220:        0.200        0.700       35.100       16.100        0.800
   225:     3331.100        0.200        0.700       23.100        0.800
   230:     2808.100        0.200        0.700       23.100        0.800
   235:     1051.100        0.200        0.700        1.100       10.100
   240:        6.100        2.100        0.800     6101.100        0.200
   245:        0.700       25.100        3.100        0.800     4053.100
   250:        0.200        0.700       38.100       31.100       17.100
   255:        7.100        0.800       16.100        0.200        0.700
   260:        5.100        5.100        7.100        4.100        0.800
   265:     1618.300
G:
     0:      380.290      383.250      464.660     1051.620     1054.760
     5:     1056.230     1060.080     1062.090     2024.850     2028.170
    10:     2050.190     2061.260     2061.520     2062.980     2076.270
    15:     2076.390     2102.750     2103.150     2104.770     2136.380
    20:     2896.050     2896.360     2896.830     2899.990     2928.720
    25:     2929.300     3472.480     3473.230     3473.520     3474.120
    30:     3548.070     3557.550     3978.020     3981.130     3982.350
    35:     3982.490     4079.740     4684.330     4686.260     4728.850
    40:     4731.610     5261.710     5267.640     5689.040     5692.180
    45:     5693.990     5694.120     5695.320     5696.280     5696.600
    50:     5699.330     5700.160     5804.160     5805.240     5808.070
    55:     5825.180     5825.760     5826.410     6418.950     6420.060
    60:     6451.770     6454.290     6456.630     6457.680     6458.970
    65:     6461.600     6463.570     6465.230     6465.900     6467.480
    70:     6470.940     6481.540     6484.080     6490.760     6693.260
    75:     7200.140     7205.190     7206.880     7215.370     7216.850
    80:     7219.960     7223.990     7224.260     7226.000     7227.820
    85:     7228.230     7950.490     7954.570     8303.420     8305.610
    90:     8306.580     8308.090     8318.750     8327.390     8342.600
    95:     8344.010     8345.100     8346.200     8346.680     8876.450
   100:     8879.940     8881.580     9214.630     9216.980     9497.720
   105:     9500.030     9605.170     9605.280     9606.230     9606.840
   110:     9607.050    10217.180    10219.650    10219.930    10625.280
   115:    10629.030    10632.100    10633.820    10634.530    10636.130
   120:    10636.660    10637.140    10637.840    10638.250
H:
     0:      356.010     4709.450     4712.230     4713.380     4713.860
     5:     4715.610     4719.480
M:
     0:      380.290      464.660     1051.620     1062.090     2024.850
     5:     2050.190     2061.260     2076.270     2102.750     2136.380
    10:     2896.050     2928.720     3472.480     3548.070     3978.020
    15:     4079.740     4684.330     4728.850     5261.710     5689.040
    20:     5699.330     5804.160     5825.180     6418.950     6451.770
    25:     6463.570     6481.540     6693.260     7200.140     7215.370
    30:     7226.000     7950.490     8303.420     8318.750     8342.600
    35:     8876.450     9214.630     9497.720     9605.170    10217.180
    40:    10625.280    10636.130
N:
     0:      356.010     4709.450     4712.230     4713.380     4713.860
     5:     4715.610     4719.480
O:
     0:      383.250     1054.760     1056.230     1060.080     2028.170
     5:     2061.520     2062.980     2076.390     2103.150     2104.770
    10:     2896.360     2896.830     2899.990     2929.300     3473.230
    15:     3473.520     3474.120     3557.550     3981.130     3982.350
    20:     3982.490     4686.260     4731.610     5267.640     5692.180
    25:     5693.990     5694.120     5695.320     5696.280     5696.600
    30:     5700.160     5805.240     5808.070     5825.760     5826.410
    35:     6420.060     6454.290     6456.630     6457.680     6458.970
    40:     6461.600     6465.230     6465.900     6467.480     6470.940
    45:     6484.080     6490.760     7205.190     7206.880     7216.850
    50:     7219.960     7223.990     7224.260     7227.820     7228.230
    55:     7954.570     8305.610     8306.580     8308.090     8327.390
    60:     8344.010     8345.100     8346.200     8346.680     8879.940
    65:     8881.580     9216.980     9500.030     9605.280     9606.230
    70:     9606.840     9607.050    10219.650    10219.930    10629.030
    75:    10632.100    10633.820    10634.530    10636.660    10637.140
    80:    10637.840    10638.250
P:
Q:
     0:   274704.000   143331.000    70823.000    12460.000       42.000
     5:        7.000       82.000        0.000
\Box6_Comments:



Start Date: 01/18/22
End Date: 01/18/22
Subject: 7
Experiment: heroinSA
Group: heroin
Box: 7
Start Time: 11:42:00
End Time: 15:11:03
MSN: FR_SCRIPT
D:       0.789
E:       0.211
F:      32.000
I:     184.000
J:       0.000
K:   10800.010
L:       0.000
R:       0.000
S:       0.000
T:     618.000
U:       0.000
V:       0.000
W:       0.000
X:       0.000
Y:       0.000
Z:       0.000
A:
     0:        1.000        3.000      500.000     1000.000      180.000
     5:        1.000        1.000        2.000        1.000        0.000
    10:      285.000        0.000
B:
     0:       71.000       56.000       15.000        0.000        0.000
     5:        0.000        0.000
C:
     0:        0.500     2917.600        0.500        8.600        0.500
     5:     1267.100        0.200        0.700        9.100        0.800
    10:     1068.600        0.500        9.600        0.500       18.600
    15:        0.500     1532.600        0.500        6.600        0.500
    20:        8.600        0.500      719.100        0.200        0.700
    25:       53.600        0.500        7.600        0.500        0.800
    30:      416.600        0.500        3.600        0.500       45.100
    35:        0.200        0.700        0.800     3411.100        0.200
    40:        0.700        3.100        0.800     2270.100        0.200
    45:        0.700       65.600        0.500        9.600        0.500
    50:        0.800     9539.100        0.200        0.700       27.100
    55:        0.800      561.100        0.200        0.700        0.800
    60:     1149.100        0.200        0.700        0.800      192.100
    65:        0.200        0.700        0.800     4818.100        0.200
    70:        0.700        0.800      438.100        0.200        0.700
    75:        0.800      680.100        0.200        0.700        0.800
    80:     5061.100        0.200        0.700        0.800     4345.100
    85:        0.200        0.700        0.800      501.100        0.200
    90:        0.700        0.800     7070.100        0.200        0.700
    95:        0.800     2406.100        0.200        0.700        0.800
   100:     1698.100        0.200        0.700        0.800      181.100
   105:        0.200        0.700        0.800     9704.100        0.200
   110:        0.700       31.100       18.100        0.800    10762.100
   115:        0.200        0.700       20.100        8.100        0.800
   120:     5669.100        0.200        0.700        2.100       22.100
   125:        0.800       92.100        0.200        0.700        0.800
   130:      652.100        0.200        0.700        0.800      144.100
   135:        0.200        0.700        0.800      105.100        0.200
   140:        0.700       22.100       78.100        0.800       49.100
   145:        0.200        0.700       26.100       23.100        2.100
   150:        0.800    15522.100        0.200        0.700       67.100
   155:       32.100        0.800        5.100        0.200        0.700
   160:       12.100        9.100        5.100        3.100        7.100
   165:        6.100       14.100        0.800       51.100        0.200
   170:        0.700       58.100        0.800       97.100        0.200
   175:        0.700        0.800    11442.100        0.200        0.700
   180:        0.800      114.600        0.500      618.300
G:
     0:      419.260      420.090      756.110      808.500     1149.650
     5:     1149.960     1376.980     2338.260     2340.960     2397.000
    10:     2511.890     2531.150     3012.900     3056.750     3124.710
    15:     3630.810     4065.300     4115.450     4822.470     5063.010
    20:     5232.850     5250.980     6221.290     6224.480     6226.210
    25:     7302.390     7304.400     7305.270     7872.110     7872.340
    30:     7874.510     7883.770     7948.910     7963.330     7973.840
    35:     7976.040     7983.830     7988.750     7991.290     7993.610
    40:     7993.830     9545.990     9552.700     9555.980     9556.440
    45:     9557.670     9558.540     9559.080     9559.320     9560.010
    50:     9560.640     9562.060     9567.090     9572.920     9582.630
    55:    10726.860
H:
     0:      291.720      292.580      526.930      527.800      529.590
     5:      682.790      683.430      684.190      761.430      762.170
    10:      803.760      804.030     1383.440     1384.350    10738.220
M:
     0:      419.260      756.110      808.500     1149.650     1376.980
     5:     2338.260     2397.000     2511.890     2531.150     3012.900
    10:     3056.750     3124.710     3630.810     4065.300     4115.450
    15:     4822.470     5063.010     5232.850     5250.980     6221.290
    20:     7302.390     7872.110     7883.770     7948.910     7963.330
    25:     7973.840     7988.750     9545.990     9556.440     9567.090
    30:     9582.630    10726.860
N:
     0:      291.720      292.580      526.930      527.800      529.590
     5:      682.790      683.430      684.190      803.760      804.030
    10:    10738.220
O:
     0:      420.090     1149.960     2340.960     6224.480     6226.210
     5:     7304.400     7305.270     7872.340     7874.510     7976.040
    10:     7983.830     7991.290     7993.610     7993.830     9552.700
    15:     9555.980     9557.670     9558.540     9559.080     9559.320
    20:     9560.010     9560.640     9562.060     9572.920
P:
     0:      761.430      762.170     1383.440     1384.350
Q:
     0:   127961.000   144771.000   162462.000   160747.000       32.000
     5:       11.000       24.000        4.000
\Box7_Comments:



Start Date: 01/18/22
End Date: 01/18/22
Subject: 8
Experiment: heroinSA
Group: heroin
Box: 8
Start Time: 11:42:00
End Time: 15:11:03
MSN: FR_SCRIPT
D:       0.902
E:       0.098
F:      34.000
I:     216.000
J:       0.000
K:   10800.010
L:       0.000
R:       0.000
S:       0.000
T:    2508.000
U:       0.000
V:       0.000
W:       0.000
X:       0.000
Y:       0.000
Z:       0.000
A:
     0:        2.000        3.000      500.000     1000.000      180.000
     5:        1.000        1.000        2.000        1.000        0.000
    10:      243.000        0.000
B:
     0:      102.000       92.000       10.000        0.000        0.000
     5:        0.000        0.000
C:
     0:        0.500      783.600        0.500     1586.100        0.200
     5:        0.700        0.800     1813.600        0.500        6.600
    10:        0.500        5.600        0.500       12.600        0.500
    15:     1824.100        0.200        0.700        7.100       31.100
    20:        0.800      772.600        0.500     1614.600        0.500
    25:     3516.100        0.200        0.700        0.800     5442.600
    30:        0.500       18.600        0.500      255.100        0.200
    35:        0.700        0.800     3122.100        0.200        0.700
    40:        0.800      402.100        0.200        0.700       19.100
    45:        0.800      114.100        0.200        0.700       11.100
    50:        0.800      137.100        0.200        0.700       43.100
    55:        0.800     2430.100        0.200        0.700        0.800
    60:     6788.100        0.200        0.700        0.800      970.100
    65:        0.200        0.700        0.800     6954.100        0.200
    70:        0.700        0.800     1502.100        0.200        0.700
    75:        0.800     5182.100        0.200        0.700        0.800
    80:     2457.100        0.200        0.700        0.800     5246.100
    85:        0.200        0.700        0.800     5826.100        0.200
    90:        0.700        0.800     7935.600        0.500      148.100
    95:        0.200        0.700        7.100        2.100       19.100
   100:       20.100       13.100        5.100       23.100        9.100
   105:        0.800       15.100        0.200        0.700       20.100
   110:        7.100        6.100        0.800      123.100        0.200
   115:        0.700       35.100        0.800      134.100        0.200
   120:        0.700       31.100       23.100       31.100        4.100
   125:        0.800    11493.100        0.200        0.700        9.100
   130:       28.100        0.800       71.100        0.200        0.700
   135:        3.100        7.100       18.100        6.100       57.100
   140:        0.800       20.100        0.200        0.700       30.100
   145:        8.100       25.100        0.800     3480.100        0.200
   150:        0.700       45.100        7.100        0.800       62.100
   155:        0.200        0.700        5.100        4.100       55.100
   160:        0.800     1637.100        0.200        0.700        2.100
   165:       38.100       24.100        0.800       45.100        0.200
   170:        0.700        5.100        6.100       21.100       14.100
   175:        5.100       15.100       19.100        0.800       26.100
   180:        0.200        0.700       14.100       15.100        0.800
   185:     9615.100        0.200        0.700       34.100        4.100
   190:        0.800       87.100        0.200        0.700       14.100
   195:        0.800     3662.100        0.200        0.700       16.100
   200:        6.100       47.100        0.800     7091.100        0.200
   205:        0.700       34.100        9.100       26.100       25.100
   210:        0.800        6.100        0.200        0.700        0.800
   215:     2508.300
G:
     0:      236.950      602.900      603.640      606.780     1196.920
     5:     1768.440     2080.680     2120.870     2122.690     2134.090
    10:     2135.240     2148.960     2153.240     2396.230     3075.000
    15:     3172.070     3867.460     4017.600     4535.850     4781.570
    20:     5306.130     5888.780     6697.000     6697.720     6697.910
    25:     6699.790     6701.880     6703.100     6703.670     6705.940
    30:     6706.850     6708.340     6710.360     6711.000     6711.600
    35:     6723.940     6727.420     6740.810     6743.900     6746.240
    40:     6749.320     6749.690     7899.050     7899.900     7902.750
    45:     7909.850     7910.130     7910.880     7912.660     7913.230
    50:     7918.960     7920.960     7923.950     7924.760     7927.280
    55:     8275.280     8279.720     8280.480     8286.640     8287.170
    60:     8287.580     8292.990     8456.710     8456.940     8460.740
    65:     8463.150     8467.680     8468.140     8468.720     8470.800
    70:     8472.190     8472.770     8474.210     8476.130     8478.770
    75:     8480.180     8481.610     9443.170     9446.510     9446.920
    80:     9455.640     9457.040     9823.210     9824.790     9825.460
    85:     9830.140    10539.220    10542.590    10543.490    10546.150
    90:    10548.610    10549.270
H:
     0:       78.340      418.220      418.880      419.360      420.570
     5:      683.940      845.360     1741.120     1742.960     6682.240
M:
     0:      236.950      602.900     1196.920     1768.440     2080.680
     5:     2120.870     2134.090     2148.960     2396.230     3075.000
    10:     3172.070     3867.460     4017.600     4535.850     4781.570
    15:     5306.130     5888.780     6697.000     6708.340     6723.940
    20:     6740.810     7899.050     7909.850     7920.960     8275.280
    25:     8286.640     8456.710     8467.680     8478.770     9443.170
    30:     9455.640     9823.210    10539.220    10549.270
N:
     0:       78.340      418.220      418.880      419.360      420.570
     5:      683.940      845.360     1741.120     1742.960     6682.240
O:
     0:      603.640      606.780     2122.690     2135.240     2153.240
     5:     6697.720     6697.910     6699.790     6701.880     6703.100
    10:     6703.670     6705.940     6706.850     6710.360     6711.000
    15:     6711.600     6727.420     6743.900     6746.240     6749.320
    20:     6749.690     7899.900     7902.750     7910.130     7910.880
    25:     7912.660     7913.230     7918.960     7923.950     7924.760
    30:     7927.280     8279.720     8280.480     8287.170     8287.580
    35:     8292.990     8456.940     8460.740     8463.150     8468.140
    40:     8468.720     8470.800     8472.190     8472.770     8474.210
    45:     8476.130     8480.180     8481.610     9446.510     9446.920
    50:     9457.040     9824.790     9825.460     9830.140    10542.590
    55:    10543.490    10546.150    10548.610
P:
Q:
     0:   172526.000   254897.000   140453.000    34142.000       34.000
     5:       10.000       58.000        0.000
\Box8_Comments:



Start Date: 01/18/22
End Date: 01/18/22
Subject: 9
Experiment: heroinSA
Group: heroin
Box: 9
Start Time: 11:42:00
End Time: 15:11:03
MSN: FR_SCRIPT
D:       0.906
E:       0.094
F:      37.000
I:     218.000
J:       0.000
K:   10800.010
L:       2.000
R:       0.000
S:       0.000
T:    3317.000
U:       0.000
V:       1.000
W:       0.000
X:       0.000
Y:       0.000
Z:       0.000
A:
     0:        1.000        3.000      500.000     1000.000      180.000
     5:        1.000        1.000        2.000        1.000        0.000
    10:      269.000        0.000
B:
     0:       96.000       87.000        9.000        0.000        0.000
     5:        0.000        0.000
C:
     0:        0.500      300.100        0.200        0.700        0.800
     5:      880.600        0.500      669.600        0.500      598.600
    10:        0.500       32.600        0.500      684.600        0.500
    15:     5408.100        0.200        0.700       83.100        0.800
    20:      670.600        0.500        5.600        0.500        7.600
    25:        0.500      638.600        0.500     6403.100        0.200
    30:        0.700        0.800      531.100        0.200        0.700
    35:       12.100       16.100        3.100        3.100        3.100
    40:        0.800     1774.100        0.200        0.700        0.800
    45:      141.100        0.200        0.700        0.800      146.100
    50:        0.200        0.700       95.100        0.800     7548.100
    55:        0.200        0.700       15.100        9.100        0.800
    60:      771.100        0.200        0.700        0.800      211.100
    65:        0.200        0.700        0.800      367.100        0.200
    70:        0.700       14.100        0.800       96.100        0.200
    75:        0.700       46.100        0.800     6149.100        0.200
    80:        0.700        0.800      210.100        0.200        0.700
    85:       94.100        0.800     3845.100        0.200        0.700
    90:        0.800      850.100        0.200        0.700       42.100
    95:        0.800      521.100        0.200        0.700       13.100
   100:        1.100       10.100        0.800      240.100        0.200
   105:        0.700        5.100       38.100        0.800     7773.100
   110:        0.200        0.700        0.800      159.100        0.200
   115:        0.700       31.100        0.800      127.100        0.200
   120:        0.700       23.100       25.100        0.800       85.100
   125:        0.200        0.700       19.100        3.100       13.100
   130:        0.800     5139.100        0.200        0.700       10.100
   135:        8.100       33.100        0.800     5850.100        0.200
   140:        0.700        4.100       27.100        0.800     9639.100
   145:        0.200        0.700       12.100        4.100       41.100
   150:       12.100        0.800     6627.100        0.200        0.700
   155:        6.100        8.100       11.100       11.100        0.800
   160:     1471.100        0.200        0.700        8.100       22.100
   165:        0.800     1346.100        0.200        0.700        0.800
   170:     8227.100        0.200        0.700        0.800      651.100
   175:        0.200        0.700        6.100        9.100        0.800
   180:      393.100        0.200        0.700        4.100        0.800
   185:     8036.100        0.200        0.700       14.100        2.100
   190:       22.100        0.800      559.100        0.200        0.700
   195:       17.100        0.800      118.100        0.200        0.700
   200:        0.800     6404.100        0.200        0.700       12.100
   205:        3.100        0.800      590.100        0.200        0.700
   210:        0.800      855.100        0.200        0.700       16.100
   215:        2.100        0.800     3317.300
G:
     0:       30.010      857.160      865.400     1637.700     1690.790
     5:     1692.040     1693.640     1693.980     1694.200     1694.560
    10:     1871.900     1886.050     1900.620     1910.140     2664.900
    15:     2666.390     2667.290     2744.470     2765.530     2802.190
    20:     2803.600     2813.230     2817.790     3432.710     3453.740
    25:     3463.130     3847.640     3932.610     3936.800     3988.950
    30:     3990.190     3990.340     3991.310     4015.380     4015.850
    35:     4019.670     4796.900     4812.860     4815.900     4828.670
    40:     4830.910     4833.470     4841.920     4843.800     4844.130
    45:     4845.400     5359.370     5360.320     5361.120     5364.410
    50:     5949.440     5949.790     5952.580     6916.390     6917.640
    55:     6918.050     6922.140     6923.300     7586.000     7586.660
    60:     7587.470     7588.540     7589.650     7736.760     7737.540
    65:     7739.690     7874.360     8697.050     8762.160     8762.690
    70:     8763.600     8802.980     8803.310     9606.920     9608.350
    75:     9608.490     9610.770     9666.620     9668.310     9680.090
    80:    10320.490    10321.730    10322.070    10381.050    10466.540
    85:    10468.100    10468.310
H:
     0:      118.080      184.960      244.730      247.900      316.340
     5:      932.480      932.890      933.650      997.420
M:
     0:       30.010      857.160     1637.700     1690.790     1871.900
     5:     1886.050     1900.620     2664.900     2744.470     2765.530
    10:     2802.190     2813.230     3432.710     3453.740     3847.640
    15:     3932.610     3988.950     4015.380     4796.900     4812.860
    20:     4828.670     4841.920     5359.370     5949.440     6916.390
    25:     7586.000     7736.760     7874.360     8697.050     8762.160
    30:     8802.980     9606.920     9666.620     9680.090    10320.490
    35:    10381.050    10466.540
N:
     0:      118.080      184.960      244.730      247.900      316.340
     5:      932.480      932.890      933.650      997.420
O:
     0:      865.400     1692.040     1693.640     1693.980     1694.200
     5:     1694.560     1910.140     2666.390     2667.290     2803.600
    10:     2817.790     3463.130     3936.800     3990.190     3990.340
    15:     3991.310     4015.850     4019.670     4815.900     4830.910
    20:     4833.470     4843.800     4844.130     4845.400     5360.320
    25:     5361.120     5364.410     5949.790     5952.580     6917.640
    30:     6918.050     6922.140     6923.300     7586.660     7587.470
    35:     7588.540     7589.650     7737.540     7739.690     8762.690
    40:     8763.600     8803.310     9608.350     9608.490     9610.770
    45:     9668.310    10321.730    10322.070    10468.100    10468.310
P:
Q:
     0:   210246.000   246788.000   104205.000    35319.000       37.000
     5:        9.000       50.000        0.000
\Box9_Comments:



Start Date: 01/18/22
End Date: 01/18/22
Subject: 10
Experiment: heroinSA
Group: saline
Box: 10
Start Time: 11:42:00
End Time: 15:11:03
MSN: FR_SCRIPT
D:       0.903
E:       0.097
F:      44.000
I:     270.000
J:       0.000
K:   10800.010
L:       0.000
R:       0.000
S:       0.000
T:   11830.000
U:       0.000
V:       0.000
W:       0.000
X:       0.000
Y:       0.000
Z:       0.000
A:
     0:        2.000        3.000      500.000     1000.000      180.000
     5:        1.000        1.000        2.000        1.000        0.000
    10:      251.000        0.000
B:
     0:      124.000      112.000       12.000        0.000        0.000
     5:        0.000        0.000
C:
     0:        0.500       79.100        0.200        0.700       41.100
     5:        0.800     1225.600        0.500       18.600        0.500
    10:       11.600        0.500       66.100        0.200        0.700
    15:       56.100        0.800     1260.100        0.200        0.700
    20:       34.100        0.800     2692.600        0.500       71.100
    25:        0.200        0.700        0.800      203.100        0.200
    30:        0.700        0.800     1536.100        0.200        0.700
    35:        0.800      612.100        0.200        0.700       73.100
    40:        0.800     7300.100        0.200        0.700        3.100
    45:       64.600        0.500        0.800     1457.100        0.200
    50:        0.700        0.800     3817.100        0.200        0.700
    55:        0.800      278.100        0.200        0.700       39.100
    60:        4.100        0.800      654.100        0.200        0.700
    65:        0.800     5771.100        0.200        0.700       97.100
    70:        0.800      220.100        0.200        0.700        0.800
    75:     3985.100        0.200        0.700        0.800      127.100
    80:        0.200        0.700        0.800      164.600        0.500
    85:       89.100        0.200        0.700        0.800     1350.100
    90:        0.200        0.700       60.100        0.800       52.100
    95:        0.200        0.700       43.100       27.100        6.100
   100:        3.100        4.100       11.100        0.800       25.100
   105:        0.200        0.700       20.100       21.100        2.100
   110:        3.100        5.100        4.100       16.100        1.100
   115:        6.100        0.800      608.100        0.200        0.700
   120:       43.100        8.100        4.100        0.800       48.100
   125:        0.200        0.700        7.100       10.100       25.100
   130:        2.100        6.100       37.100        2.100        4.100
   135:        2.100        5.100        0.800        7.100        0.200
   140:        0.700        0.800      109.100        0.200        0.700
   145:        5.100       39.100       17.100        6.100        0.800
   150:     1326.100        0.200        0.700       23.100        0.800
   155:     1184.100        0.200        0.700        0.800     2272.100
   160:        0.200        0.700        0.800      383.100        0.200
   165:        0.700       12.100        4.100        8.100        0.800
   170:     2101.100        0.200        0.700        3.100        0.800
   175:      706.100        0.200        0.700        0.800     7645.100
   180:        0.200        0.700       35.100        0.800       68.100
   185:        0.200        0.700       20.100        5.100       19.100
   190:       11.100        8.100        9.100       12.100        2.100
   195:       11.100        0.800       47.100        0.200        0.700
   200:        9.100       11.100        6.100       15.100        0.800
   205:     5661.100        0.200        0.700        0.800     2571.100
   210:        0.200        0.700       15.100        6.100       27.100
   215:        0.800      733.100        0.200        0.700        0.800
   220:     1033.600        0.500        5.600        0.500        8.600
   225:        0.500      569.100        0.200        0.700       12.100
   230:        0.800      119.100        0.200        0.700        1.100
   235:        0.800      420.100        0.200        0.700       42.100
   240:        0.800      107.100        0.200        0.700        0.800
   245:      288.100        0.200        0.700       44.100       34.100
   250:        0.800       67.100        0.200        0.700        0.800
   255:     8874.100        0.200        0.700        0.800    16471.100
   260:        0.200        0.700        0.800     8396.600        0.500
   265:       10.600        0.500        3.600        0.500    11830.300
G:
     0:        7.980       12.080      144.070      149.630      275.620
     5:      279.030      555.380      575.630      729.200      790.420
    10:      797.780     1527.720     1527.990     1680.100     2061.870
    15:     2089.590     2093.530     2093.900     2159.340     2736.400
    20:     2746.180     2768.120     3166.670     3179.330     3204.620
    25:     3339.590     3345.660     3350.840     3355.160     3357.860
    30:     3358.390     3358.710     3359.150     3360.240     3362.760
    35:     3364.710     3366.820     3367.000     3367.340     3367.830
    40:     3368.210     3369.810     3369.970     3370.540     3431.300
    45:     3435.600     3436.460     3436.880     3441.630     3442.380
    50:     3443.340     3445.850     3446.010     3446.680     3450.330
    55:     3450.530     3450.940     3451.100     3451.600     3452.300
    60:     3463.250     3463.710     3467.650     3469.330     3469.920
    65:     3602.520     3604.820     3723.260     3950.390     3988.760
    70:     3989.950     3990.300     3991.110     4201.200     4201.580
    75:     4272.180     5036.670     5040.110     5046.910     5048.940
    80:     5049.390     5051.350     5052.460     5053.250     5054.150
    85:     5055.330     5055.510     5056.660     5061.300     5062.210
    90:     5063.370     5063.980     5065.410     5631.530     5888.640
    95:     5890.100     5890.760     5893.460     5966.690     6128.200
   100:     6129.450     6141.290     6141.440     6183.390     6187.640
   105:     6198.380     6227.090     6231.490     6234.960     6241.590
   110:     7129.000     8776.140
H:
     0:      134.540      136.320      137.470      548.270     1534.450
     5:     3195.720     6070.080     6070.530     6071.350     9615.690
    10:     9616.690     9617.010
M:
     0:        7.980      144.070      275.620      555.380      575.630
     5:      729.200      790.420     1527.720     1680.100     2061.870
    10:     2089.590     2159.340     2736.400     2768.120     3166.670
    15:     3179.330     3204.620     3339.590     3350.840     3362.760
    20:     3431.300     3441.630     3452.300     3463.250     3602.520
    25:     3723.260     3950.390     3988.760     4201.200     4272.180
    30:     5036.670     5046.910     5061.300     5631.530     5888.640
    35:     5966.690     6128.200     6141.290     6183.390     6198.380
    40:     6227.090     6241.590     7129.000     8776.140
N:
     0:      134.540      136.320      137.470      548.270     3195.720
     5:     6070.080     6070.530     6071.350     9615.690     9616.690
    10:     9617.010
O:
     0:       12.080      149.630      279.030      797.780     1527.990
     5:     2093.530     2093.900     2746.180     3345.660     3355.160
    10:     3357.860     3358.390     3358.710     3359.150     3360.240
    15:     3364.710     3366.820     3367.000     3367.340     3367.830
    20:     3368.210     3369.810     3369.970     3370.540     3435.600
    25:     3436.460     3436.880     3442.380     3443.340     3445.850
    30:     3446.010     3446.680     3450.330     3450.530     3450.940
    35:     3451.100     3451.600     3463.710     3467.650     3469.330
    40:     3469.920     3604.820     3989.950     3990.300     3991.110
    45:     4201.580     5040.110     5048.940     5049.390     5051.350
    50:     5052.460     5053.250     5054.150     5055.330     5055.510
    55:     5056.660     5062.210     5063.370     5063.980     5065.410
    60:     5890.100     5890.760     5893.460     6129.450     6141.440
    65:     6187.640     6231.490     6234.960
P:
     0:     1534.450
Q:
     0:   119466.000   144746.000   151453.000   151496.000       44.000
     5:       11.000       68.000        1.000
\Box10_Comments:



Start Date: 01/18/22
End Date: 01/18/22
Subject: 11
Experiment: heroinSA
Group: saline
Box: 11
Start Time: 11:42:00
End Time: 15:11:03
MSN: FR_SCRIPT_5choice
D:       0.535
E:       0.465
F:      26.000
I:     184.000
J:       0.000
K:   10800.010
L:       0.000
R:       0.000
S:       0.000
T:    2440.000
U:       0.000
V:       0.000
W:       0.000
X:       0.000
Y:       0.000
Z:       0.000
A:
     0:        1.000        3.000      500.000     1000.000      180.000
     5:        1.000        1.000        2.000        2.000        0.000
    10:      293.000        0.000
B:
     0:       71.000       38.000       33.000        0.000        0.000
     5:        0.000        0.000
C:
     0:        0.500      553.100        0.200        0.700        0.800
     5:     1733.600        0.500        6.600        0.500        2.600
    10:        0.500      806.100        0.200        0.700       56.100
    15:        0.800      607.100        0.200        0.700        0.800
    20:      407.100        0.200        0.700        0.800      232.600
    25:        0.500        5.600        0.500      292.100        0.200
    30:        0.700        0.800      423.100        0.200        0.700
    35:        0.800     4835.100        0.200        0.700        8.100
    40:       12.100        0.800      199.600        0.500       36.600
    45:        0.500        8.600        0.500       64.600        0.500
    50:        4.600        0.500        1.600        0.500        6.600
    55:        0.500        2.600        0.500      150.100        0.200
    60:        0.700       25.100        0.800     2219.100        0.200
    65:        0.700        0.800      257.600        0.500        1.600
    70:        0.500       22.600        0.500      979.600        0.500
    75:      854.100        0.200        0.700        0.800      381.100
    80:        0.200        0.700        0.800     2719.100        0.200
    85:        0.700       15.100        7.100        0.800     2289.100
    90:        0.200        0.700       74.100       16.100        0.800
    95:      651.100        0.200        0.700       10.100        0.800
   100:     7342.600        0.500      976.600        0.500     1219.100
   105:        0.200        0.700        0.800     1291.600        0.500
   110:     6338.100        0.200        0.700        0.800     4278.600
   115:        0.500        5.600        0.500     1000.100        0.200
   120:        0.700        0.800      642.100        0.200        0.700
   125:       33.100       15.100        0.800     2015.600        0.500
   130:        5.600        0.500       63.600        0.500       16.600
   135:        0.500       12.600        0.500       15.600        0.500
   140:        7.600        0.500     2661.100        0.200        0.700
   145:        0.800    15560.600        0.500     1383.100        0.200
   150:        0.700        0.800    17818.600        0.500       99.600
   155:        0.500        9.600        0.500     3492.100        0.200
   160:        0.700       61.100        0.800     5412.100        0.200
   165:        0.700        0.800      451.100        0.200        0.700
   170:        0.800    12014.100        0.200        0.700        0.800
   175:      201.100        0.200        0.700        0.800      161.100
   180:        0.200        0.700        0.800     2440.300
G:
     0:       55.330      310.060      315.600      376.350      417.070
     5:      469.930      512.270      995.740      996.580      997.700
    10:     1044.700     1047.260     1269.120     1480.400     1518.540
    15:     1790.440     1791.920     1792.590     2021.520     2028.950
    20:     2030.580     2095.600     2096.600     3050.300     3813.230
    25:     4341.550     4405.740     4409.030     4410.490     4889.910
    30:     6584.280     8726.080     8732.180     9273.340     9318.460
    35:    10519.850    10539.970    10555.990
H:
     0:      228.620      229.240      229.470      440.260      440.770
     5:     1017.630     1021.240     1022.010     1028.460     1028.810
    10:     1028.900     1029.560     1029.770     1294.790     1294.970
    15:     1297.090     1395.010     2830.850     2928.410     3179.420
    20:     4241.020     4241.500     4612.070     4612.500     4618.820
    25:     4620.450     4621.670     4623.120     4623.790     6445.960
    30:     8366.000     8375.950     8376.850
M:
     0:       55.330      310.060      376.350      417.070      469.930
     5:      512.270      995.740     1044.700     1269.120     1480.400
    10:     1518.540     1790.440     2021.520     2095.600     3050.300
    15:     3813.230     4341.550     4405.740     4889.910     6584.280
    20:     8726.080     9273.340     9318.460    10519.850    10539.970
    25:    10555.990
N:
     0:      228.620      229.240      229.470      440.260      440.770
     5:     1017.630     1021.240     1022.010     1028.460     1028.810
    10:     1028.900     1029.560     1029.770     1294.790     1294.970
    15:     1297.090     1395.010     2830.850     2928.410     3179.420
    20:     4241.020     4241.500     4612.070     4612.500     4618.820
    25:     4620.450     4621.670     4623.120     4623.790     6445.960
    30:     8366.000     8375.950     8376.850
O:
     0:      315.600      996.580      997.700     1047.260     1791.920
     5:     1792.590     2028.950     2030.580     2096.600     4409.030
    10:     4410.490     8732.180
P:
Q:
     0:        0.000        0.000        0.000        0.000       26.000
     5:       33.000       12.000        0.000
\Box11_Comments:



Start Date: 01/18/22
End Date: 01/18/22
Subject: 12
Experiment: heroinSA
Group: saline
Box: 12
Start Time: 11:42:00
End Time: 15:11:03
MSN: FR_SCRIPT_5choice
D:       0.604
E:       0.396
F:      22.000
I:     135.000
J:       0.000
K:   10800.010
L:       1.000
R:       0.000
S:       0.000
T:   14537.000
U:       0.000
V:       0.000
W:       0.000
X:       0.000
Y:       0.000
Z:       0.000
A:
     0:        2.000        3.000      500.000     1000.000      180.000
     5:        1.000        1.000        2.000        2.000        0.000
    10:      274.000        0.000
B:
     0:       48.000       29.000       19.000        0.000        0.000
     5:        0.000        0.000
C:
     0:        0.500     2125.600        0.500     1529.600        0.500
     5:      880.100        0.200        0.700        0.800     1222.100
    10:        0.200        0.700       36.100        0.800     2890.600
    15:        0.500     1794.100        0.200        0.700        1.100
    20:        0.800     3547.100        0.200        0.700        0.800
    25:     6640.100        0.200        0.700        0.800      365.100
    30:        0.200        0.700        0.800      426.100        0.200
    35:        0.700        0.800     1382.100        0.200        0.700
    40:        0.800     3656.100        0.200        0.700        0.800
    45:     7219.600        0.500       19.600        0.500       34.600
    50:        0.500      249.100        0.200        0.700        0.800
    55:      866.100        0.200        0.700        0.800     1596.100
    60:        0.200        0.700        0.800     2613.100        0.200
    65:        0.700        0.800      188.600        0.500      489.100
    70:        0.200        0.700        0.800     3348.600        0.500
    75:     1628.600        0.500     2133.100        0.200        0.700
    80:        0.800      637.600        0.500       52.600        0.500
    85:      156.600        0.500      630.100        0.200        0.700
    90:        0.800      405.600        0.500     7207.100        0.200
    95:        0.700        0.800      252.600        0.500       93.600
   100:        0.500       75.600        0.500      848.100        0.200
   105:        0.700       47.100        0.800    12996.100        0.200
   110:        0.700       31.100       27.100        0.800     4037.100
   115:        0.200        0.700       37.100        0.800    13487.100
   120:        0.200        0.700        0.800     4881.600        0.500
   125:       11.600        0.500       54.600        0.500      559.100
   130:        0.200        0.700       66.100        0.800    14537.300
G:
     0:      453.460      575.600      579.200     1047.660     1047.720
     5:     1402.470     2066.430     2102.940     2145.530     2283.730
    10:     2649.360     3401.400     3488.000     3647.680     3908.940
    15:     3976.650     4687.540     4835.010     5596.240     5723.060
    20:     5727.710     7027.330     7030.450     7033.180     7436.820
    25:     7440.490     8789.210     9339.730     9346.310
H:
     0:      212.510      365.410      868.190     3371.210     3373.130
     5:     3376.570     3927.770     4311.480     4474.210     4751.230
    10:     4756.460     4772.040     4875.500     5621.430     5630.760
    15:     5638.250     9277.350     9278.430     9283.820
M:
     0:      453.460      575.600     1047.660     1402.470     2066.430
     5:     2102.940     2145.530     2283.730     2649.360     3401.400
    10:     3488.000     3647.680     3908.940     3976.650     4687.540
    15:     4835.010     5596.240     5723.060     7027.330     7436.820
    20:     8789.210     9339.730
N:
     0:      212.510      365.410      868.190     3371.210     3373.130
     5:     3376.570     3927.770     4311.480     4474.210     4751.230
    10:     4756.460     4772.040     4875.500     5621.430     5630.760
    15:     5638.250     9277.350     9278.430     9283.820
O:
     0:      579.200     1047.720     5727.710     7030.450     7033.180
     5:     7440.490     9346.310
P:
Q:
     0:        0.000        0.000        0.000        0.000       22.000
     5:       19.000        7.000        0.000
\Box12_Comments:



Start Date: 01/18/22
End Date: 01/18/22
Subject: 13
Experiment: heroinSA
Group: saline
Box: 13
Start Time: 11:42:00
End Time: 15:11:03
MSN: FR_SCRIPT_5choice
D:       0.788
E:       0.212
F:      46.000
I:     243.000
J:       0.000
K:   10800.010
L:       0.000
R:       0.000
S:       0.000
T:   12146.000
U:       0.000
V:       0.000
W:       0.000
X:       0.000
Y:       0.000
Z:       0.000
A:
     0:        1.000        3.000      500.000     1000.000      180.000
     5:        1.000        1.000        2.000        2.000        0.000
    10:      241.000        0.000
B:
     0:       85.000       67.000       18.000        0.000        0.000
     5:        0.000        0.000
C:
     0:        0.500      295.100        0.200        0.700        0.800
     5:     1340.100        0.200        0.700       40.100        0.800
    10:      230.100        0.200        0.700       21.100        0.800
    15:      179.600        0.500      160.100        0.200        0.700
    20:       21.100        0.800      171.100        0.200        0.700
    25:        3.100        0.800     1329.100        0.200        0.700
    30:       31.100        0.800     1704.600        0.500     1522.100
    35:        0.200        0.700        0.800     1405.100        0.200
    40:        0.700        0.800      158.600        0.500       52.600
    45:        0.500       17.600        0.500       22.100        0.200
    50:        0.700        0.800      721.100        0.200        0.700
    55:        0.800     4232.100        0.200        0.700        0.800
    60:      104.100        0.200        0.700       10.100        0.800
    65:      742.100        0.200        0.700        7.100        9.100
    70:        0.800      311.600        0.500      256.100        0.200
    75:        0.700        0.800     3389.100        0.200        0.700
    80:        0.800     1227.100        0.200        0.700       10.100
    85:        0.800     1454.100        0.200        0.700       46.600
    90:        0.500        8.600        0.500        0.800      197.100
    95:        0.200        0.700       73.100        0.800      252.100
   100:        0.200        0.700        0.800      619.100        0.200
   105:        0.700        0.800     4337.100        0.200        0.700
   110:        0.800      103.100        0.200        0.700        4.100
   115:        0.800      103.100        0.200        0.700        0.800
   120:     2329.100        0.200        0.700       99.100        0.800
   125:     1087.100        0.200        0.700        0.800      443.100
   130:        0.200        0.700        0.800     1076.100        0.200
   135:        0.700        0.800      180.100        0.200        0.700
   140:       10.100       54.100        0.800     4082.100        0.200
   145:        0.700        0.800      102.100        0.200        0.700
   150:       42.100        0.800     3672.100        0.200        0.700
   155:        0.800     9374.600        0.500     1895.100        0.200
   160:        0.700       13.100       31.100        0.800      138.100
   165:        0.200        0.700        3.100        0.800     2634.100
   170:        0.200        0.700        0.800     5320.100        0.200
   175:        0.700        0.800      138.100        0.200        0.700
   180:        0.800     7755.600        0.500       11.600        0.500
   185:     1484.100        0.200        0.700        0.800      316.100
   190:        0.200        0.700        0.800     1168.100        0.200
   195:        0.700        0.800      167.100        0.200        0.700
   200:       64.100        1.100        0.800       55.100        0.200
   205:        0.700        0.800     4559.100        0.200        0.700
   210:        0.800     1345.600        0.500        2.600        0.500
   215:       16.100        0.200        0.700       63.100        0.800
   220:       72.100        0.200        0.700        0.800    13623.100
   225:        0.200        0.700        0.800      309.600        0.500
   230:       22.600        0.500        6.600        0.500        3.600
   235:        0.500      234.100        0.200        0.700        0.800
   240:     4943.600        0.500    12146.300
G:
     0:       29.570      163.510      167.490      190.580      192.590
     5:      226.510      228.670      245.770      246.030      378.950
    10:      382.080      704.630      845.120      870.040      942.140
    15:     1365.380     1375.730     1376.720     1450.960     1451.680
    20:     1452.560     1509.270     1848.110     1970.810     1971.880
    25:     2117.260     2142.330     2149.670     2174.850     2236.780
    30:     2670.480     2680.720     2681.150     2691.430     2924.290
    35:     2934.230     3042.890     3087.190     3194.850     3212.790
    40:     3213.820     3219.270     3627.470     3637.680     3641.840
    45:     4009.080     5135.970     5137.240     5140.330     5154.110
    50:     5154.410     5417.810     5949.880     5963.610     6888.620
    55:     6920.220     7037.030     7053.730     7060.140     7060.240
    60:     7065.780     7521.640     7657.910     7664.230     7671.470
    65:     9033.720     9091.120
H:
     0:      210.490      552.460      860.970      866.090      867.870
     5:     1483.650     2121.880     2122.630     4946.410     6739.150
    10:     6740.270     7656.120     7656.350     9064.620     9066.810
    15:     9067.430     9067.780     9585.400
M:
     0:       29.570      163.510      190.580      226.510      245.770
     5:      378.950      704.630      845.120      870.040      942.140
    10:     1365.380     1375.730     1450.960     1509.270     1848.110
    15:     1970.810     2117.260     2142.330     2174.850     2236.780
    20:     2670.480     2680.720     2691.430     2924.290     3042.890
    25:     3087.190     3194.850     3212.790     3627.470     3637.680
    30:     4009.080     5135.970     5154.110     5417.810     5949.880
    35:     5963.610     6888.620     6920.220     7037.030     7053.730
    40:     7065.780     7521.640     7657.910     7671.470     9033.720
    45:     9091.120
N:
     0:      210.490      552.460      860.970      866.090      867.870
     5:     1483.650     4946.410     6739.150     6740.270     7656.120
    10:     7656.350     9064.620     9066.810     9067.430     9067.780
    15:     9585.400
O:
     0:      167.490      192.590      228.670      246.030      382.080
     5:     1376.720     1451.680     1452.560     1971.880     2149.670
    10:     2681.150     2934.230     3213.820     3219.270     3641.840
    15:     5137.240     5140.330     5154.410     7060.140     7060.240
    20:     7664.230
P:
     0:     2121.880     2122.630
Q:
     0:        0.000        0.000        0.000        0.000       46.000
     5:       16.000       21.000        2.000
\Box13_Comments:



Start Date: 01/18/22
End Date: 01/18/22
Subject: 14
Experiment: heroinSA
Group: saline
Box: 14
Start Time: 11:42:00
End Time: 15:11:03
MSN: FR_SCRIPT_5choice
D:       0.617
E:       0.383
F:      37.000
I:     272.000
J:       0.000
K:   10800.010
L:       3.000
R:       0.000
S:       0.000
T:   31600.000
U:       0.000
V:       0.000
W:       0.000
X:       0.000
Y:       0.000
Z:       0.000
A:
     0:        2.000        3.000      500.000     1000.000      180.000
     5:        1.000        1.000        2.000        2.000        0.000
    10:      278.000        0.000
B:
     0:      115.000       71.000       44.000        0.000        0.000
     5:        0.000        0.000
C:
     0:        0.500     1242.600        0.500      576.100        0.200
     5:        0.700       69.100        6.100        0.800      621.600
    10:        0.500       21.600        0.500       10.600        0.500
    15:     1307.100        0.200        0.700        0.800      112.100
    20:        0.200        0.700        1.100       37.100        0.800
    25:      257.600        0.500      107.100        0.200        0.700
    30:       23.100        4.100        2.100        0.800      856.600
    35:        0.500      298.100        0.200        0.700        0.800
    40:     2426.600        0.500        8.600        0.500        8.600
    45:        0.500        2.600        0.500     1868.600        0.500
    50:      912.600        0.500     2650.600        0.500       12.600
    55:        0.500       26.600        0.500      621.100        0.200
    60:        0.700       15.100       34.100       35.100        0.800
    65:       96.100        0.200        0.700        9.100       70.100
    70:        0.800     2695.600        0.500     1217.600        0.500
    75:     1269.100        0.200        0.700        0.800      135.100
    80:        0.200        0.700        0.800      127.100        0.200
    85:        0.700        0.800      363.100        0.200        0.700
    90:       57.100        0.800      103.100        0.200        0.700
    95:        0.800      213.100        0.200        0.700        0.800
   100:      769.100        0.200        0.700       90.100        0.800
   105:      458.600        0.500      245.100        0.200        0.700
   110:        0.800      501.600        0.500      294.100        0.200
   115:        0.700        0.800     1211.100        0.200        0.700
   120:       25.100        0.800     2591.100        0.200        0.700
   125:       86.100        0.800      767.600        0.500      744.100
   130:        0.200        0.700        0.800     1058.100        0.200
   135:        0.700       22.100       12.100        0.800     2444.100
   140:        0.200        0.700        6.100        3.100        0.800
   145:      125.600        0.500        2.600        0.500       42.600
   150:        0.500       55.600        0.500     1386.600        0.500
   155:       46.100        0.200        0.700       17.100        2.100
   160:        9.100       39.100        0.800      907.100        0.200
   165:        0.700        0.800     1696.600        0.500     1793.100
   170:        0.200        0.700        0.800      104.100        0.200
   175:        0.700       48.100        0.800     1391.100        0.200
   180:        0.700       37.600        0.500        0.800      197.600
   185:        0.500       91.600        0.500       32.600        0.500
   190:     6129.600        0.500       90.100        0.200        0.700
   195:       36.100       41.100        0.800      593.100        0.200
   200:        0.700        0.800      424.600        0.500        2.600
   205:        0.500     5282.600        0.500      530.100        0.200
   210:        0.700        0.800      672.600        0.500      188.100
   215:        0.200        0.700        0.800     6938.600        0.500
   220:       68.600        0.500        4.600        0.500        7.600
   225:        0.500        4.600        0.500     4155.100        0.200
   230:        0.700        9.100        0.800      104.100        0.200
   235:        0.700       24.100       54.100        0.800       88.100
   240:        0.200        0.700       27.100        0.800      166.100
   245:        0.200        0.700        0.800      445.100        0.200
   250:        0.700        0.800      209.600        0.500     2899.100
   255:        0.200        0.700        0.800     1487.100        0.200
   260:        0.700       19.100       44.100        6.100        0.800
   265:     3148.600        0.500     2624.600        0.500       19.600
   270:        0.500    31600.300
G:
     0:      181.860      188.690      189.370      385.220      396.410
     5:      396.530      400.190      436.660      438.950      439.300
    10:      439.540      554.950     1408.230     1409.740     1413.150
    15:     1416.620     1426.270     1427.090     1434.160     1952.280
    20:     1965.730     1978.450     2014.690     2020.410     2030.750
    25:     2052.010     2128.920     2137.930     2208.200     2287.730
    30:     2408.880     2411.310     2670.480     2679.040     2830.130
    35:     2935.970     2938.090     2939.320     3183.750     3184.370
    40:     3184.640     3350.210     3351.950     3352.130     3353.080
    45:     3356.890     3447.650     3796.560     3806.950     3811.750
    50:     3950.840     4608.440     4612.040     4616.150     4675.420
    55:     5299.200     5385.260     6502.870     6503.710     6514.150
    60:     6516.560     6521.940     6530.760     6533.410     6550.060
    65:     6594.530     6905.290     7054.080     7055.980     7060.310
    70:     7060.980
H:
     0:      124.240      251.440      253.560      254.580      425.940
     5:      525.110      797.510      798.380      799.120      799.380
    10:      986.170     1077.310     1342.320     1343.510     1346.090
    15:     1703.610     1825.300     2183.710     2258.300     2755.700
    20:     3197.160     3197.320     3201.530     3206.990     3345.640
    25:     3617.200     3954.520     3974.270     3983.320     3986.510
    30:     4599.400     4717.810     4718.040     5246.240     5366.470
    35:     6079.070     6085.830     6086.200     6086.930     6087.360
    40:     6615.420     7375.750     7638.170     7640.060
M:
     0:      181.860      385.220      396.410      436.660      554.950
     5:     1408.230     1426.270     1952.280     1965.730     1978.450
    10:     2014.690     2030.750     2052.010     2128.920     2208.200
    15:     2287.730     2408.880     2670.480     2830.130     2935.970
    20:     3183.750     3350.210     3447.650     3796.560     3806.950
    25:     3950.840     4608.440     4675.420     5299.200     5385.260
    30:     6502.870     6514.150     6530.760     6550.060     6594.530
    35:     6905.290     7054.080
N:
     0:      124.240      251.440      253.560      254.580      425.940
     5:      525.110      797.510      798.380      799.120      799.380
    10:      986.170     1077.310     1342.320     1343.510     1346.090
    15:     1703.610     1825.300     2183.710     2258.300     2755.700
    20:     3197.160     3197.320     3201.530     3206.990     3345.640
    25:     3617.200     3974.270     3983.320     3986.510     4599.400
    30:     4717.810     4718.040     5246.240     5366.470     6079.070
    35:     6085.830     6086.200     6086.930     6087.360     6615.420
    40:     7375.750     7638.170     7640.060
O:
     0:      188.690      189.370      396.530      400.190      438.950
     5:      439.300      439.540     1409.740     1413.150     1416.620
    10:     1427.090     1434.160     2020.410     2137.930     2411.310
    15:     2679.040     2938.090     2939.320     3184.370     3184.640
    20:     3351.950     3352.130     3353.080     3356.890     3811.750
    25:     4612.040     4616.150     6503.710     6516.560     6521.940
    30:     6533.410     7055.980     7060.310     7060.980
P:
     0:     3954.520
Q:
     0:        0.000        0.000        0.000        0.000       37.000
     5:       43.000       34.000        1.000
\Box14_Comments:



Start Date: 01/18/22
End Date: 01/18/22
Subject: 15
Experiment: heroinSA
Group: saline
Box: 15
Start Time: 11:42:00
End Time: 15:11:03
MSN: FR_SCRIPT_5choice
D:       0.882
E:       0.118
F:      42.000
I:     223.000
J:       0.000
K:   10800.010
L:       0.000
R:       0.000
S:       0.000
T:    2715.000
U:       0.000
V:       0.000
W:       0.000
X:       0.000
Y:       0.000
Z:       0.000
A:
     0:        1.000        3.000      500.000     1000.000      180.000
     5:        1.000        1.000        2.000        2.000        0.000
    10:      254.000        0.000
B:
     0:       85.000       75.000       10.000        0.000        0.000
     5:        0.000        0.000
C:
     0:        0.500      925.100        0.200        0.700        0.800
     5:     1805.600        0.500     1756.600        0.500     2338.100
    10:        0.200        0.700        0.800     2872.600        0.500
    15:      398.600        0.500     8123.100        0.200        0.700
    20:       42.100        0.800       73.100        0.200        0.700
    25:       99.100        0.800     1253.100        0.200        0.700
    30:       89.100        0.800       15.100        0.200        0.700
    35:        0.800      322.100        0.200        0.700       34.100
    40:       15.100       35.100        5.100        0.800      916.100
    45:        0.200        0.700        0.800      313.600        0.500
    50:      990.100        0.200        0.700        0.800      977.100
    55:        0.200        0.700       17.100       82.100        0.800
    60:        8.100        0.200        0.700        0.800     1588.100
    65:        0.200        0.700       17.100        4.100        0.800
    70:      508.600        0.500     2723.100        0.200        0.700
    75:       38.100        0.800     6111.100        0.200        0.700
    80:        0.800      217.100        0.200        0.700        0.800
    85:      126.100        0.200        0.700        0.800      164.100
    90:        0.200        0.700       13.100        0.800      132.100
    95:        0.200        0.700       64.100        0.800      489.100
   100:        0.200        0.700       37.100       45.100        0.800
   105:     3838.100        0.200        0.700       38.100       17.100
   110:        0.800       63.100        0.200        0.700       90.100
   115:        0.800      114.100        0.200        0.700       41.100
   120:       19.100        0.800     1782.100        0.200        0.700
   125:        0.800     4200.100        0.200        0.700       46.100
   130:        0.800      354.100        0.200        0.700       77.100
   135:        0.800      580.100        0.200        0.700        0.800
   140:     2003.100        0.200        0.700        0.800      114.100
   145:        0.200        0.700        0.800     1108.600        0.500
   150:      142.600        0.500       85.600        0.500       81.600
   155:        0.500     9572.100        0.200        0.700       58.100
   160:       23.100        0.800       23.100        0.200        0.700
   165:        0.800      224.100        0.200        0.700       39.100
   170:       11.100       27.100        0.800      113.100        0.200
   175:        0.700        0.800      102.100        0.200        0.700
   180:        0.800    13541.100        0.200        0.700        0.800
   185:      488.100        0.200        0.700        7.100       53.100
   190:        0.800     1828.100        0.200        0.700       68.100
   195:        0.800     4890.100        0.200        0.700       70.100
   200:        0.800     6531.100        0.200        0.700        0.800
   205:      107.100        0.200        0.700        0.800     8149.100
   210:        0.200        0.700       73.100        0.800      274.100
   215:        0.200        0.700        0.800     8444.100        0.200
   220:        0.700        0.800     2715.300
G:
     0:       92.580      682.390     1821.730     1825.910     1833.210
     5:     1843.150     1968.450     1977.380     1978.840     2011.020
    10:     2014.410     2015.950     2019.390     2019.940     2111.490
    15:     2241.810     2339.490     2341.210     2349.400     2350.220
    20:     2509.030     2510.690     2511.180     2834.270     2838.010
    25:     3449.150     3470.860     3483.400     3499.800     3501.110
    30:     3514.360     3520.770     3569.590     3573.290     3577.850
    35:     3961.600     3965.450     3967.140     3973.440     3982.470
    40:     3993.810     3997.970     3999.850     4178.020     4598.070
    45:     4602.620     4638.000     4645.760     4703.710     4904.000
    50:     4915.410     6014.230     6020.010     6022.350     6024.620
    55:     6047.020     6050.890     6052.010     6054.690     6066.000
    60:     6076.190     7430.310     7479.120     7479.880     7485.170
    65:     7667.950     7674.740     8163.780     8170.760     8823.820
    70:     8834.520     9649.440     9656.740     9684.170    10528.500
H:
     0:      273.030      448.680      969.670     1009.410     2142.800
     5:     2561.930     5026.280     5040.410     5048.940     5057.000
M:
     0:       92.580      682.390     1821.730     1833.210     1968.450
     5:     1978.840     2011.020     2111.490     2241.810     2339.490
    10:     2350.220     2509.030     2834.270     3449.150     3470.860
    15:     3483.400     3499.800     3514.360     3569.590     3961.600
    20:     3973.440     3993.810     4178.020     4598.070     4638.000
    25:     4703.710     4904.000     4915.410     6014.230     6024.620
    30:     6047.020     6066.000     6076.190     7430.310     7479.120
    35:     7667.950     8163.780     8823.820     8834.520     9649.440
    40:     9684.170    10528.500
N:
     0:      273.030      448.680      969.670     1009.410     2142.800
     5:     2561.930     5026.280     5040.410     5048.940     5057.000
O:
     0:     1825.910     1843.150     1977.380     2014.410     2015.950
     5:     2019.390     2019.940     2341.210     2349.400     2510.690
    10:     2511.180     2838.010     3501.110     3520.770     3573.290
    15:     3577.850     3965.450     3967.140     3982.470     3997.970
    20:     3999.850     4602.620     4645.760     6020.010     6022.350
    25:     6050.890     6052.010     6054.690     7479.880     7485.170
    30:     7674.740     8170.760     9656.740
P:
Q:
     0:        0.000        0.000        0.000        0.000       42.000
     5:       10.000       33.000        0.000
\Box15_Comments:
