File: C:\Users\hurdlab\Desktop\data_rme\JS\heroinSA\20220118\ heroinSA_FR1_roomE_20220121



Start Date: 01/21/22
End Date: 01/21/22
Subject: 1
Experiment: heroinSA
Group: heroin
Box: 1
Start Time: 11:44:45
End Time: 15:13:40
MSN: FR_SCRIPT
D:       0.300
E:       0.700
F:      21.000
I:     184.000
J:       0.000
K:   10800.010
L:       0.000
R:       0.000
S:       0.000
T:    2879.000
U:       0.000
V:       0.000
W:       0.000
X:       0.000
Y:       0.000
Z:       0.000
A:
     0:        1.000        3.000      500.000     1000.000      180.000
     5:        1.000        1.000        1.000        1.000        0.000
    10:      242.000        0.000
B:
     0:       70.000       21.000       49.000        0.000        0.000
     5:        0.000        0.000
C:
     0:        0.500        2.600        0.500      398.100        0.200
     5:        0.700        0.800      674.100        0.200        0.700
    10:        0.800      348.600        0.500      317.600        0.500
    15:       64.600        0.500        1.600        0.500       33.100
    20:        0.200        0.700        0.800      140.100        0.200
    25:        0.700        0.800     3623.600        0.500     1553.600
    30:        0.500       24.600        0.500      253.600        0.500
    35:       24.600        0.500       14.600        0.500     4179.600
    40:        0.500        9.600        0.500       58.600        0.500
    45:       43.100        0.200        0.700        0.800     7731.600
    50:        0.500     3539.600        0.500      406.600        0.500
    55:        1.600        0.500       48.100        0.200        0.700
    60:        0.800      126.600        0.500       21.600        0.500
    65:        1.600        0.500     3111.600        0.500     3359.600
    70:        0.500      826.600        0.500       55.100        0.200
    75:        0.700        0.800     8035.600        0.500      141.100
    80:        0.200        0.700        0.800      107.600        0.500
    85:      454.600        0.500       45.600        0.500       52.600
    90:        0.500       14.600        0.500     2020.100        0.200
    95:        0.700        0.800      116.100        0.200        0.700
   100:        0.800     3486.600        0.500     2574.100        0.200
   105:        0.700        0.800     7885.100        0.200        0.700
   110:        0.800      136.600        0.500       19.600        0.500
   115:       24.100        0.200        0.700        0.800      159.100
   120:        0.200        0.700        0.800    10360.600        0.500
   125:     3021.100        0.200        0.700        0.800     1625.100
   130:        0.200        0.700        0.800     3664.600        0.500
   135:       11.600        0.500     3309.600        0.500       96.100
   140:        0.200        0.700        0.800     5128.600        0.500
   145:       47.600        0.500       32.600        0.500     3262.600
   150:        0.500       32.600        0.500       49.600        0.500
   155:       29.100        0.200        0.700        0.800     6340.600
   160:        0.500       11.600        0.500      390.600        0.500
   165:      151.600        0.500       48.600        0.500       46.100
   170:        0.200        0.700        0.800     6763.100        0.200
   175:        0.700        0.800      130.100        0.200        0.700
   180:        0.800     4329.600        0.500     2879.300
G:
     0:       40.020      107.430      183.770      197.700     1175.770
     5:     2348.230     3098.090     3915.770     4184.960     4196.570
    10:     4802.500     5591.070     5608.890     5624.860     6962.890
    15:     7125.440     7833.390     8691.320     9389.910    10066.240
    20:    10079.260
H:
     0:        0.220      142.250      173.900      180.310      180.460
     5:      560.030      715.360      717.740      743.070      745.480
    10:      746.820     1164.710     1165.650     1171.440     1948.800
    15:     2302.770     2343.290     2343.400     2360.790     2362.910
    20:     2363.080     2674.130     3010.040     3092.630     3901.590
    25:     3926.420     3971.860     3976.340     3981.510     3982.930
    30:     4545.160     5604.630     5606.510     6660.800     7491.820
    35:     7492.980     7823.800     8346.270     8350.980     8354.100
    40:     8680.300     8683.490     8688.410     9325.350     9326.400
    45:     9365.440     9380.570     9385.330    10512.150
M:
     0:       40.020      107.430      183.770      197.700     1175.770
     5:     2348.230     3098.090     3915.770     4184.960     4196.570
    10:     4802.500     5591.070     5608.890     5624.860     6962.890
    15:     7125.440     7833.390     8691.320     9389.910    10066.240
    20:    10079.260
N:
     0:        0.220      142.250      173.900      180.310      180.460
     5:      560.030      715.360      717.740      743.070      745.480
    10:      746.820     1164.710     1165.650     1171.440     1948.800
    15:     2302.770     2343.290     2343.400     2360.790     2362.910
    20:     2363.080     2674.130     3010.040     3092.630     3901.590
    25:     3926.420     3971.860     3976.340     3981.510     3982.930
    30:     4545.160     5604.630     5606.510     6660.800     7491.820
    35:     7492.980     7823.800     8346.270     8350.980     8354.100
    40:     8680.300     8683.490     8688.410     9325.350     9326.400
    45:     9365.440     9380.570     9385.330    10512.150
O:
P:
Q:
     0:    78154.000   223171.000   219448.000    60076.000       21.000
     5:       49.000        0.000        0.000
\Box1_Comments:



Start Date: 01/21/22
End Date: 01/21/22
Subject: 2
Experiment: heroinSA
Group: heroin
Box: 2
Start Time: 11:44:45
End Time: 15:13:40
MSN: FR_SCRIPT
D:       0.792
E:       0.208
F:      38.000
I:     176.000
J:       0.000
K:   10800.010
L:       0.000
R:       0.000
S:       0.000
T:    4418.000
U:       0.000
V:       0.000
W:       0.000
X:       0.000
Y:       0.000
Z:       0.000
A:
     0:        2.000        3.000      500.000     1000.000      180.000
     5:        1.000        1.000        1.000        1.000        0.000
    10:      272.000        0.000
B:
     0:       48.000       38.000       10.000        0.000        0.000
     5:        0.000        0.000
C:
     0:        0.500      321.100        0.200        0.700        0.800
     5:      297.600        0.500        2.600        0.500        7.600
    10:        0.500      852.100        0.200        0.700        0.800
    15:      857.100        0.200        0.700        2.100        0.800
    20:     1397.100        0.200        0.700        0.800     1581.100
    25:        0.200        0.700        0.800     3666.100        0.200
    30:        0.700        0.800     7836.100        0.200        0.700
    35:        0.800     1761.100        0.200        0.700        0.800
    40:     5658.100        0.200        0.700        0.800      204.100
    45:        0.200        0.700        0.800      333.100        0.200
    50:        0.700        0.800      252.100        0.200        0.700
    55:        0.800     1478.100        0.200        0.700        0.800
    60:      101.100        0.200        0.700        0.800    12177.100
    65:        0.200        0.700        0.800     2618.100        0.200
    70:        0.700        0.800      196.100        0.200        0.700
    75:        0.800     4153.100        0.200        0.700        0.800
    80:      170.100        0.200        0.700        0.800     5765.100
    85:        0.200        0.700        0.800     1571.100        0.200
    90:        0.700        0.800     8696.100        0.200        0.700
    95:        0.800      401.100        0.200        0.700        0.800
   100:     4673.100        0.200        0.700        0.800     8046.600
   105:        0.500       44.600        0.500        5.600        0.500
   110:       22.600        0.500       85.600        0.500      367.100
   115:        0.200        0.700        0.800      327.100        0.200
   120:        0.700        0.800     6087.600        0.500       12.600
   125:        0.500       30.100        0.200        0.700        6.100
   130:        0.800      137.100        0.200        0.700        0.800
   135:      102.100        0.200        0.700        0.800      104.100
   140:        0.200        0.700        0.800    14636.100        0.200
   145:        0.700        0.800      235.100        0.200        0.700
   150:        0.800      102.100        0.200        0.700        0.800
   155:      327.100        0.200        0.700        0.800     5249.100
   160:        0.200        0.700        0.800      358.100        0.200
   165:        0.700        0.800      105.100        0.200        0.700
   170:        0.800      171.100        0.200        0.700        0.800
   175:     4418.300
G:
     0:       32.180      147.980      233.800      373.560      531.650
     5:      898.270     1681.800     1857.980     2423.710     2444.150
    10:     2477.440     2502.660     2650.480     2660.550     3878.240
    15:     4140.010     4159.640     4574.900     4591.910     5168.440
    20:     5325.520     6195.180     6235.200     6702.570     7559.450
    25:     7592.130     8205.680     8219.310     8229.530     8239.980
    30:     9703.530     9727.020     9737.250     9769.950    10294.870
    35:    10330.630    10341.160    10358.230
H:
     0:       61.810       61.990       62.730     7507.140     7511.540
     5:     7512.050     7514.250     7522.760     8200.810     8202.010
M:
     0:       32.180      147.980      233.600      373.560      531.650
     5:      898.270     1681.800     1857.980     2423.710     2444.150
    10:     2477.440     2502.660     2650.480     2660.550     3878.240
    15:     4140.010     4159.640     4574.900     4591.910     5168.440
    20:     5325.520     6195.180     6235.200     6702.570     7559.450
    25:     7592.130     8204.990     8219.310     8229.530     8239.980
    30:     9703.530     9727.020     9737.250     9769.950    10294.870
    35:    10330.630    10341.160    10358.230
N:
     0:       61.810       61.990       62.730     7507.140     7511.540
     5:     7512.050     7514.250     7522.760     8200.810     8202.010
O:
     0:      233.800     8205.680
P:
Q:
     0:   115816.000   171125.000   211501.000   106379.000       38.000
     5:       10.000        2.000        0.000
\Box2_Comments:



Start Date: 01/21/22
End Date: 01/21/22
Subject: 3
Experiment: heroinSA
Group: heroin
Box: 3
Start Time: 11:44:45
End Time: 15:13:40
MSN: FR_SCRIPT_box3
D:       0.724
E:       0.276
F:      21.000
I:     102.000
J:       0.000
K:   10800.010
L:       0.000
R:       0.000
S:       0.000
T:    4119.000
U:       0.000
V:       0.000
W:       0.000
X:       0.000
Y:       0.000
Z:       0.000
A:
     0:        1.000        3.000      500.000     1000.000      180.000
     5:        1.000        1.000        1.000        1.000        0.000
    10:      258.000        0.000
B:
     0:       29.000       21.000        8.000        0.000        0.000
     5:        0.000        0.000
C:
     0:        0.500      181.100        0.200        0.700        0.800
     5:     1110.600        0.500      404.100        0.200        0.700
    10:        0.800     3594.100        0.200        0.700        0.800
    15:      180.100        0.200        0.700        0.800      138.100
    20:        0.200        0.700        0.800    17319.100        0.200
    25:        0.700        0.800      111.100        0.200        0.700
    30:        0.800    13902.100        0.200        0.700        0.800
    35:      265.100        0.200        0.700        0.800     6971.100
    40:        0.200        0.700        0.800    10662.100        0.200
    45:        0.700        0.800      288.600        0.500       37.600
    50:        0.500       52.600        0.500        8.600        0.500
    55:       61.600        0.500       50.600        0.500       36.600
    60:        0.500     5583.100        0.200        0.700        0.800
    65:     6686.100        0.200        0.700        0.800      114.100
    70:        0.200        0.700        0.800    10339.100        0.200
    75:        0.700        0.800     7851.100        0.200        0.700
    80:        0.800      228.100        0.200        0.700        0.800
    85:      123.100        0.200        0.700        0.800    11619.100
    90:        0.200        0.700        0.800      208.100        0.200
    95:        0.700        0.800     5761.100        0.200        0.700
   100:        0.800     4119.300
G:
     0:       18.160      169.490      528.900      546.890      560.720
     5:     2292.640     2303.780     3693.950     3720.400     4417.560
    10:     5483.760     6095.280     6763.870     6775.210     7809.110
    15:     8594.210     8617.010     8629.360     9791.270     9812.080
    20:    10388.180
H:
     0:      129.130     5512.530     5516.260     5521.410     5522.230
     5:     5528.320     5533.310     5536.920
M:
     0:       18.160      169.490      528.900      546.890      560.720
     5:     2292.640     2303.780     3693.950     3720.400     4417.560
    10:     5483.760     6095.280     6763.870     6775.210     7809.110
    15:     8594.210     8617.010     8629.360     9791.270     9812.080
    20:    10388.180
N:
     0:      129.130     5512.530     5516.260     5521.410     5522.230
     5:     5528.320     5533.310     5536.920
O:
P:
Q:
     0:        0.000   250264.000   235174.000    30631.000       21.000
     5:        8.000        0.000        0.000
\Box3_Comments:



Start Date: 01/21/22
End Date: 01/21/22
Subject: 4
Experiment: heroinSA
Group: heroin
Box: 4
Start Time: 11:44:45
End Time: 15:13:40
MSN: FR_SCRIPT_box4
D:       1.000
E:       0.000
F:      21.000
I:      86.000
J:       0.000
K:   10800.010
L:       0.000
R:       0.000
S:       0.000
T:    4481.000
U:       0.000
V:       1.000
W:       1.000
X:       0.000
Y:       0.000
Z:       0.000
A:
     0:        2.000        3.000      500.000     1000.000      180.000
     5:        1.000        1.000        1.000        1.000        0.000
    10:      235.000        0.000
B:
     0:       21.000       21.000        0.000        0.000        0.000
     5:        0.000        0.000
C:
     0:        0.500     1240.100        0.200        0.700        0.800
     5:     2605.100        0.200        0.700        0.800      278.100
    10:        0.200        0.700        0.800     8105.100        0.200
    15:        0.700        0.800     8079.100        0.200        0.700
    20:        0.800    10133.100        0.200        0.700        0.800
    25:      337.100        0.200        0.700        0.800    14251.100
    30:        0.200        0.700        0.800     9417.100        0.200
    35:        0.700        0.800    12108.100        0.200        0.700
    40:        0.800      260.100        0.200        0.700        0.800
    45:      384.100        0.200        0.700        0.800      101.100
    50:        0.200        0.700        0.800    13930.100        0.200
    55:        0.700        0.800    11972.100        0.200        0.700
    60:        0.800     9720.100        0.200        0.700        0.800
    65:      155.100        0.200        0.700        0.800      116.100
    70:        0.200        0.700        0.800      121.100        0.200
    75:        0.700        0.800      101.100        0.200        0.700
    80:        0.800      106.100        0.200        0.700        0.800
    85:     4481.300
G:
     0:      124.080      384.580      412.290     1222.830     2030.740
     5:     3044.030     3077.750     4502.830     5444.490     6655.330
    10:     6681.330     6719.750     6729.850     8122.810     9319.990
    15:    10292.030    10307.520    10319.150    10331.210    10341.310
    20:    10351.980
H:
M:
     0:      124.080      384.580      412.290     1222.830     2030.740
     5:     3044.030     3077.750     4502.830     5444.490     6655.330
    10:     6681.330     6719.750     6729.850     8122.810     9319.990
    15:    10292.030    10307.520    10319.150    10331.210    10341.310
    20:    10351.980
N:
O:
P:
Q:
     0:    78485.000   200648.000   183568.000    46283.000       21.000
     5:        0.000        0.000        0.000
\Box4_Comments:



Start Date: 01/21/22
End Date: 01/21/22
Subject: 5
Experiment: heroinSA
Group: heroin
Box: 5
Start Time: 11:44:45
End Time: 15:13:40
MSN: FR_SCRIPT
D:       0.549
E:       0.451
F:      28.000
I:     160.000
J:       0.000
K:   10800.010
L:       0.000
R:       0.000
S:       0.000
T:    3745.000
U:       0.000
V:       0.000
W:       1.000
X:       0.000
Y:       0.000
Z:       0.000
A:
     0:        1.000        3.000      500.000     1000.000      180.000
     5:        1.000        1.000        1.000        1.000        0.000
    10:      264.000        0.000
B:
     0:       51.000       28.000       23.000        0.000        0.000
     5:        0.000        0.000
C:
     0:        0.500        9.100        0.200        0.700        0.800
     5:     1404.100        0.200        0.700        0.800     2827.100
    10:        0.200        0.700        0.800     5112.100        0.200
    15:        0.700        0.800     2910.600        0.500     6075.100
    20:        0.200        0.700        0.800      303.100        0.200
    25:        0.700        0.800     7108.600        0.500      158.600
    30:        0.500       15.600        0.500        4.600        0.500
    35:      228.100        0.200        0.700        0.800      102.100
    40:        0.200        0.700        0.800     5783.600        0.500
    45:        3.600        0.500      162.600        0.500     1754.600
    50:        0.500      200.100        0.200        0.700        0.800
    55:      267.100        0.200        0.700        0.800      185.600
    60:        0.500      361.100        0.200        0.700        0.800
    65:     5487.100        0.200        0.700        0.800     3287.600
    70:        0.500      367.100        0.200        0.700        0.800
    75:     4754.100        0.200        0.700        0.800      113.600
    80:        0.500        6.600        0.500        3.600        0.500
    85:     6316.600        0.500        2.600        0.500     5602.100
    90:        0.200        0.700        0.800      181.100        0.200
    95:        0.700        0.800      994.100        0.200        0.700
   100:        0.800     7493.100        0.200        0.700        0.800
   105:     2607.600        0.500     1913.100        0.200        0.700
   110:        0.800      251.100        0.200        0.700        0.800
   115:      104.600        0.500      568.600        0.500     6936.100
   120:        0.200        0.700        0.800     1737.100        0.200
   125:        0.700        0.800      144.600        0.500      190.100
   130:        0.200        0.700        0.800     9837.100        0.200
   135:        0.700        0.800      246.600        0.500       54.600
   140:        0.500      326.100        0.200        0.700        0.800
   145:      175.100        0.200        0.700        0.800     5751.600
   150:        0.500     3653.100        0.200        0.700        0.800
   155:      188.100        0.200        0.700        0.800     3745.300
G:
     0:        0.900      141.300      424.080      935.270     1833.700
     5:     1864.010     2615.350     2625.550     3415.720     3442.410
    10:     3497.070     4045.700     4411.180     4886.500     6090.700
    15:     6108.880     6208.200     6957.560     7409.500     7434.650
    20:     8195.420     8369.160     8402.540     9386.250     9448.860
    25:     9466.380    10406.740    10425.510
H:
     0:     1226.240     2574.800     2590.680     2592.130     2592.540
     5:     3203.830     3204.160     3220.310     3395.710     3460.890
    10:     4374.400     4897.870     4898.420     4898.690     5530.350
    15:     5530.560     7218.240     7445.010     7501.790     8383.540
    20:     9410.830     9416.230    10041.390
M:
     0:        0.900      141.300      424.080      935.270     1833.700
     5:     1864.010     2615.350     2625.550     3415.720     3442.410
    10:     3497.070     4045.700     4411.180     4886.500     6090.700
    15:     6108.880     6208.200     6957.560     7409.500     7434.650
    20:     8195.420     8369.160     8402.540     9386.250     9448.860
    25:     9466.380    10406.740    10425.510
N:
     0:     1226.240     2574.800     2590.680     2592.130     2592.540
     5:     3203.830     3204.160     3220.310     3395.710     3460.890
    10:     4374.400     4897.870     4898.420     4898.690     5530.350
    15:     5530.560     7218.240     7445.010     7501.790     8383.540
    20:     9410.830     9416.230    10041.390
O:
P:
Q:
     0:   140767.000   242371.000   183318.000    54332.000       28.000
     5:       23.000        0.000        0.000
\Box5_Comments:



Start Date: 01/21/22
End Date: 01/21/22
Subject: 6
Experiment: heroinSA
Group: heroin
Box: 6
Start Time: 11:44:45
End Time: 15:13:40
MSN: FR_SCRIPT
D:       0.828
E:       0.172
F:      24.000
I:     108.000
J:       0.000
K:   10800.010
L:       0.000
R:       0.000
S:       0.000
T:    5859.000
U:       0.000
V:       1.000
W:       0.000
X:       0.000
Y:       0.000
Z:       0.000
A:
     0:        2.000        3.000      500.000     1000.000      180.000
     5:        1.000        1.000        1.000        1.000        0.000
    10:      257.000        0.000
B:
     0:       29.000       24.000        5.000        0.000        0.000
     5:        0.000        0.000
C:
     0:        0.500      586.100        0.200        0.700        0.800
     5:      386.600        0.500     4304.600        0.500       32.100
    10:        0.200        0.700        0.800     5354.100        0.200
    15:        0.700        0.800      452.100        0.200        0.700
    20:        0.800     9899.100        0.200        0.700        0.800
    25:      249.100        0.200        0.700        0.800      134.100
    30:        0.200        0.700        0.800      206.100        0.200
    35:        0.700        0.800      115.100        0.200        0.700
    40:        0.800    12489.100        0.200        0.700        0.800
    45:      427.100        0.200        0.700        0.800     7473.100
    50:        0.200        0.700        0.800     3864.100        0.200
    55:        0.700        0.800     6131.100        0.200        0.700
    60:        0.800     6900.100        0.200        0.700        0.800
    65:     4761.100        0.200        0.700        0.800     3629.100
    70:        0.200        0.700        0.800     6621.100        0.200
    75:        0.700        0.800     5256.100        0.200        0.700
    80:        0.800      185.100        0.200        0.700        0.800
    85:     6404.600        0.500     2146.100        0.200        0.700
    90:        0.800      137.600        0.500        7.600        0.500
    95:     5949.100        0.200        0.700        0.800      222.100
   100:        0.200        0.700        0.800     7823.100        0.200
   105:        0.700        0.800     5859.300
G:
     0:       58.590      530.840     1066.270     1111.430     2101.320
     5:     2126.250     2139.590     2160.230     2171.730     3420.670
    10:     3463.350     4210.590     4596.990     5210.130     5900.130
    15:     6376.240     6739.090     7401.270     7926.830     7945.340
    20:     8800.300     9409.600     9431.830    10214.090
H:
     0:       97.280      527.670     8585.690     8814.030     8814.700
M:
     0:       58.590      530.840     1066.270     1111.430     2101.320
     5:     2126.250     2139.590     2160.230     2171.730     3420.670
    10:     3463.350     4210.590     4596.990     5210.130     5900.130
    15:     6376.240     6739.090     7401.270     7926.830     7945.340
    20:     8800.300     9409.600     9431.830    10214.090
N:
     0:       97.280      527.670     8585.690     8814.030     8814.700
O:
P:
Q:
     0:   195140.000   278268.000   105795.000    18507.000       24.000
     5:        5.000        0.000        0.000
\Box6_Comments:



Start Date: 01/21/22
End Date: 01/21/22
Subject: 7
Experiment: heroinSA
Group: heroin
Box: 7
Start Time: 11:44:45
End Time: 15:13:40
MSN: FR_SCRIPT
D:       0.711
E:       0.289
F:      32.000
I:     156.000
J:       0.000
K:   10800.010
L:       0.000
R:       0.000
S:       0.000
T:    1453.000
U:       0.000
V:       0.000
W:       0.000
X:       0.000
Y:       0.000
Z:       0.000
A:
     0:        1.000        3.000      500.000     1000.000      180.000
     5:        1.000        1.000        1.000        1.000        0.000
    10:      275.000        0.000
B:
     0:       45.000       32.000       13.000        0.000        0.000
     5:        0.000        0.000
C:
     0:        0.500       84.100        0.200        0.700        0.800
     5:      552.600        0.500        3.600        0.500      210.100
    10:        0.200        0.700        0.800      472.100        0.200
    15:        0.700        0.800      153.100        0.200        0.700
    20:        0.800     7289.600        0.500      265.600        0.500
    25:      354.100        0.200        0.700        0.800     3789.100
    30:        0.200        0.700        0.800      275.600        0.500
    35:       58.600        0.500        8.600        0.500        4.600
    40:        0.500     4043.100        0.200        0.700        0.800
    45:      357.100        0.200        0.700        0.800     6005.100
    50:        0.200        0.700        0.800     4493.100        0.200
    55:        0.700        0.800     4717.100        0.200        0.700
    60:        0.800      203.100        0.200        0.700        0.800
    65:     6593.600        0.500       39.600        0.500      672.600
    70:        0.500       39.600        0.500      107.600        0.500
    75:      563.100        0.200        0.700        0.800      484.100
    80:        0.200        0.700        0.800     4967.100        0.200
    85:        0.700        0.800     5042.100        0.200        0.700
    90:        0.800     4286.100        0.200        0.700        0.800
    95:      216.100        0.200        0.700        0.800     7930.100
   100:        0.200        0.700        0.800     2330.100        0.200
   105:        0.700        0.800     4667.100        0.200        0.700
   110:        0.800     3082.100        0.200        0.700        0.800
   115:     4708.100        0.200        0.700        0.800      171.100
   120:        0.200        0.700        0.800     5192.100        0.200
   125:        0.700        0.800      129.100        0.200        0.700
   130:        0.800     6511.100        0.200        0.700        0.800
   135:      227.100        0.200        0.700        0.800     7801.100
   140:        0.200        0.700        0.800      127.100        0.200
   145:        0.700        0.800     6921.100        0.200        0.700
   150:        0.800      409.100        0.200        0.700        0.800
   155:     1453.300
G:
     0:        8.430       84.920      132.110      147.450      938.240
     5:     1317.090     1755.900     1791.670     2392.100     2841.450
    10:     3313.100     3333.480     4134.770     4183.180     4679.800
    15:     5184.060     5612.650     5634.190     6427.280     6660.270
    20:     7126.910     7435.170     7905.890     7923.020     8442.230
    25:     8455.170     9106.250     9128.930     9909.000     9921.720
    30:    10613.820    10654.770
H:
     0:       63.620       63.970      876.360      902.790     1344.670
     5:     1350.440     1351.220     1351.600     3992.730     3996.590
    10:     4063.860     4067.690     4078.440
M:
     0:        8.430       84.920      132.110      147.450      938.240
     5:     1317.090     1755.900     1791.670     2392.100     2841.450
    10:     3313.100     3333.480     4134.770     4183.180     4679.800
    15:     5184.060     5612.650     5634.190     6427.280     6660.270
    20:     7126.910     7435.170     7905.890     7923.020     8442.230
    25:     8455.170     9106.250     9128.930     9909.000     9921.720
    30:    10613.820    10654.770
N:
     0:       63.620       63.970      876.360      902.790     1344.670
     5:     1350.440     1351.220     1351.600     3992.730     3996.590
    10:     4063.860     4067.690     4078.440
O:
P:
Q:
     0:   285548.000   110937.000    47467.000    15957.000       32.000
     5:       13.000        0.000        0.000
\Box7_Comments:



Start Date: 01/21/22
End Date: 01/21/22
Subject: 8
Experiment: heroinSA
Group: heroin
Box: 8
Start Time: 11:44:45
End Time: 15:13:40
MSN: FR_SCRIPT
D:       0.493
E:       0.507
F:      37.000
I:     227.000
J:       0.000
K:   10800.010
L:       0.000
R:       0.000
S:       0.000
T:    3992.000
U:       0.000
V:       0.000
W:       0.000
X:       0.000
Y:       1.000
Z:       0.000
A:
     0:        2.000        3.000      500.000     1000.000      180.000
     5:        1.000        1.000        1.000        1.000        0.000
    10:      246.000        0.000
B:
     0:       75.000       37.000       38.000        0.000        0.000
     5:        0.000        0.000
C:
     0:        0.500     2311.100        0.200        0.700        0.800
     5:     2377.100        0.200        0.700        0.800      440.600
    10:        0.500       14.600        0.500       15.600        0.500
    15:       47.100        0.200        0.700        0.800     4366.100
    20:        0.200        0.700        0.800      127.100        0.200
    25:        0.700        0.800     6509.600        0.500        7.600
    30:        0.500       25.600        0.500       10.600        0.500
    35:       14.600        0.500       11.600        0.500       10.600
    40:        0.500       12.600        0.500        5.600        0.500
    45:       14.600        0.500       13.600        0.500      232.100
    50:        0.200        0.700        0.800      518.600        0.500
    55:        9.600        0.500        2.600        0.500      187.600
    60:        0.500     4757.600        0.500        3.600        0.500
    65:      856.600        0.500        8.600        0.500        5.600
    70:        0.500        4.600        0.500       11.600        0.500
    75:       92.100        0.200        0.700        0.800     4600.100
    80:        0.200        0.700        0.800     6082.600        0.500
    85:        3.600        0.500       16.600        0.500       12.600
    90:        0.500       14.600        0.500       21.600        0.500
    95:        3.600        0.500       54.600        0.500       76.100
   100:        0.200        0.700        0.800      114.100        0.200
   105:        0.700        0.800      161.100        0.200        0.700
   110:        0.800     8473.100        0.200        0.700        0.800
   115:     3057.100        0.200        0.700        0.800      121.100
   120:        0.200        0.700        0.800     4550.600        0.500
   125:       44.600        0.500     2047.100        0.200        0.700
   130:        0.800      467.100        0.200        0.700        0.800
   135:      340.100        0.200        0.700        0.800      122.100
   140:        0.200        0.700        0.800      161.100        0.200
   145:        0.700        0.800      208.100        0.200        0.700
   150:        0.800    12880.100        0.200        0.700        0.800
   155:      386.100        0.200        0.700        0.800      343.100
   160:        0.200        0.700        0.800    10740.100        0.200
   165:        0.700        0.800      110.100        0.200        0.700
   170:        0.800      117.100        0.200        0.700        0.800
   175:      455.100        0.200        0.700        0.800      734.100
   180:        0.200        0.700        0.800     8445.600        0.500
   185:       19.600        0.500      315.600        0.500     1930.100
   190:        0.200        0.700        0.800      118.100        0.200
   195:        0.700        0.800      113.100        0.200        0.700
   200:        2.100        0.800     3691.100        0.200        0.700
   205:        0.800     2424.100        0.200        0.700        0.800
   210:     2579.100        0.200        0.700        0.800      210.100
   215:        0.200        0.700        0.800     3835.100        0.200
   220:        0.700        0.800      805.100        0.200        0.700
   225:        0.800     3992.300
G:
     0:      231.150      468.870      520.440      957.050      969.700
     5:     1655.930     2301.120     2761.170     3389.230     3400.630
    10:     3416.750     4264.040     4569.690     4581.870     5245.910
    15:     5292.660     5326.670     5338.880     5354.930     5375.720
    20:     6663.760     6702.380     6736.610     7810.630     7821.630
    25:     7833.340     7878.810     7952.260     9023.130     9034.970
    30:     9046.440     9415.530     9657.930     9915.860     9936.790
    35:    10320.340    10400.860
H:
     0:      512.820      514.260      515.780     1620.600     1621.380
     5:     1623.880     1624.840     1626.230     1627.330     1628.290
    10:     1629.570     1630.030     1631.480     1632.740     1707.780
    15:     1708.590     1708.820     1727.550     2203.230     2203.500
    20:     2289.140     2289.980     2290.390     2290.880     2291.940
    25:     3369.320     3369.640     3371.190     3372.460     3373.830
    30:     3375.980     3376.260     3381.660     5036.840     5041.270
    35:     8796.760     8798.670     8830.170
M:
     0:      231.150      468.870      520.440      957.050      969.700
     5:     1655.930     2301.120     2761.170     3389.230     3400.630
    10:     3416.750     4264.040     4569.690     4581.870     5245.910
    15:     5292.660     5326.670     5338.880     5354.930     5375.720
    20:     6663.760     6702.380     6736.610     7810.630     7821.630
    25:     7833.340     7878.810     7952.260     9023.130     9034.970
    30:     9046.230     9415.530     9657.930     9915.860     9936.790
    35:    10320.340    10400.860
N:
     0:      512.820      514.260      515.780     1620.600     1621.380
     5:     1623.880     1624.840     1626.230     1627.330     1628.290
    10:     1629.570     1630.030     1631.480     1632.740     1707.780
    15:     1708.590     1708.820     1727.550     2203.230     2203.500
    20:     2289.140     2289.980     2290.390     2290.880     2291.940
    25:     3369.320     3369.640     3371.190     3372.460     3373.830
    30:     3375.980     3376.260     3381.660     5036.840     5041.270
    35:     8796.760     8798.670     8830.170
O:
     0:     9046.440
P:
Q:
     0:   199330.000   160211.000   126163.000    44687.000       37.000
     5:       38.000        1.000        0.000
\Box8_Comments:



Start Date: 01/21/22
End Date: 01/21/22
Subject: 9
Experiment: heroinSA
Group: heroin
Box: 9
Start Time: 11:44:45
End Time: 15:13:40
MSN: FR_SCRIPT
D:       0.865
E:       0.135
F:      45.000
I:     204.000
J:       0.000
K:   10800.010
L:       0.000
R:       0.000
S:       0.000
T:    2971.000
U:       0.000
V:       1.000
W:       0.000
X:       0.000
Y:       0.000
Z:       0.000
A:
     0:        1.000        3.000      500.000     1000.000      180.000
     5:        1.000        1.000        1.000        1.000        0.000
    10:      261.000        0.000
B:
     0:       52.000       45.000        7.000        0.000        0.000
     5:        0.000        0.000
C:
     0:        0.500       61.100        0.200        0.700        0.800
     5:      217.100        0.200        0.700        0.800      437.600
    10:        0.500        1.600        0.500      316.100        0.200
    15:        0.700        0.800      108.100        0.200        0.700
    20:        0.800     2656.100        0.200        0.700        1.100
    25:        0.800      508.100        0.200        0.700        1.100
    30:        0.800      321.100        0.200        0.700        0.800
    35:     1704.100        0.200        0.700        0.800      319.100
    40:        0.200        0.700        0.800     3392.100        0.200
    45:        0.700        1.100        0.800      217.100        0.200
    50:        0.700        0.800      440.100        0.200        0.700
    55:        2.100        0.800     1843.100        0.200        0.700
    60:        0.800     5234.100        0.200        0.700        0.800
    65:     9281.100        0.200        0.700        0.800     1249.100
    70:        0.200        0.700        0.800     3215.100        0.200
    75:        0.700        0.800      373.100        0.200        0.700
    80:        1.100        0.800     7280.100        0.200        0.700
    85:        0.800      255.100        0.200        0.700        0.800
    90:     5217.600        0.500        3.600        0.500       47.600
    95:        0.500      471.100        0.200        0.700        0.800
   100:      236.600        0.500       95.100        0.200        0.700
   105:        0.800     5861.100        0.200        0.700        0.800
   110:     1322.100        0.200        0.700        0.800     3370.100
   115:        0.200        0.700        2.100        0.800     2401.100
   120:        0.200        0.700        0.800     3466.100        0.200
   125:        0.700        0.800     4352.100        0.200        0.700
   130:        0.800      248.100        0.200        0.700        0.800
   135:     2278.100        0.200        0.700        0.800     3496.100
   140:        0.200        0.700        2.100        0.800      125.100
   145:        0.200        0.700        0.800     4681.100        0.200
   150:        0.700        0.800     2320.100        0.200        0.700
   155:        0.800     3948.100        0.200        0.700        0.800
   160:      961.100        0.200        0.700        0.800     2878.100
   165:        0.200        0.700        0.800      118.100        0.200
   170:        0.700        0.800     7427.100        0.200        0.700
   175:        1.100        0.800      998.100        0.200        0.700
   180:        0.800     1411.100        0.200        0.700        0.800
   185:     3146.600        0.500      480.100        0.200        0.700
   190:        0.800      207.100        0.200        0.700        0.800
   195:     3807.100        0.200        0.700        0.800      221.100
   200:        0.200        0.700        0.800     2971.300
G:
     0:        6.130       27.810      103.270      114.080      379.770
     5:      430.620      462.690      633.160      665.060     1004.350
    10:     1026.020     1070.190     1254.500     1777.950     2706.040
    15:     2830.930     3152.460     3189.840     3917.830     3943.320
    20:     4517.150     4550.220     5136.350     5268.540     5605.690
    25:     5845.860     6192.480     6627.650     6652.410     6880.280
    30:     7230.070     7242.500     7710.640     7942.590     8337.420
    35:     8433.560     8721.360     8733.170     9475.920     9575.760
    40:     9716.800    10079.410    10100.120    10480.870    10502.960
H:
     0:       71.540       71.610     4465.050     4465.340     4470.080
     5:     4540.700    10031.440
M:
     0:        6.130       27.810      103.270      114.080      379.670
     5:      430.530      462.690      633.160      665.060     1004.280
    10:     1026.020     1070.030     1254.500     1777.950     2706.040
    15:     2830.930     3152.460     3189.750     3917.830     3943.320
    20:     4517.150     4550.220     5136.350     5268.540     5605.580
    25:     5845.860     6192.480     6627.650     6652.410     6880.280
    30:     7229.830     7242.500     7710.640     7942.590     8337.420
    35:     8433.560     8721.360     8733.170     9475.820     9575.760
    40:     9716.800    10079.410    10100.120    10480.870    10502.960
N:
     0:       71.540       71.610     4465.050     4465.340     4470.080
     5:     4540.700    10031.440
O:
     0:      379.770      430.620     1004.350     1070.190     3189.840
     5:     5605.690     7230.070     9475.920
P:
Q:
     0:   171957.000   274445.000   158645.000    61540.000       45.000
     5:        7.000        8.000        0.000
\Box9_Comments:



Start Date: 01/21/22
End Date: 01/21/22
Subject: 10
Experiment: heroinSA
Group: saline
Box: 10
Start Time: 11:44:45
End Time: 15:13:40
MSN: FR_SCRIPT
D:       0.824
E:       0.176
F:      14.000
I:      64.000
J:       0.000
K:   10800.010
L:       0.000
R:       0.000
S:       0.000
T:   41751.000
U:       0.000
V:       0.000
W:       0.000
X:       0.000
Y:       0.000
Z:       1.000
A:
     0:        2.000        3.000      500.000     1000.000      180.000
     5:        1.000        1.000        1.000        1.000        0.000
    10:      248.000        0.000
B:
     0:       17.000       14.000        3.000        0.000        0.000
     5:        0.000        0.000
C:
     0:        0.500       10.600        0.500      618.100        0.200
     5:        0.700        0.800      190.600        0.500       18.100
    10:        0.200        0.700        0.800     1839.100        0.200
    15:        0.700        0.800     5238.100        0.200        0.700
    20:        0.800      910.100        0.200        0.700        0.800
    25:     1699.100        0.200        0.700        0.800     2052.100
    30:        0.200        0.700        0.800     5824.100        0.200
    35:        0.700        0.800     1253.100        0.200        0.700
    40:        0.800      793.600        0.500      262.100        0.200
    45:        0.700        0.800    13596.100        0.200        0.700
    50:        0.800      332.100        0.200        0.700        0.800
    55:    30739.100        0.200        0.700        0.800      876.100
    60:        0.200        0.700        0.800    41751.300
G:
     0:       62.810       83.670      267.560      791.290      882.290
     5:     1052.250     1257.410     1839.820     1965.140     2070.590
    10:     3430.280     3463.400     6537.340     6624.900
H:
     0:        1.030       81.860     2044.430
M:
     0:       62.810       83.670      267.560      791.290      882.290
     5:     1052.250     1257.410     1839.820     1965.140     2070.590
    10:     3430.280     3463.400     6537.340     6624.900
N:
     0:        1.030       81.860     2044.430
O:
P:
Q:
     0:    29122.000    43585.000   168822.000   279797.000       14.000
     5:        3.000        0.000        0.000
\Box10_Comments:



Start Date: 01/21/22
End Date: 01/21/22
Subject: 11
Experiment: heroinSA
Group: saline
Box: 11
Start Time: 11:44:45
End Time: 15:13:40
MSN: FR_SCRIPT_5choice
D:       0.333
E:       0.667
F:       5.000
I:      42.000
J:       0.000
K:   10800.010
L:       0.000
R:       0.000
S:       0.000
T:    2328.000
U:       0.000
V:       0.000
W:       0.000
X:       0.000
Y:       0.000
Z:       0.000
A:
     0:        1.000        3.000      500.000     1000.000      180.000
     5:        1.000        1.000        1.000        2.000        0.000
    10:      285.000        0.000
B:
     0:       15.000        5.000       10.000        0.000        0.000
     5:        0.000        0.000
C:
     0:        0.500     3051.600        0.500       29.600        0.500
     5:      335.100        0.200        0.700        0.800      558.600
    10:        0.500      180.100        0.200        0.700        0.800
    15:    23414.600        0.500        4.600        0.500    34937.100
    20:        0.200        0.700        0.800    33517.100        0.200
    25:        0.700        0.800      450.600        0.500      659.600
    30:        0.500     3302.100        0.200        0.700        0.800
    35:     4670.600        0.500       38.600        0.500      528.600
    40:        0.500     2328.300
G:
     0:      341.550      415.290     6250.850     9602.570    10043.600
H:
     0:      305.090      308.000      397.310     2756.740     2757.130
     5:     9647.510     9713.440    10510.600    10514.400    10567.230
M:
     0:      341.550      415.290     6250.850     9602.570    10043.600
N:
     0:      305.090      308.000      397.310     2756.740     2757.130
     5:     9647.510     9713.440    10510.600    10514.400    10567.230
O:
P:
Q:
     0:        0.000        0.000        0.000        0.000        5.000
     5:       10.000        0.000        0.000
\Box11_Comments:



Start Date: 01/21/22
End Date: 01/21/22
Subject: 12
Experiment: heroinSA
Group: saline
Box: 12
Start Time: 11:44:45
End Time: 15:13:40
MSN: FR_SCRIPT_5choice
D:       1.000
E:       0.000
F:       2.000
I:      10.000
J:       0.000
K:   10800.010
L:       0.000
R:       0.000
S:       0.000
T:  102795.000
U:       0.000
V:       0.000
W:       0.000
X:       0.000
Y:       0.000
Z:       0.000
A:
     0:        2.000        3.000      500.000     1000.000      180.000
     5:        1.000        1.000        1.000        2.000        0.000
    10:      271.000        0.000
B:
     0:        2.000        2.000        0.000        0.000        0.000
     5:        0.000        0.000
C:
     0:        0.500     1065.100        0.200        0.700        0.800
     5:     4140.100        0.200        0.700        0.800   102795.300
G:
     0:      106.530      520.530
H:
M:
     0:      106.530      520.530
N:
O:
P:
Q:
     0:        0.000        0.000        0.000        0.000        2.000
     5:        0.000        0.000        0.000
\Box12_Comments:



Start Date: 01/21/22
End Date: 01/21/22
Subject: 13
Experiment: heroinSA
Group: saline
Box: 13
Start Time: 11:44:45
End Time: 15:13:40
MSN: FR_SCRIPT_5choice
D:       0.656
E:       0.344
F:      21.000
I:     108.000
J:       0.000
K:   10800.010
L:       0.000
R:       0.000
S:       0.000
T:    5012.000
U:       0.000
V:       0.000
W:       0.000
X:       0.000
Y:       0.000
Z:       0.000
A:
     0:        1.000        3.000      500.000     1000.000      180.000
     5:        1.000        1.000        1.000        2.000        0.000
    10:      243.000        0.000
B:
     0:       32.000       21.000       11.000        0.000        0.000
     5:        0.000        0.000
C:
     0:        0.500      462.100        0.200        0.700        0.800
     5:      108.100        0.200        0.700        0.800     1947.100
    10:        0.200        0.700        0.800      120.100        0.200
    15:        0.700        0.800      572.600        0.500     1300.100
    20:        0.200        0.700        0.800      425.100        0.200
    25:        0.700        0.800      553.100        0.200        0.700
    30:        0.800    28793.600        0.500       15.600        0.500
    35:       56.600        0.500      247.100        0.200        0.700
    40:        0.800      113.100        0.200        0.700        0.800
    45:      123.100        0.200        0.700        0.800      197.600
    50:        0.500      101.100        0.200        0.700        0.800
    55:      714.100        0.200        0.700        0.800      150.100
    60:        0.200        0.700        0.800      147.100        0.200
    65:        0.700        0.800      317.100        0.200        0.700
    70:        0.800      250.100        0.200        0.700        0.800
    75:      565.100        0.200        0.700        0.800      362.600
    80:        0.500     9501.100        0.200        0.700        0.800
    85:    16042.100        0.200        0.700        0.800    35628.600
    90:        0.500        8.600        0.500       56.600        0.500
    95:       45.600        0.500       43.600        0.500     3658.100
   100:        0.200        0.700        0.800      370.100        0.200
   105:        0.700        0.800     5012.300
G:
     0:       46.280       57.040      251.770      263.750      450.980
     5:      493.450      548.690     3459.880     3471.100     3483.420
    10:     3513.270     3584.600     3599.610     3614.290     3646.030
    15:     3671.040     3727.540     4713.800     6318.070    10261.830
    20:    10298.790
H:
     0:      320.940     3427.990     3429.580     3435.170     3503.110
     5:     3763.780     9880.800     9881.670     9887.220     9891.720
    10:     9896.000
M:
     0:       46.280       57.040      251.770      263.750      450.980
     5:      493.450      548.690     3459.880     3471.100     3483.420
    10:     3513.270     3584.600     3599.610     3614.290     3646.030
    15:     3671.040     3727.540     4713.800     6318.070    10261.830
    20:    10298.790
N:
     0:      320.940     3427.990     3429.580     3435.170     3503.110
     5:     3763.780     9880.800     9881.670     9887.220     9891.720
    10:     9896.000
O:
P:
Q:
     0:        0.000        0.000        0.000        0.000       21.000
     5:       11.000        0.000        0.000
\Box13_Comments:



Start Date: 01/21/22
End Date: 01/21/22
Subject: 14
Experiment: heroinSA
Group: saline
Box: 14
Start Time: 11:44:45
End Time: 15:13:40
MSN: FR_SCRIPT_5choice
D:       0.682
E:       0.318
F:      15.000
I:      76.000
J:       0.000
K:   10800.010
L:       0.000
R:       0.000
S:       0.000
T:    1455.000
U:       0.000
V:       0.000
W:       0.000
X:       0.000
Y:       0.000
Z:       0.000
A:
     0:        2.000        3.000      500.000     1000.000      180.000
     5:        1.000        1.000        1.000        2.000        0.000
    10:      272.000        0.000
B:
     0:       22.000       15.000        7.000        0.000        0.000
     5:        0.000        0.000
C:
     0:        0.500       45.100        0.200        0.700        0.800
     5:      315.600        0.500     1804.100        0.200        0.700
    10:        0.800     1415.100        0.200        0.700        0.800
    15:      247.600        0.500       90.100        0.200        0.700
    20:        0.800    23577.100        0.200        0.700        0.800
    25:     1936.100        0.200        0.700        0.800    15373.100
    30:        0.200        0.700        0.800     8038.600        0.500
    35:      770.100        0.200        0.700        0.800     1300.100
    40:        0.200        0.700        0.800     2065.600        0.500
    45:      268.100        0.200        0.700        0.800    16620.600
    50:        0.500       55.600        0.500       12.600        0.500
    55:    11525.100        0.200        0.700        0.800    10487.100
    60:        0.200        0.700        0.800      130.100        0.200
    65:        0.700        0.800      552.100        0.200        0.700
    70:        0.800     9921.100        0.200        0.700        0.800
    75:     1455.300
G:
     0:        4.530      216.450      357.920      391.600     2749.380
     5:     2942.980     4480.250     5361.070     5491.020     5724.300
    10:     8545.570     9594.250     9607.260     9662.390    10654.550
H:
     0:       36.070      382.590     5284.050     5697.570     7386.310
     5:     7391.800     7393.020
M:
     0:        4.530      216.450      357.920      391.600     2749.380
     5:     2942.980     4480.250     5361.070     5491.020     5724.300
    10:     8545.570     9594.250     9607.260     9662.390    10654.550
N:
     0:       36.070      382.590     5284.050     5697.570     7386.310
     5:     7391.800     7393.020
O:
P:
Q:
     0:        0.000        0.000        0.000        0.000       15.000
     5:        7.000        0.000        0.000
\Box14_Comments:



Start Date: 01/21/22
End Date: 01/21/22
Subject: 15
Experiment: heroinSA
Group: saline
Box: 15
Start Time: 11:44:45
End Time: 15:13:40
MSN: FR_SCRIPT_5choice
D:       0.833
E:       0.167
F:       5.000
I:      24.000
J:       0.000
K:   10800.010
L:       0.000
R:       0.000
S:       0.000
T:   13423.000
U:       0.000
V:       0.000
W:       0.000
X:       0.000
Y:       0.000
Z:       0.000
A:
     0:        1.000        3.000      500.000     1000.000      180.000
     5:        1.000        1.000        1.000        2.000        0.000
    10:      255.000        0.000
B:
     0:        6.000        5.000        1.000        0.000        0.000
     5:        0.000        0.000
C:
     0:        0.500      493.100        0.200        0.700        0.800
     5:     1384.600        0.500    14894.100        0.200        0.700
    10:        0.800      223.100        0.200        0.700        0.800
    15:     1421.100        0.200        0.700        0.800    76162.100
    20:        0.200        0.700        0.800    13423.300
G:
     0:       49.330     1677.130     1699.460     1841.520     9457.780
H:
     0:      187.710
M:
     0:       49.330     1677.130     1699.460     1841.520     9457.780
N:
     0:      187.710
O:
P:
Q:
     0:        0.000        0.000        0.000        0.000        5.000
     5:        1.000        0.000        0.000
\Box15_Comments:
