File: C:\Users\hurdlab\Desktop\data_rme\JS\heroinSA\20220118\ heroinSA_FR1_roomE_20220119



Start Date: 01/19/22
End Date: 01/19/22
Subject: 1
Experiment: heroinSA
Group: heroin
Box: 1
Start Time: 11:29:30
End Time: 14:46:02
MSN: FR_SCRIPT
D:       0.753
E:       0.247
F:      26.000
I:     171.000
J:       0.000
K:   10800.010
L:       3.000
R:       0.000
S:       0.000
T:     815.000
U:       0.000
V:       0.000
W:       1.000
X:       0.000
Y:       0.000
Z:       0.000
A:
     0:        1.000        3.000      500.000     1000.000      180.000
     5:        1.000        1.000        2.000        1.000        0.000
    10:      248.000        0.000
B:
     0:       73.000       55.000       18.000        0.000        0.000
     5:        0.000        0.000
C:
     0:        0.500       99.600        0.500      570.100        0.200
     5:        0.700       53.100        7.100        0.800      169.600
    10:        0.500      647.100        0.200        0.700       25.600
    15:        0.500        0.800      205.600        0.500       22.100
    20:        0.200        0.700        0.800     4013.100        0.200
    25:        0.700       29.600        0.500        0.800     4918.100
    30:        0.200        0.700       68.100        0.800       56.100
    35:        0.200        0.700        0.800      124.100        0.200
    40:        0.700        0.800     8454.100        0.200        0.700
    45:       26.100        9.100        0.800     6289.100        0.200
    50:        0.700       12.100        0.800     3709.600        0.500
    55:     3406.100        0.200        0.700        0.800      133.100
    60:        0.200        0.700        0.800      131.600        0.500
    65:     7552.100        0.200        0.700        0.800      163.100
    70:        0.200        0.700        3.100        0.800     6175.600
    75:        0.500      821.100        0.200        0.700       12.100
    80:        0.800     8223.600        0.500       10.600        0.500
    85:      543.100        0.200        0.700        3.100        0.800
    90:      161.600        0.500     4830.100        0.200        0.700
    95:        3.100        4.100        0.800     6335.100        0.200
   100:        0.700        0.800     3338.100        0.200        0.700
   105:       95.100        3.100        0.800        3.100        0.200
   110:        0.700        5.100       23.100        3.100        6.100
   115:        6.100        6.100        2.100        0.800       60.100
   120:        0.200        0.700        1.100        0.800     9738.100
   125:        0.200        0.700        0.800     3753.100        0.200
   130:        0.700        5.100        4.100        6.100       24.600
   135:        0.500        0.800     3101.600        0.500      518.100
   140:        0.200        0.700        0.800     5467.600        0.500
   145:       57.600        0.500       81.600        0.500        4.600
   150:        0.500     1214.100        0.200        0.700        2.100
   155:        0.800     5155.100        0.200        0.700        1.100
   160:        0.800     6434.100        0.200        0.700       13.100
   165:        4.100        8.100       33.600        0.500        0.800
   170:      815.300
G:
     0:       66.890       72.240       72.920      154.570      179.760
     5:      581.030     1075.690     1082.530     1088.120     1100.550
    10:     1945.930     1948.490     1949.420     2578.360     2579.540
    15:     3291.080     3304.310     4072.680     4088.950     4089.210
    20:     4788.820     4790.050     5667.600     5667.900     6167.050
    25:     6167.380     6167.750     6801.250     7135.070     7144.530
    30:     7144.850     7145.110     7145.660     7147.980     7148.200
    35:     7148.860     7149.450     7150.020     7150.250     7156.260
    40:     7156.360     8130.150     8505.450     8505.950     8506.310
    45:     8506.890     8871.200     9553.520     9553.780    10069.240
    50:    10069.340    10712.750    10714.060    10714.440    10715.210
H:
     0:        9.930       89.820      157.050      177.540      583.920
     5:     2950.420     3317.390     4706.760     5612.380     5613.340
    10:     5683.990     8509.340     8819.450     9417.960     9423.640
    15:     9431.730     9432.140    10718.550
M:
     0:       66.890      154.570      179.760      581.030     1075.690
     5:     1088.120     1100.550     1945.930     2578.360     3291.080
    10:     3304.310     4072.680     4088.950     4788.820     5667.600
    15:     6167.050     6801.250     7135.070     7145.110     7156.260
    20:     8130.150     8505.450     8871.200     9553.520    10069.240
    25:    10712.750
N:
     0:        9.930       89.820      177.540     2950.420     3317.390
     5:     4706.760     5612.380     5613.340     5683.990     8819.450
    10:     9417.960     9423.640     9431.730     9432.140
O:
     0:       72.240       72.920     1082.530     1948.490     1949.420
     5:     2579.540     4089.210     4790.050     5667.900     6167.380
    10:     6167.750     7144.530     7144.850     7145.660     7147.980
    15:     7148.200     7148.860     7149.450     7150.020     7150.250
    20:     7156.360     8505.950     8506.310     8506.890     9553.780
    25:    10069.340    10714.060    10714.440    10715.210
P:
     0:      157.050      583.920     8509.340    10718.550
Q:
     0:    64747.000   248094.000   216667.000    44538.000       26.000
     5:       14.000       29.000        4.000
\Box1_Comments:



Start Date: 01/19/22
End Date: 01/19/22
Subject: 2
Experiment: heroinSA
Group: heroin
Box: 2
Start Time: 11:29:30
End Time: 14:46:02
MSN: FR_SCRIPT
D:       0.736
E:       0.264
F:      40.000
I:     275.000
J:       0.000
K:   10800.010
L:       5.000
R:       0.000
S:       0.000
T:     239.000
U:       0.000
V:       0.000
W:       0.000
X:       0.000
Y:       0.000
Z:       0.000
A:
     0:        2.000        3.000      500.000     1000.000      180.000
     5:        1.000        1.000        2.000        1.000        0.000
    10:      278.000        0.000
B:
     0:      121.000       89.000       32.000        0.000        0.000
     5:        0.000        0.000
C:
     0:        0.500      392.100        0.200        0.700        0.800
     5:      166.100        0.200        0.700        0.800      446.600
    10:        0.500      595.100        0.200        0.700        0.800
    15:      399.600        0.500       19.100        0.200        0.700
    20:        0.800     2446.100        0.200        0.700       14.100
    25:        0.800      288.100        0.200        0.700        6.100
    30:        7.100        5.100        0.800     2831.100        0.200
    35:        0.700        0.800     3852.100        0.200        0.700
    40:        0.800      342.100        0.200        0.700       87.600
    45:        0.500        4.600        0.500        8.600        0.500
    50:        0.800       63.100        0.200        0.700        0.800
    55:     5106.100        0.200        0.700       24.100        1.100
    60:        0.800      116.100        0.200        0.700       16.100
    65:        0.800     1440.100        0.200        0.700        4.100
    70:        0.800     7275.100        0.200        0.700        3.100
    75:        9.100        0.800     4568.600        0.500        5.600
    80:        0.500      146.100        0.200        0.700        4.100
    85:       14.100        0.800      167.100        0.200        0.700
    90:        3.100        0.800      471.100        0.200        0.700
    95:        0.800     6964.600        0.500      280.100        0.200
   100:        0.700       12.100        2.100        9.100        0.800
   105:     3012.100        0.200        0.700        0.800      685.100
   110:        0.200        0.700       39.100       30.100        0.800
   115:       59.100        0.200        0.700        7.100       76.100
   120:        3.100        0.800    10008.600        0.500       10.600
   125:        0.500       53.100        0.200        0.700        9.100
   130:        0.800      427.600        0.500      301.100        0.200
   135:        0.700       14.100       10.100        3.100       31.100
   140:        0.800     4851.100        0.200        0.700        0.800
   145:      137.100        0.200        0.700       12.100        0.800
   150:     7633.100        0.200        0.700        3.100        0.800
   155:      151.100        0.200        0.700        0.800      123.600
   160:        0.500     4297.600        0.500      106.600        0.500
   165:       34.600        0.500       13.600        0.500       37.600
   170:        0.500       16.600        0.500      286.100        0.200
   175:        0.700       56.100        3.100        5.100        0.800
   180:     7057.600        0.500        6.600        0.500        1.600
   185:        0.500        4.600        0.500        6.600        0.500
   190:       12.600        0.500        6.600        0.500     1898.600
   195:        0.500      938.600        0.500        8.600        0.500
   200:        5.600        0.500        6.600        0.500       39.100
   205:        0.200        0.700       57.100        7.100        0.800
   210:       39.100        0.200        0.700       23.100       62.600
   215:        0.500        0.800     4077.600        0.500      472.100
   220:        0.200        0.700        2.100        1.100        0.800
   225:      360.100        0.200        0.700       23.100       13.100
   230:       18.100        2.100        0.800       69.100        0.200
   235:        0.700       84.100        0.800      223.100        0.200
   240:        0.700        0.800     8583.100        0.200        0.700
   245:        0.800      101.100        0.200        0.700       34.100
   250:        0.800      147.100        0.200        0.700       88.100
   255:        0.800       18.100        0.200        0.700        0.800
   260:     7907.100        0.200        0.700       13.100        0.800
   265:     4146.100        0.200        0.700        7.100        4.100
   270:       22.100        5.100       19.100        0.800      239.300
G:
     0:       39.220       55.850      159.950      201.780      446.340
     5:      447.710      476.490      477.150      477.820      478.370
    10:      761.420     1146.660     1180.790     1197.060     1707.650
    15:     1710.030     1710.160     1721.710     1723.360     1867.370
    20:     1867.770     2595.260     2595.510     2596.480     3068.370
    25:     3068.750     3070.160     3086.850     3087.140     3134.260
    30:     3858.620     3859.820     3860.070     3860.980     4162.150
    35:     4230.630     4234.490     4237.580     4243.410     4244.110
    40:     4251.750     4252.010     5259.110     5260.080     5332.810
    45:     5334.240     5335.270     5335.580     5338.630     5823.770
    50:     5837.430     5838.620     6601.960     6602.200     6617.350
    55:     7108.530     7114.140     7114.460     7114.930     8113.490
    60:     8119.230     8119.910     8123.860     8126.180     8587.260
    65:     8587.430     8587.570     8623.540     8625.840     8627.170
    70:     8628.980     8629.150     8636.030     8644.420     8666.740
    75:     9525.000     9535.090     9538.560     9553.250     9562.070
    80:     9563.810    10354.520    10355.820    10770.440    10771.120
    85:    10771.500    10773.750    10774.210    10776.100
H:
     0:      100.410      199.840     1189.570     1189.970     1190.740
     5:     3053.200     3053.700     3830.590     5252.820     5253.820
    10:     5302.730     6629.680     7059.370     7069.970     7073.350
    15:     7074.660     7078.330     7079.890     7820.650     7821.200
    20:     7821.330     7821.760     7822.300     7823.520     7824.130
    25:     8013.930     8107.740     8108.560     8109.010     8109.610
    30:     8132.300     8540.010
M:
     0:       39.220       55.850      159.950      201.780      446.340
     5:      476.490      761.420     1146.660     1180.790     1197.060
    10:     1707.650     1721.710     1867.370     2595.260     3068.370
    15:     3086.850     3134.260     3858.620     4162.150     4230.630
    20:     4243.410     5259.110     5332.810     5823.770     5837.430
    25:     6601.960     6617.350     7108.530     8113.490     8123.860
    30:     8587.260     8623.540     8636.030     8666.740     9525.000
    35:     9535.090     9553.250     9563.810    10354.520    10770.440
N:
     0:      100.410      199.840     3053.200     3053.700     3830.590
     5:     5252.820     5253.820     5302.730     6629.680     7059.370
    10:     7069.970     7073.350     7074.660     7078.330     7079.890
    15:     7820.650     7821.200     7821.330     7821.760     7822.300
    20:     7823.520     7824.130     8013.930     8107.740     8108.560
    25:     8109.010     8109.610     8540.010
O:
     0:      447.710      477.150      477.820      478.370     1710.030
     5:     1710.160     1723.360     1867.770     2595.510     2596.480
    10:     3068.750     3070.160     3087.140     3859.820     3860.070
    15:     3860.980     4234.490     4237.580     4244.110     4251.750
    20:     4252.010     5260.080     5334.240     5335.270     5335.580
    25:     5338.630     5838.620     6602.200     7114.140     7114.460
    30:     7114.930     8119.230     8119.910     8126.180     8587.430
    35:     8587.570     8625.840     8627.170     8628.980     8629.150
    40:     8644.420     9538.560     9562.070    10355.820    10771.120
    45:    10771.500    10773.750    10774.210    10776.100
P:
     0:     1189.570     1189.970     1190.740     8132.300
Q:
     0:   152556.000   177992.000   157801.000    71218.000       40.000
     5:       28.000       49.000        4.000
\Box2_Comments:



Start Date: 01/19/22
End Date: 01/19/22
Subject: 3
Experiment: heroinSA
Group: heroin
Box: 3
Start Time: 11:29:30
End Time: 14:46:02
MSN: FR_SCRIPT_box3
D:       0.543
E:       0.457
F:      15.000
I:     149.000
J:       0.000
K:   10800.010
L:       1.000
R:       0.000
S:       0.000
T:      22.000
U:       0.000
V:       0.000
W:       0.000
X:       0.000
Y:       0.000
Z:       0.000
A:
     0:        1.000        3.000      500.000     1000.000      180.000
     5:        1.000        1.000        2.000        1.000        0.000
    10:      265.000        0.000
B:
     0:       70.000       38.000       32.000        0.000        0.000
     5:        0.000        0.000
C:
     0:        0.500     1042.600        0.500        6.600        0.500
     5:      939.100        0.200        0.700        0.800     1035.100
    10:        0.200        0.700        0.800     7763.100        0.200
    15:        0.700       18.100       12.100        0.800      131.100
    20:        0.200        0.700        0.800     7239.100        0.200
    25:        0.700        0.800     9507.600        0.500      221.100
    30:        0.200        0.700       18.100        0.800      136.600
    35:        0.500        3.600        0.500     6546.100        0.200
    40:        0.700        7.100        3.100       14.100        4.100
    45:       46.600        0.500        0.800    13641.600        0.500
    50:     9726.600        0.500        2.600        0.500        4.600
    55:        0.500        5.600        0.500       23.600        0.500
    60:       22.600        0.500        3.600        0.500       23.600
    65:        0.500        5.600        0.500       21.600        0.500
    70:       10.600        0.500        1.600        0.500       21.600
    75:        0.500        9.600        0.500       23.600        0.500
    80:        7.600        0.500      109.600        0.500        1.600
    85:        0.500      385.100        0.200        0.700       13.100
    90:       18.100       16.100        0.800      115.100        0.200
    95:        0.700       22.100       29.100       37.100        5.100
   100:        0.800       61.100        0.200        0.700       10.100
   105:       11.100        0.800    11989.100        0.200        0.700
   110:       12.100       77.100        2.100        0.800     9287.100
   115:        0.200        0.700        0.800      457.100        0.200
   120:        0.700       12.100        5.100       24.100        0.800
   125:    10440.100        0.200        0.700        0.800      168.600
   130:        0.500    14926.600        0.500       10.600        0.500
   135:       19.600        0.500       40.600        0.500       13.600
   140:        0.500        5.600        0.500     1324.100        0.200
   145:        0.700      100.100        0.800       22.300
G:
     0:      198.750      302.190     1078.510     1080.350     1081.540
     5:     1094.630     1818.500     2791.320     2793.090     3461.660
    10:     3462.360     3462.680     3464.000     3464.430     5873.130
    15:     5874.450     5876.200     5877.870     5889.330     5891.500
    20:     5894.390     5898.180     5898.650     5904.720     5905.770
    25:     5906.850     7105.780     7106.920     7114.670     7114.860
    30:     8043.490     8089.250     8090.400     8090.960     8093.340
    35:     9137.300    10787.860    10797.830
H:
     0:      104.230      104.830     2769.240     2806.710     2807.010
     5:     3469.080     4833.170     5805.710     5805.960     5806.300
    10:     5806.870     5809.110     5811.380     5811.620     5813.970
    15:     5814.410     5816.550     5817.510     5817.620     5819.700
    20:     5820.630     5822.900     5823.600     5834.570     5834.680
    25:     9154.110    10646.780    10647.730    10649.630    10653.670
    30:    10654.910    10655.480
M:
     0:      198.750      302.190     1078.510     1094.630     1818.500
     5:     2791.320     3461.660     5873.130     5889.330     5904.720
    10:     7105.780     8043.490     8089.250     9137.300    10787.860
N:
     0:      104.230      104.830     2769.240     2806.710     2807.010
     5:     4833.170     5805.710     5805.960     5806.300     5806.870
    10:     5809.110     5811.380     5811.620     5813.970     5814.410
    15:     5816.550     5817.510     5817.620     5819.700     5820.630
    20:     5822.900     5823.600     5834.570     5834.680     9154.110
    25:    10646.780    10647.730    10649.630    10653.670    10654.910
    30:    10655.480
O:
     0:     1080.350     1081.540     2793.090     3462.360     3462.680
     5:     3464.000     3464.430     5874.450     5876.200     5877.870
    10:     5891.500     5894.390     5898.180     5898.650     5905.770
    15:     5906.850     7106.920     7114.670     7114.860     8090.400
    20:     8090.960     8093.340    10797.830
P:
     0:     3469.080
Q:
     0:        0.000   201983.000   254428.000    98142.000       15.000
     5:       31.000       23.000        1.000
\Box3_Comments:



Start Date: 01/19/22
End Date: 01/19/22
Subject: 4
Experiment: heroinSA
Group: heroin
Box: 4
Start Time: 11:29:30
End Time: 14:46:02
MSN: FR_SCRIPT_box4
D:       0.887
E:       0.113
F:      26.000
I:     139.000
J:       0.000
K:   10800.010
L:       1.000
R:       0.000
S:       0.000
T:    6568.000
U:       0.000
V:       0.000
W:       0.000
X:       0.000
Y:       0.000
Z:       0.000
A:
     0:        2.000        3.000      500.000     1000.000      180.000
     5:        1.000        1.000        2.000        1.000        0.000
    10:      242.000        0.000
B:
     0:       53.000       47.000        6.000        0.000        0.000
     5:        0.000        0.000
C:
     0:        0.500      120.100        0.200        0.700        0.800
     5:     1663.100        0.200        0.700        5.100        0.800
    10:     1749.100        0.200        0.700       40.100        0.800
    15:     1506.100        0.200        0.700        9.100        0.800
    20:     2245.100        0.200        0.700        0.800     2978.100
    25:        0.200        0.700       24.100       19.100        0.800
    30:      422.100        0.200        0.700       24.100        0.800
    35:      243.100        0.200        0.700        0.800    10009.100
    40:        0.200        0.700        0.800      142.100        0.200
    45:        0.700        0.800     8146.100        0.200        0.700
    50:       26.100        0.800     4387.100        0.200        0.700
    55:        0.800      200.600        0.500     8590.100        0.200
    60:        0.700        2.100        0.800      152.600        0.500
    65:      774.100        0.200        0.700        0.800    12687.600
    70:        0.500      415.100        0.200        0.700        0.800
    75:      468.600        0.500     2954.100        0.200        0.700
    80:        5.100        0.800      448.100        0.200        0.700
    85:        0.800    11543.100        0.200        0.700       96.600
    90:        0.500        0.800       59.100        0.200        0.700
    95:        9.100       30.100       42.100        0.800      149.100
   100:        0.200        0.700       23.100        0.800      300.100
   105:        0.200        0.700        0.800    19669.100        0.200
   110:        0.700       24.100        0.800      114.600        0.500
   115:      565.100        0.200        0.700       13.100        3.100
   120:        3.100        4.100        0.800     7822.100        0.200
   125:        0.700        7.100        0.800      300.100        0.200
   130:        0.700       24.100        0.800      173.100        0.200
   135:        0.700        8.100        0.800     6568.300
G:
     0:       12.070      178.360      178.830      353.770      357.710
     5:      508.310      509.270      733.730     1031.500     1033.960
    10:     1035.860     1078.010     1080.470     1104.710     2105.650
    15:     2119.820     2934.460     2937.040     3375.700     4254.730
    20:     4254.930     4347.550     5657.700     5999.950     6000.430
    25:     6045.240     7199.530     7215.040     7215.920     7218.910
    30:     7223.180     7238.040     7240.360     7270.290     9237.280
    35:     9239.640     9307.520     9308.820     9309.120     9309.450
    40:     9309.800    10092.060    10092.700    10122.770    10125.160
    45:    10142.430    10143.250
H:
     0:     3395.780     4270.150     5616.200     5704.550     7209.140
     5:     9250.990
M:
     0:       12.070      178.360      353.770      508.310      733.730
     5:     1031.500     1078.010     1104.710     2105.650     2119.820
    10:     2934.460     3375.700     4254.730     4347.550     5657.700
    15:     5999.950     6045.240     7199.530     7215.040     7238.040
    20:     7270.290     9237.280     9307.520    10092.060    10122.770
    25:    10142.430
N:
     0:     3395.780     4270.150     5616.200     5704.550     9250.990
O:
     0:      178.830      357.710      509.270     1033.960     1035.860
     5:     1080.470     2937.040     4254.930     6000.430     7215.920
    10:     7218.910     7223.180     7240.360     9239.640     9308.820
    15:     9309.120     9309.450     9309.800    10092.700    10125.160
    20:    10143.250
P:
     0:     7209.140
Q:
     0:    90956.000   132258.000   220904.000   122247.000       26.000
     5:        5.000       21.000        1.000
\Box4_Comments:



Start Date: 01/19/22
End Date: 01/19/22
Subject: 5
Experiment: heroinSA
Group: heroin
Box: 5
Start Time: 11:29:30
End Time: 14:46:02
MSN: FR_SCRIPT
D:       0.735
E:       0.265
F:      39.000
I:     205.000
J:       0.000
K:   10800.010
L:       0.000
R:       0.000
S:       0.000
T:    3510.000
U:       0.000
V:       1.000
W:       0.000
X:       0.000
Y:       0.000
Z:       0.000
A:
     0:        1.000        3.000      500.000     1000.000      180.000
     5:        1.000        1.000        2.000        1.000        0.000
    10:      279.000        0.000
B:
     0:       68.000       50.000       18.000        0.000        0.000
     5:        0.000        0.000
C:
     0:        0.500     4328.600        0.500      507.100        0.200
     5:        0.700        0.800      302.100        0.200        0.700
    10:       27.100        0.800     4192.100        0.200        0.700
    15:        0.800      834.100        0.200        0.700        0.800
    20:     5390.100        0.200        0.700        0.800     3960.100
    25:        0.200        0.700        0.800      405.100        0.200
    30:        0.700        0.800      668.100        0.200        0.700
    35:        0.800     3856.100        0.200        0.700        0.800
    40:     5202.100        0.200        0.700        0.800     1075.600
    45:        0.500      197.100        0.200        0.700        0.800
    50:     1896.100        0.200        0.700        0.800      150.100
    55:        0.200        0.700       82.100        0.800     3287.100
    60:        0.200        0.700        0.800     1916.600        0.500
    65:      936.100        0.200        0.700        0.800     4756.600
    70:        0.500     2149.600        0.500       72.600        0.500
    75:      443.100        0.200        0.700       14.100        0.800
    80:     1010.600        0.500      389.100        0.200        0.700
    85:        0.800      863.100        0.200        0.700        0.800
    90:     3250.100        0.200        0.700       24.100        0.800
    95:     4158.600        0.500      306.600        0.500       11.600
   100:        0.500      526.100        0.200        0.700        0.800
   105:     5208.100        0.200        0.700       76.600        0.500
   110:        0.800      356.100        0.200        0.700       11.100
   115:        0.800     6752.600        0.500     2943.600        0.500
   120:       92.100        0.200        0.700       17.100        0.800
   125:      142.100        0.200        0.700       59.600        0.500
   130:        0.800     4749.100        0.200        0.700       69.100
   135:        0.800     1372.100        0.200        0.700        0.800
   140:     1775.100        0.200        0.700        0.800     4951.100
   145:        0.200        0.700        0.800     3166.100        0.200
   150:        0.700       96.100        0.800      439.100        0.200
   155:        0.700        0.800     1244.600        0.500      302.100
   160:        0.200        0.700       25.100        0.800      156.600
   165:        0.500     1590.100        0.200        0.700        0.800
   170:      308.600        0.500       33.100        0.200        0.700
   175:        0.800     5833.100        0.200        0.700        0.800
   180:      145.600        0.500      308.100        0.200        0.700
   185:        0.800      588.100        0.200        0.700        0.800
   190:     4215.100        0.200        0.700       17.100        0.800
   195:       96.100        0.200        0.700       92.100        0.800
   200:       84.100        0.200        0.700        0.800     3510.300
G:
     0:      483.560      513.720      516.440      935.670     1019.050
     5:     1558.050     1954.000     1994.560     2061.310     2446.960
    10:     2967.130     3094.340     3283.960     3298.920     3307.120
    15:     3635.840     3921.040     4663.010     4664.470     4804.320
    20:     4890.660     5215.670     5218.050     5718.150     6238.900
    25:     6282.130     6283.240     7261.980     7263.640     7277.820
    30:     7758.650     7765.570     7902.750     8080.200     8575.330
    35:     8891.920     8901.510     8945.470     9100.000     9102.580
    40:     9277.140     9311.260     9894.490     9939.800     9998.610
    45:    10420.180    10421.860    10431.390    10440.670    10449.030
H:
     0:      432.820     3074.660     3827.430     4396.670     4611.530
     5:     4618.770     4765.410     5633.850     5664.470     5665.530
    10:     6246.550     6958.420     7252.770     7283.690     9069.810
    15:     9118.150     9307.940     9909.010
M:
     0:      483.560      513.720      935.670     1019.050     1558.050
     5:     1954.000     1994.560     2061.310     2446.960     2967.130
    10:     3094.340     3283.960     3298.920     3635.840     3921.040
    15:     4663.010     4804.320     4890.660     5215.670     5718.150
    20:     6238.900     6282.130     7261.980     7277.820     7758.650
    25:     7902.750     8080.200     8575.330     8891.920     8945.470
    30:     9100.000     9277.140     9311.260     9894.490     9939.800
    35:     9998.610    10420.180    10431.390    10449.030
N:
     0:      432.820     3074.660     3827.430     4396.670     4611.530
     5:     4618.770     4765.410     5633.850     5664.470     5665.530
    10:     6958.420     7252.770     9069.810     9118.150     9307.940
    15:     9909.010
O:
     0:      516.440     3307.120     4664.470     5218.050     6283.240
     5:     7263.640     7765.570     8901.510     9102.580    10421.860
    10:    10440.670
P:
     0:     6246.550     7283.690
Q:
     0:   186548.000   271414.000   136201.000    35963.000       39.000
     5:       16.000       11.000        2.000
\Box5_Comments:



Start Date: 01/19/22
End Date: 01/19/22
Subject: 6
Experiment: heroinSA
Group: heroin
Box: 6
Start Time: 11:29:30
End Time: 14:46:02
MSN: FR_SCRIPT
D:       1.000
E:       0.000
F:      39.000
I:     216.000
J:       0.000
K:   10800.010
L:       5.000
R:       0.000
S:       0.000
T:    3100.000
U:       0.000
V:       0.000
W:       0.000
X:       0.000
Y:       0.000
Z:       0.000
A:
     0:        2.000        3.000      500.000     1000.000      180.000
     5:        1.000        1.000        2.000        1.000        0.000
    10:      256.000        0.000
B:
     0:       97.000       97.000        0.000        0.000        0.000
     5:        0.000        0.000
C:
     0:        0.500     1276.100        0.200        0.700       11.100
     5:        0.800      863.100        0.200        0.700        5.100
    10:        0.800      225.100        0.200        0.700       19.100
    15:        3.100        0.800      284.100        0.200        0.700
    20:        4.100        2.100        0.800      615.100        0.200
    25:        0.700        6.100        0.800     2871.100        0.200
    30:        0.700        7.100        0.800      240.100        0.200
    35:        0.700        0.800     4007.100        0.200        0.700
    40:        0.800     1967.100        0.200        0.700        8.100
    45:        2.100        7.100        0.800     1819.100        0.200
    50:        0.700        0.800     3012.100        0.200        0.700
    55:       17.100        0.800      645.100        0.200        0.700
    60:        0.800      228.100        0.200        0.700       12.100
    65:       16.100        0.800     5981.100        0.200        0.700
    70:       12.100        0.800      558.100        0.200        0.700
    75:        4.100       32.100        0.800       97.100        0.200
    80:        0.700        0.800     2982.100        0.200        0.700
    85:       15.100        0.800     7229.100        0.200        0.700
    90:        3.100        0.800      966.100        0.200        0.700
    95:       39.100        0.800       75.100        0.200        0.700
   100:        3.100        2.100        5.100        2.100        0.800
   105:     8525.100        0.200        0.700       69.100        0.800
   110:     2687.100        0.200        0.700       13.100       10.100
   115:        5.100        3.100       14.100        3.100        0.800
   120:     1019.100        0.200        0.700        3.100        6.100
   125:        7.100        2.100        2.100        2.100        0.800
   130:     5567.100        0.200        0.700        0.800     1985.100
   135:        0.200        0.700        0.800     5405.100        0.200
   140:        0.700        0.800     3280.100        0.200        0.700
   145:        0.800     4800.100        0.200        0.700        0.800
   150:      960.100        0.200        0.700        0.800     4044.100
   155:        0.200        0.700        0.800     1417.100        0.200
   160:        0.700        2.100        0.800      975.100        0.200
   165:        0.700       31.100        0.800     1534.100        0.200
   170:        0.700        0.800     9458.100        0.200        0.700
   175:       10.100       60.100        7.100        1.100        7.100
   180:        1.100        0.800       28.100        0.200        0.700
   185:       20.100       10.100       19.100        0.800    10359.100
   190:        0.200        0.700       16.100       10.100       18.100
   195:        0.800     6058.100        0.200        0.700       39.100
   200:       38.100        0.800       27.100        0.200        0.700
   205:        0.800      107.100        0.200        0.700       18.100
   210:        3.100        5.100       27.100        8.100        0.800
   215:     3100.300
G:
     0:      127.620      128.710      215.010      215.540      238.010
     5:      239.920      240.250      268.680      269.030      269.250
    10:      330.710      331.320      618.430      619.110      643.150
    15:     1043.820     1240.540     1241.310     1241.570     1242.230
    20:     1424.150     1725.380     1727.050     1791.560     1814.350
    25:     1815.540     1817.100     2415.260     2416.430     2472.270
    30:     2472.630     2475.860     2485.560     2783.770     2785.260
    35:     3508.110     3508.420     3605.070     3608.920     3616.400
    40:     3616.690     3616.970     3617.480     3617.680     4470.180
    45:     4477.080     4745.770     4747.040     4748.080     4748.540
    50:     4748.810     4750.260     4750.540     4852.390     4852.770
    55:     4853.310     4854.040     4854.220     4854.440     4854.610
    60:     5411.350     5609.880     6150.310     6478.310     6958.310
    65:     7054.340     7458.700     7600.420     7600.610     7698.120
    70:     7701.220     7854.610     8800.410     8801.470     8807.430
    75:     8808.110     8808.230     8808.940     8809.000     8811.800
    80:     8813.790     8814.800     8816.700     9852.630     9854.260
    85:     9855.230     9857.080    10462.800    10466.770    10470.520
    90:    10473.280    10483.980    10485.720    10486.040    10486.570
    95:    10489.260    10490.010
H:
M:
     0:      127.620      215.010      238.010      268.680      330.710
     5:      618.430      643.150     1043.820     1240.540     1424.150
    10:     1725.380     1791.560     1814.350     2415.260     2472.270
    15:     2485.560     2783.770     3508.110     3605.070     3616.400
    20:     4470.180     4745.770     4852.390     5411.350     5609.880
    25:     6150.310     6478.310     6958.310     7054.340     7458.700
    30:     7600.420     7698.120     7854.610     8800.410     8811.800
    35:     9852.630    10462.800    10473.280    10483.980
N:
O:
     0:      128.710      215.540      239.920      240.250      269.030
     5:      269.250      331.320      619.110     1241.310     1241.570
    10:     1242.230     1727.050     1815.540     1817.100     2416.430
    15:     2472.630     2475.860     2785.260     3508.420     3608.920
    20:     3616.690     3616.970     3617.480     3617.680     4477.080
    25:     4747.040     4748.080     4748.540     4748.810     4750.260
    30:     4750.540     4852.770     4853.310     4854.040     4854.220
    35:     4854.440     4854.610     7600.610     7701.220     8801.470
    40:     8807.430     8808.110     8808.230     8808.940     8809.000
    45:     8813.790     8814.800     8816.700     9854.260     9855.230
    50:     9857.080    10466.770    10470.520    10485.720    10486.040
    55:    10486.570    10489.260    10490.010
P:
Q:
     0:   308654.000   239764.000    18052.000     3821.000       39.000
     5:        0.000       58.000        0.000
\Box6_Comments:



Start Date: 01/19/22
End Date: 01/19/22
Subject: 7
Experiment: heroinSA
Group: heroin
Box: 7
Start Time: 11:29:30
End Time: 14:46:02
MSN: FR_SCRIPT
D:       0.865
E:       0.135
F:      25.000
I:     161.000
J:       0.000
K:   10800.010
L:       0.000
R:       0.000
S:       0.000
T:    1950.000
U:       0.000
V:       1.000
W:       0.000
X:       0.000
Y:       0.000
Z:       0.000
A:
     0:        1.000        3.000      500.000     1000.000      180.000
     5:        1.000        1.000        2.000        1.000        0.000
    10:      283.000        0.000
B:
     0:       74.000       64.000       10.000        0.000        0.000
     5:        0.000        0.000
C:
     0:        0.500      698.600        0.500      309.100        0.200
     5:        0.700       30.100        4.100        4.100        0.800
    10:      185.600        0.500      682.100        0.200        0.700
    15:        2.100        3.100        0.800       98.600        0.500
    20:        1.600        0.500        2.600        0.500        5.600
    25:        0.500       13.600        0.500        1.600        0.500
    30:        2.600        0.500     1085.100        0.200        0.700
    35:       46.600        0.500       29.100       15.100        2.100
    40:        0.800     4450.100        0.200        0.700        6.100
    45:        0.800     2408.100        0.200        0.700        0.800
    50:      135.100        0.200        0.700       52.100        0.800
    55:      151.100        0.200        0.700        0.800     8242.100
    60:        0.200        0.700        0.800      495.100        0.200
    65:        0.700        2.100        0.800     5444.100        0.200
    70:        0.700        0.800     5076.100        0.200        0.700
    75:       57.100        0.800     4717.100        0.200        0.700
    80:        7.100        0.800      198.100        0.200        0.700
    85:       53.100        0.800    15173.100        0.200        0.700
    90:       26.100       14.100        2.100       28.100        3.100
    95:       15.100        4.100        8.100        0.800       26.100
   100:        0.200        0.700       15.100       20.100        5.100
   105:       14.100       12.100       27.100        0.800       25.100
   110:        0.200        0.700       18.100        8.100        4.100
   115:       24.100       14.100        0.800    11223.100        0.200
   120:        0.700        0.800     4199.100        0.200        0.700
   125:        3.100       28.100        1.100        0.800      142.100
   130:        0.200        0.700       10.100        0.800    12679.100
   135:        0.200        0.700        0.800     2242.100        0.200
   140:        0.700        0.800     4708.100        0.200        0.700
   145:       41.100        2.100        0.800     6170.100        0.200
   150:        0.700        0.800     9492.100        0.200        0.700
   155:        0.800     4916.100        0.200        0.700        0.800
   160:     1950.300
G:
     0:      100.770      103.720      104.150      104.580      191.260
     5:      191.390      191.760      312.460      319.940      321.460
    10:      321.680      766.650      767.270     1008.050     1021.560
    15:     1026.740     1041.860     1866.000     1915.540     1915.770
    20:     2460.160     2967.740     2973.440     3445.140     3445.830
    25:     3465.640     3470.950     4988.280     4990.830     4992.280
    30:     4992.400     4995.280     4995.510     4997.080     4997.470
    35:     4998.220     5000.860     5002.380     5004.370     5004.850
    40:     5006.240     5007.480     5010.090     5012.610     5014.410
    45:     5015.250     5015.610     5018.040     5019.460     6141.720
    50:     6561.620     6561.890     6564.690     6564.790     6579.060
    55:     6580.030     7847.950     8072.140     8542.890     8547.060
    60:     8547.230     9164.240    10113.390    10605.030
H:
     0:       69.850      123.070      201.530      201.650      201.800
     5:      202.340      203.640      203.780      203.920      317.070
M:
     0:      100.770      191.260      312.460      766.650     1008.050
     5:     1021.560     1041.860     1866.000     1915.540     2460.160
    10:     2967.740     3445.140     3465.640     4988.280     5000.860
    15:     5012.610     6141.720     6561.620     6579.060     7847.950
    20:     8072.140     8542.890     9164.240    10113.390    10605.030
N:
     0:       69.850      123.070      201.530      201.650      201.800
     5:      202.340      203.640      203.780      203.920
O:
     0:      103.720      104.150      104.580      191.390      191.760
     5:      319.940      321.460      321.680      767.270     1026.740
    10:     1915.770     2973.440     3445.830     3470.950     4990.830
    15:     4992.280     4992.400     4995.280     4995.510     4997.080
    20:     4997.470     4998.220     5002.380     5004.370     5004.850
    25:     5006.240     5007.480     5010.090     5014.410     5015.250
    30:     5015.610     5018.040     5019.460     6561.890     6564.690
    35:     6564.790     6580.030     8547.060     8547.230
P:
     0:      317.070
Q:
     0:   117481.000   205647.000   116374.000    75822.000       25.000
     5:        9.000       39.000        1.000
\Box7_Comments:



Start Date: 01/19/22
End Date: 01/19/22
Subject: 8
Experiment: heroinSA
Group: heroin
Box: 8
Start Time: 11:29:30
End Time: 14:46:02
MSN: FR_SCRIPT
D:       0.831
E:       0.169
F:      47.000
I:     302.000
J:       0.000
K:   10800.010
L:       0.000
R:       0.000
S:       0.000
T:     375.000
U:       0.000
V:       0.000
W:       1.000
X:       0.000
Y:       0.000
Z:       0.000
A:
     0:        2.000        3.000      500.000     1000.000      180.000
     5:        1.000        1.000        2.000        1.000        0.000
    10:      249.000        0.000
B:
     0:      136.000      113.000       23.000        0.000        0.000
     5:        0.000        0.000
C:
     0:        0.500      281.100        0.200        0.700       15.100
     5:        0.800      363.100        0.200        0.700       12.100
    10:        0.800      624.600        0.500      105.600        0.500
    15:     1007.100        0.200        0.700        0.800      443.100
    20:        0.200        0.700        8.100        3.100       17.100
    25:        0.800     2102.100        0.200        0.700       15.100
    30:        0.800     5041.100        0.200        0.700       19.100
    35:        0.800      210.100        0.200        0.700       75.100
    40:        0.800      113.100        0.200        0.700        0.800
    45:     5829.100        0.200        0.700        5.100       36.100
    50:        0.800      365.100        0.200        0.700        0.800
    55:      222.600        0.500       28.600        0.500     1823.100
    60:        0.200        0.700        0.800     1945.100        0.200
    65:        0.700        0.800     5302.100        0.200        0.700
    70:        6.100       19.100        0.800      165.100        0.200
    75:        0.700        0.800     2618.100        0.200        0.700
    80:        0.800     6844.100        0.200        0.700        0.800
    85:      135.100        0.200        0.700       35.100       11.100
    90:        1.100        2.100        3.100       47.100        0.800
    95:        8.100        0.200        0.700       13.100       27.100
   100:        2.100        6.100       17.100       18.100        0.800
   105:      115.100        0.200        0.700        0.800     5990.100
   110:        0.200        0.700       16.100       21.100       14.100
   115:        0.800     2175.100        0.200        0.700        0.800
   120:      549.100        0.200        0.700        0.800     9155.100
   125:        0.200        0.700        0.800      313.100        0.200
   130:        0.700       12.100        0.800     8965.100        0.200
   135:        0.700        0.800      223.100        0.200        0.700
   140:        9.100        0.800      614.100        0.200        0.700
   145:        0.800     6630.100        0.200        0.700       24.100
   150:        1.100        2.100       16.100        0.800      813.600
   155:        0.500        1.600        0.500       73.100        0.200
   160:        0.700        0.800      284.100        0.200        0.700
   165:        0.800     8247.100        0.200        0.700        5.100
   170:       12.100        4.100       10.100       23.100       39.100
   175:        0.800       10.100        0.200        0.700       11.100
   180:       15.100       11.100       38.100       25.100        0.800
   185:       19.100        0.200        0.700       11.100        0.800
   190:      111.100        0.200        0.700       50.100        0.800
   195:     4872.100        0.200        0.700        0.800     2250.100
   200:        0.200        0.700        8.100        0.800     2738.600
   205:        0.500       97.600        0.500        6.600        0.500
   210:       53.600        0.500       62.600        0.500       99.600
   215:        0.500        2.600        0.500       12.600        0.500
   220:       41.600        0.500       16.600        0.500        5.600
   225:        0.500       88.100        0.200        0.700       11.100
   230:       12.100        2.100       19.100       34.100       11.100
   235:        0.800       12.100        0.200        0.700        5.100
   240:       12.100        7.100        0.800     4676.100        0.200
   245:        0.700       41.100        8.100       33.100       11.100
   250:        0.800       15.100        0.200        0.700        3.100
   255:        0.800     4136.100        0.200        0.700       69.600
   260:        0.500       15.600        0.500       13.600        0.500
   265:        0.800        5.600        0.500       39.600        0.500
   270:     1528.100        0.200        0.700       11.100       11.100
   275:       12.100       55.100        0.800       30.100        0.200
   280:        0.700        0.800     1864.600        0.500      601.100
   285:        0.200        0.700       74.100        0.800     1026.100
   290:        0.200        0.700        0.800      226.100        0.200
   295:        0.700        0.800     2008.100        0.200        0.700
   300:        0.800      375.300
G:
     0:       28.180       29.610       65.950       67.170      240.700
     5:      285.000      285.880      286.150      287.870      497.990
    10:      499.540     1003.600     1005.550     1026.490     1034.020
    15:     1045.320     1628.270     1628.730     1632.310     1668.860
    20:     1876.120     2070.590     2600.880     2601.430     2603.300
    25:     2619.790     2881.630     3566.070     3579.520     3583.060
    30:     3584.110     3584.260     3584.390     3584.750     3589.470
    35:     3590.280     3591.540     3594.190     3594.450     3595.030
    40:     3596.730     3598.510     3610.080     4209.070     4210.620
    45:     4212.750     4214.120     4431.660     4486.520     5402.050
    50:     5433.320     5434.500     6331.030     6353.320     6354.190
    55:     6415.660     7078.680     7081.000     7081.110     7081.350
    60:     7082.980     7171.620     7200.050     8024.730     8025.210
    65:     8026.450     8026.820     8027.880     8030.150     8034.080
    70:     8035.080     8036.100     8037.630     8038.770     8042.560
    75:     8045.040     8046.930     8048.000     8059.120     8064.140
    80:     8551.340     8776.320     8777.110     9098.990     9100.170
    85:     9101.320     9101.490     9103.400     9106.810     9107.960
    90:     9109.150     9109.610     9110.830     9111.560     9579.150
    95:     9583.190     9584.070     9587.360     9588.450     9589.950
   100:     9590.230    10003.830    10170.760    10171.800    10172.960
   105:    10174.160    10179.610    10182.650    10429.120    10436.550
   110:    10539.120    10561.750    10762.570
H:
     0:      129.500      139.990     1691.070     1693.800     7164.190
     5:     7164.300     9050.950     9060.620     9061.190     9066.580
    10:     9072.710     9082.590     9082.880     9084.010     9088.180
    15:     9089.770     9090.250    10010.700    10012.260    10013.540
    20:    10014.060    10017.970    10369.040
M:
     0:       28.180       65.950      240.700      285.000      497.990
     5:     1003.600     1026.490     1045.320     1628.270     1668.860
    10:     1876.120     2070.590     2600.880     2619.790     2881.630
    15:     3566.070     3579.520     3590.280     3610.080     4209.070
    20:     4431.660     4486.520     5402.050     5433.320     6331.030
    25:     6353.320     6415.660     7078.680     7171.620     7200.050
    30:     8024.730     8035.080     8046.930     8059.120     8551.340
    35:     8776.320     9098.990     9109.150     9579.150     9589.950
    40:    10003.830    10170.760    10182.650    10429.120    10539.120
    45:    10561.750    10762.570
N:
     0:      129.500      139.990     1691.070     1693.800     7164.190
     5:     7164.300     9050.950     9060.620     9061.190     9066.580
    10:     9072.710     9082.590     9082.880     9084.010     9088.180
    15:     9089.770     9090.250    10014.060    10017.970    10369.040
O:
     0:       29.610       67.170      285.880      286.150      287.870
     5:      499.540     1005.550     1034.020     1628.730     1632.310
    10:     2601.430     2603.300     3583.060     3584.110     3584.260
    15:     3584.390     3584.750     3589.470     3591.540     3594.190
    20:     3594.450     3595.030     3596.730     3598.510     4210.620
    25:     4212.750     4214.120     5434.500     6354.190     7081.000
    30:     7081.110     7081.350     7082.980     8025.210     8026.450
    35:     8026.820     8027.880     8030.150     8034.080     8036.100
    40:     8037.630     8038.770     8042.560     8045.040     8048.000
    45:     8064.140     8777.110     9100.170     9101.320     9101.490
    50:     9103.400     9106.810     9107.960     9109.610     9110.830
    55:     9111.560     9583.190     9584.070     9587.360     9588.450
    60:     9590.230    10171.800    10172.960    10174.160    10179.610
    65:    10436.550
P:
     0:    10010.700    10012.260    10013.540
Q:
     0:   177564.000   186559.000   133242.000    45066.000       47.000
     5:       20.000       66.000        3.000
\Box8_Comments:



Start Date: 01/19/22
End Date: 01/19/22
Subject: 9
Experiment: heroinSA
Group: heroin
Box: 9
Start Time: 11:29:30
End Time: 14:46:02
MSN: FR_SCRIPT
D:       0.925
E:       0.075
F:      40.000
I:     251.000
J:       0.000
K:   10800.010
L:       2.000
R:       0.000
S:       0.000
T:    5920.000
U:       0.000
V:       0.000
W:       0.000
X:       0.000
Y:       0.000
Z:       0.000
A:
     0:        1.000        3.000      500.000     1000.000      180.000
     5:        1.000        1.000        2.000        1.000        0.000
    10:      263.000        0.000
B:
     0:      120.000      111.000        9.000        0.000        0.000
     5:        0.000        0.000
C:
     0:        0.500      190.600        0.500      733.600        0.500
     5:        4.600        0.500        3.600        0.500      652.100
    10:        0.200        0.700       21.100        3.100       38.100
    15:       14.100        0.800       58.100        0.200        0.700
    20:       12.100        7.100        0.800      120.100        0.200
    25:        0.700        0.800      259.600        0.500       43.600
    30:        0.500      653.100        0.200        0.700        1.100
    35:       31.100        8.100        0.800      261.100        0.200
    40:        0.700        0.800     6736.100        0.200        0.700
    45:        0.800      316.100        0.200        0.700       26.100
    50:        0.800      249.100        0.200        0.700        2.100
    55:        0.800     5614.100        0.200        0.700        0.800
    60:      105.100        0.200        0.700       20.100       29.100
    65:        0.800       64.100        0.200        0.700        4.100
    70:        3.100       91.100        0.800      103.100        0.200
    75:        0.700       15.100        0.800      124.100        0.200
    80:        0.700        0.800     7730.100        0.200        0.700
    85:       18.100       28.100        0.800     3190.100        0.200
    90:        0.700        0.800     7103.100        0.200        0.700
    95:        3.100        0.800      146.100        0.200        0.700
   100:        0.800      723.100        0.200        0.700        4.100
   105:        0.800     4703.100        0.200        0.700       10.100
   110:       24.100        0.800      619.100        0.200        0.700
   115:       10.100        0.800     7267.100        0.200        0.700
   120:        3.100       16.100        0.800      273.100        0.200
   125:        0.700        9.100       21.100        0.800     3702.100
   130:        0.200        0.700       38.600        0.500        1.600
   135:        0.500        2.600        0.500        0.800      245.100
   140:        0.200        0.700       22.100        0.800     8147.100
   145:        0.200        0.700       22.100        0.100        0.800
   150:     2662.100        0.200        0.700        5.100        0.800
   155:     4943.100        0.200        0.700        0.800     1976.100
   160:        0.200        0.700       16.100        3.100       18.100
   165:        0.800       92.100        0.200        0.700        3.100
   170:       10.100        2.100       29.100       28.100        0.800
   175:      128.100        0.200        0.700       43.100        2.100
   180:        7.100        0.800       75.100        0.200        0.700
   185:       11.100       25.100        8.100        7.100       28.100
   190:       11.100        0.800       16.100        0.200        0.700
   195:       39.100       19.100        0.800       55.100        0.200
   200:        0.700        6.100        0.800    15175.100        0.200
   205:        0.700        0.800      346.100        0.200        0.700
   210:       16.100        5.100        0.800    10145.100        0.200
   215:        0.700       11.100        7.100       13.100       18.100
   220:        6.100       23.100       10.100        0.800       55.100
   225:        0.200        0.700       98.100        0.800        6.100
   230:        0.200        0.700       24.100       27.100        3.100
   235:       23.100        9.100        0.800     4915.100        0.200
   240:        0.700        3.100        3.100        0.800      150.100
   245:        0.200        0.700       13.100       18.100        0.800
   250:     5920.300
G:
     0:      158.250      160.310      160.630      164.470      165.880
     5:      171.680      172.880      173.530      185.550      281.010
    10:      281.170      284.250      285.020      311.180      984.730
    15:     1016.330     1018.970     1043.840     1044.030     1605.420
    20:     1615.970     1617.900     1620.800     1627.230     1627.680
    25:     1627.950     1637.060     1647.350     1648.800     1661.200
    30:     2434.230     2435.990     2438.800     2757.880     3468.160
    35:     3468.420     3483.070     3555.330     3555.740     4026.050
    40:     4026.990     4029.480     4091.330     4092.380     4819.070
    45:     4819.360     4820.970     4848.200     4849.150     4851.210
    50:     5221.410     5249.990     5252.220     6066.910     6069.090
    55:     6069.180     6335.370     6335.830     6830.170     7027.760
    60:     7029.370     7029.680     7031.480     7040.600     7040.920
    65:     7041.980     7042.140     7045.010     7047.840     7060.610
    70:     7064.950     7065.140     7065.850     7073.350     7074.430
    75:     7076.910     7077.700     7078.410     7081.270     7082.350
    80:     7083.940     7087.840     7089.720     7095.280     7095.820
    85:     8613.360     8647.910     8649.530     8650.030     9664.510
    90:     9665.590     9666.380     9667.650     9669.390     9670.020
    95:     9672.360     9673.370     9678.840     9688.620     9689.220
   100:     9691.650     9694.350     9694.590     9696.950     9697.790
   105:    10189.330    10189.590    10189.980    10204.980    10206.270
   110:    10208.030
H:
     0:       19.070       92.290       92.750       93.060      211.470
     5:      215.700     5225.210     5225.360     5225.510
M:
     0:      158.250      171.680      185.550      281.010      311.180
     5:      984.730     1016.330     1043.840     1605.420     1615.970
    10:     1627.230     1647.350     1661.200     2434.230     2757.880
    15:     3468.160     3483.070     3555.330     4026.050     4091.330
    20:     4819.070     4848.200     5221.410     5249.990     6066.910
    25:     6335.370     6830.170     7027.760     7040.600     7060.610
    30:     7073.350     7083.940     7095.280     8613.360     8647.910
    35:     9664.510     9678.840     9689.220    10189.330    10204.980
N:
     0:       19.070       92.290       92.750       93.060      211.470
     5:      215.700
O:
     0:      160.310      160.630      164.470      165.880      172.880
     5:      173.530      281.170      284.250      285.020     1018.970
    10:     1044.030     1617.900     1620.800     1627.680     1627.950
    15:     1637.060     1648.800     2435.990     2438.800     3468.420
    20:     3555.740     4026.990     4029.480     4092.380     4819.360
    25:     4820.970     4849.150     4851.210     5252.220     6069.090
    30:     6069.180     6335.830     7029.370     7029.680     7031.480
    35:     7040.920     7041.980     7042.140     7045.010     7047.840
    40:     7064.950     7065.140     7065.850     7074.430     7076.910
    45:     7077.700     7078.410     7081.270     7082.350     7087.840
    50:     7089.720     7095.820     8649.530     8650.030     9665.590
    55:     9666.380     9667.650     9669.390     9670.020     9672.360
    60:     9673.370     9688.620     9691.650     9694.350     9694.590
    65:     9696.950     9697.790    10189.590    10189.980    10206.270
    70:    10208.030
P:
     0:     5225.210     5225.360     5225.510
Q:
     0:   157877.000   200606.000   116246.000    57851.000       40.000
     5:        6.000       71.000        3.000
\Box9_Comments:



Start Date: 01/19/22
End Date: 01/19/22
Subject: 10
Experiment: heroinSA
Group: saline
Box: 10
Start Time: 11:29:30
End Time: 14:46:02
MSN: FR_SCRIPT
D:       0.767
E:       0.233
F:      19.000
I:      96.000
J:       0.000
K:   10800.010
L:       1.000
R:       0.000
S:       0.000
T:   21033.000
U:       0.000
V:       0.000
W:       0.000
X:       0.000
Y:       0.000
Z:       0.000
A:
     0:        2.000        3.000      500.000     1000.000      180.000
     5:        1.000        1.000        2.000        1.000        0.000
    10:      249.000        0.000
B:
     0:       30.000       23.000        7.000        0.000        0.000
     5:        0.000        0.000
C:
     0:        0.500      195.100        0.200        0.700        0.800
     5:     1327.100        0.200        0.700        0.800     5241.100
    10:        0.200        0.700        0.800     3326.100        0.200
    15:        0.700        0.800      196.100        0.200        0.700
    20:        0.800      278.100        0.200        0.700        0.800
    25:      112.100        0.200        0.700        0.800      473.100
    30:        0.200        0.700        0.800      906.600        0.500
    35:      465.100        0.200        0.700        0.800      282.100
    40:        0.200        0.700        0.800      953.600        0.500
    45:      128.100        0.200        0.700        0.800     2375.100
    50:        0.200        0.700        0.800      215.100        0.200
    55:        0.700       13.100        0.800    20959.100        0.200
    60:        0.700        0.800    13033.100        0.200        0.700
    65:       18.100       50.100        0.800      596.100        0.200
    70:        0.700        0.800    30865.600        0.500       19.600
    75:        0.500       15.600        0.500       41.100        0.200
    80:        0.700        0.800      239.600        0.500      125.600
    85:        0.500       98.100        0.200        0.700        0.800
    90:     4392.100        0.200        0.700       32.100        0.800
    95:    21033.300
G:
     0:       19.540      152.200      676.340     1008.940     1028.500
     5:     1056.370     1067.520     1114.860     1251.930     1280.160
    10:     1388.260     1625.750     1647.230     1648.580     3744.390
    15:     5047.720     5049.570     5054.530     5114.180     8208.120
    20:     8254.360     8693.520     8696.770
H:
     0:     1205.430     1375.390     8200.640     8202.510     8204.080
     5:     8232.040     8244.570
M:
     0:       19.540      152.200      676.340     1008.940     1028.500
     5:     1056.370     1067.520     1114.860     1251.930     1280.160
    10:     1388.260     1625.750     1647.230     3744.390     5047.720
    15:     5114.180     8208.120     8254.360     8693.520
N:
     0:     1205.430     1375.390     8200.640     8202.510     8204.080
     5:     8232.040     8244.570
O:
     0:     1648.580     5049.570     5054.530     8696.770
P:
Q:
     0:    32465.000    63558.000   233437.000   215243.000       19.000
     5:        7.000        4.000        0.000
\Box10_Comments:



Start Date: 01/19/22
End Date: 01/19/22
Subject: 11
Experiment: heroinSA
Group: saline
Box: 11
Start Time: 11:29:30
End Time: 14:46:02
MSN: FR_SCRIPT_5choice
D:       0.611
E:       0.389
F:      29.000
I:     164.000
J:       0.000
K:   10800.010
L:       0.000
R:       0.000
S:       0.000
T:    9856.000
U:       0.000
V:       0.000
W:       0.000
X:       0.000
Y:       0.000
Z:       0.000
A:
     0:        1.000        3.000      500.000     1000.000      180.000
     5:        1.000        1.000        2.000        2.000        0.000
    10:      285.000        0.000
B:
     0:       54.000       33.000       21.000        0.000        0.000
     5:        0.000        0.000
C:
     0:        0.500     2873.600        0.500      153.100        0.200
     5:        0.700        0.800      271.100        0.200        0.700
    10:       30.100        0.800      351.100        0.200        0.700
    15:        0.800      238.600        0.500       23.600        0.500
    20:      187.100        0.200        0.700        0.800     1139.600
    25:        0.500     1303.100        0.200        0.700        0.800
    30:      171.100        0.200        0.700        0.800      129.100
    35:        0.200        0.700       87.100        0.800     1923.600
    40:        0.500        7.600        0.500      356.600        0.500
    45:     1084.600        0.500     1011.100        0.200        0.700
    50:        0.800      212.100        0.200        0.700        0.800
    55:      474.100        0.200        0.700        0.800      156.100
    60:        0.200        0.700       21.100        0.800     2435.100
    65:        0.200        0.700        0.800      450.100        0.200
    70:        0.700        0.800     1358.600        0.500        8.600
    75:        0.500     2495.100        0.200        0.700        0.800
    80:     3067.100        0.200        0.700        0.800     7447.100
    85:        0.200        0.700        0.800     3882.100        0.200
    90:        0.700        0.800     1419.100        0.200        0.700
    95:        0.800      337.600        0.500     9362.600        0.500
   100:       12.600        0.500     1383.100        0.200        0.700
   105:        0.800     1042.100        0.200        0.700        0.800
   110:      188.600        0.500      982.100        0.200        0.700
   115:        0.800      356.600        0.500       30.600        0.500
   120:       83.600        0.500      195.100        0.200        0.700
   125:        0.800    16604.600        0.500     1585.100        0.200
   130:        0.700        0.800     7073.100        0.200        0.700
   135:        0.800     2065.100        0.200        0.700        0.800
   140:     2863.100        0.200        0.700        0.800     3587.100
   145:        0.200        0.700       80.100        0.800     8084.100
   150:        0.200        0.700        0.800      432.600        0.500
   155:     6664.600        0.500       59.600        0.500      318.100
   160:        0.200        0.700        0.800     9856.300
G:
     0:      302.640      329.690      332.720      367.830      412.590
     5:      656.860      673.920      686.820      695.560     1133.670
    10:     1154.820     1202.240     1217.830     1219.910     1463.390
    15:     1508.440     1894.560     2201.230     2945.890     3334.090
    20:     3475.990     4585.480     4689.660     4806.660     4873.030
    25:     6691.970     7399.280     7605.740     7892.000     8250.770
    30:     8258.690     9067.100     9814.470
H:
     0:      287.360      391.640      393.910      526.500      887.840
     5:      888.500      924.170     1032.520     1644.220     1645.050
    10:     3509.710     4445.910     4447.170     4708.430     4842.240
    15:     4845.200     4853.530     6533.410     9110.330     9776.750
    20:     9782.610
M:
     0:      302.640      329.690      367.830      412.590      656.860
     5:      673.920      686.820     1133.670     1154.820     1202.240
    10:     1217.830     1463.390     1508.440     1894.560     2201.230
    15:     2945.890     3334.090     3475.990     4585.480     4689.660
    20:     4806.660     4873.030     6691.970     7399.280     7605.740
    25:     7892.000     8250.770     9067.100     9814.470
N:
     0:      287.360      391.640      393.910      526.500      887.840
     5:      888.500      924.170     1032.520     1644.220     1645.050
    10:     3509.710     4445.910     4447.170     4708.430     4842.240
    15:     4845.200     4853.530     6533.410     9110.330     9776.750
    20:     9782.610
O:
     0:      332.720      695.560     1219.910     8258.690
P:
Q:
     0:        0.000        0.000        0.000        0.000       29.000
     5:       21.000        4.000        0.000
\Box11_Comments:



Start Date: 01/19/22
End Date: 01/19/22
Subject: 12
Experiment: heroinSA
Group: saline
Box: 12
Start Time: 11:29:30
End Time: 14:46:02
MSN: FR_SCRIPT_5choice
D:       0.618
E:       0.382
F:      17.000
I:     100.000
J:       0.000
K:   10800.010
L:       0.000
R:       0.000
S:       0.000
T:   12940.000
U:       0.000
V:       0.000
W:       0.000
X:       0.000
Y:       0.000
Z:       0.000
A:
     0:        2.000        3.000      500.000     1000.000      180.000
     5:        1.000        1.000        2.000        2.000        0.000
    10:      280.000        0.000
B:
     0:       34.000       21.000       13.000        0.000        0.000
     5:        0.000        0.000
C:
     0:        0.500      371.100        0.200        0.700        0.800
     5:      166.600        0.500       17.600        0.500      404.100
    10:        0.200        0.700        0.800     5501.600        0.500
    15:     5089.100        0.200        0.700        0.800      151.100
    20:        0.200        0.700       42.100        0.800     5015.100
    25:        0.200        0.700        0.800     2018.600        0.500
    30:      894.100        0.200        0.700        0.800    10355.600
    35:        0.500     4893.600        0.500       31.600        0.500
    40:     1022.100        0.200        0.700        0.800     6721.100
    45:        0.200        0.700        0.800    19885.100        0.200
    50:        0.700        0.800      116.100        0.200        0.700
    55:        0.800      859.100        0.200        0.700       10.100
    60:        0.800     1404.100        0.200        0.700        0.800
    65:     2927.100        0.200        0.700       25.100       11.100
    70:        0.800       68.100        0.200        0.700        0.800
    75:      779.600        0.500     2679.100        0.200        0.700
    80:        0.800    18722.600        0.500     3005.100        0.200
    85:        0.700        0.800      468.600        0.500       26.100
    90:        0.200        0.700        0.800     1301.600        0.500
    95:       58.600        0.500       27.600        0.500    12940.300
G:
     0:       37.090       95.790     1154.800     1169.930     1174.100
     5:     1675.620     1966.880     3596.970     4269.050     6257.510
    10:     6269.150     6355.070     6356.040     6496.460     6789.170
    15:     6791.620     6792.730     6799.520     7145.330     9318.010
    20:     9367.390
H:
     0:       53.780       55.460      645.930     1877.440     3002.340
     5:     3491.630     3494.730     6877.480     9017.500     9364.870
    10:     9497.520     9503.300     9506.000
M:
     0:       37.090       95.790     1154.800     1169.930     1675.620
     5:     1966.880     3596.970     4269.050     6257.510     6269.150
    10:     6355.070     6496.460     6789.170     6799.520     7145.330
    15:     9318.010     9367.390
N:
     0:       53.780       55.460      645.930     1877.440     3002.340
     5:     3491.630     3494.730     6877.480     9017.500     9364.870
    10:     9497.520     9503.300     9506.000
O:
     0:     1174.100     6356.040     6791.620     6792.730
P:
Q:
     0:        0.000        0.000        0.000        0.000       17.000
     5:       13.000        4.000        0.000
\Box12_Comments:



Start Date: 01/19/22
End Date: 01/19/22
Subject: 13
Experiment: heroinSA
Group: saline
Box: 13
Start Time: 11:29:30
End Time: 14:46:02
MSN: FR_SCRIPT_5choice
D:       0.778
E:       0.222
F:      39.000
I:     207.000
J:       0.000
K:   10800.010
L:       0.000
R:       0.000
S:       0.000
T:    5012.000
U:       0.000
V:       0.000
W:       0.000
X:       0.000
Y:       0.000
Z:       0.000
A:
     0:        1.000        3.000      500.000     1000.000      180.000
     5:        1.000        1.000        2.000        2.000        0.000
    10:      295.000        0.000
B:
     0:       72.000       56.000       16.000        0.000        0.000
     5:        0.000        0.000
C:
     0:        0.500      211.100        0.200        0.700        0.800
     5:      625.100        0.200        0.700        0.800      147.100
    10:        0.200        0.700        0.800      615.100        0.200
    15:        0.700        0.800      138.600        0.500        4.600
    20:        0.500       97.100        0.200        0.700        0.800
    25:     2926.100        0.200        0.700        0.800      228.100
    30:        0.200        0.700        0.800      106.100        0.200
    35:        0.700        0.800      559.100        0.200        0.700
    40:        0.800      530.100        0.200        0.700        6.100
    45:        1.100        0.800     3017.100        0.200        0.700
    50:       27.100        0.800     2157.100        0.200        0.700
    55:       58.100        0.800      177.600        0.500      434.100
    60:        0.200        0.700        0.800      294.100        0.200
    65:        0.700       22.100        0.800     4738.100        0.200
    70:        0.700        0.800      901.100        0.200        0.700
    75:        0.800     2164.600        0.500       56.100        0.200
    80:        0.700        0.800      161.100        0.200        0.700
    85:        9.100        3.100        0.800     3563.600        0.500
    90:     6080.600        0.500      507.100        0.200        0.700
    95:        0.800      314.100        0.200        0.700        0.800
   100:     1746.600        0.500    10457.100        0.200        0.700
   105:        0.800     3627.100        0.200        0.700        0.800
   110:      202.600        0.500       22.600        0.500        5.600
   115:        0.500      844.100        0.200        0.700       30.100
   120:       21.100        0.800      716.100        0.200        0.700
   125:       24.100        3.100        0.800     3129.100        0.200
   130:        0.700        8.100        6.100        3.100       70.100
   135:        0.800     7201.100        0.200        0.700        0.800
   140:      137.100        0.200        0.700        0.800      290.100
   145:        0.200        0.700      100.100        0.800       73.100
   150:        0.200        0.700        0.800      615.600        0.500
   155:      262.100        0.200        0.700        0.800      526.600
   160:        0.500      296.100        0.200        0.700        0.800
   165:    13938.100        0.200        0.700        0.800      261.100
   170:        0.200        0.700        0.800     8431.100        0.200
   175:        0.700        0.800     1645.600        0.500       21.600
   180:        0.500        3.600        0.500     2685.100        0.200
   185:        0.700      100.100        0.800      303.100        0.200
   190:        0.700        0.800      956.100        0.200        0.700
   195:        0.800      353.100        0.200        0.700       69.600
   200:        0.500        0.800    12935.100        0.200        0.700
   205:        0.800     5012.300
G:
     0:       21.150       83.630       98.330      159.850      183.730
     5:      476.340      499.130      509.780      565.600      618.620
    10:      619.270      619.380      921.040      923.710     1139.470
    15:     1145.240     1206.310     1235.720     1237.920     1711.710
    20:     1801.880     2023.850     2039.940     2040.840     2041.140
    25:     3056.130     3087.540     4307.870     4670.570     4777.870
    30:     4780.800     4782.900     4854.570     4856.970     4857.190
    35:     5170.110     5170.920     5171.490     5171.880     5178.840
    40:     5898.900     5912.640     5941.680     5951.670     5958.890
    45:     6046.650     6128.840     7522.650     7548.690     8391.850
    50:     8827.270     8837.240     8867.530     8963.170     8998.400
    55:    10298.870
H:
     0:      173.680      174.030     1162.890     2018.210     2397.460
     5:     3005.450     3262.090     4690.760     4692.910     4693.430
    10:     6020.480     6099.200     8556.360     8558.430     8558.690
    15:     9005.320
M:
     0:       21.150       83.630       98.330      159.850      183.730
     5:      476.340      499.130      509.780      565.600      618.620
    10:      921.040     1139.470     1206.310     1235.720     1711.710
    15:     1801.880     2023.850     2039.940     3056.130     3087.540
    20:     4307.870     4670.570     4777.870     4854.570     5170.110
    25:     5898.900     5912.640     5941.680     5958.890     6046.650
    30:     6128.840     7522.650     7548.690     8391.850     8827.270
    35:     8867.530     8963.170     8998.400    10298.870
N:
     0:      173.680      174.030     1162.890     2018.210     2397.460
     5:     3005.450     3262.090     4690.760     4692.910     4693.430
    10:     6020.480     6099.200     8556.360     8558.430     8558.690
O:
     0:      619.270      619.380      923.710     1145.240     1237.920
     5:     2040.840     2041.140     4780.800     4782.900     4856.970
    10:     4857.190     5170.920     5171.490     5171.880     5178.840
    15:     5951.670     8837.240
P:
     0:     9005.320
Q:
     0:        0.000        0.000        0.000        0.000       39.000
     5:       15.000       17.000        1.000
\Box13_Comments:



Start Date: 01/19/22
End Date: 01/19/22
Subject: 14
Experiment: heroinSA
Group: saline
Box: 14
Start Time: 11:29:30
End Time: 14:46:02
MSN: FR_SCRIPT_5choice
D:       0.662
E:       0.338
F:      28.000
I:     177.000
J:       0.000
K:   10800.010
L:       0.000
R:       0.000
S:       0.000
T:   10657.000
U:       0.000
V:       0.000
W:       0.000
X:       0.000
Y:       0.000
Z:       0.000
A:
     0:        2.000        3.000      500.000     1000.000      180.000
     5:        1.000        1.000        2.000        2.000        0.000
    10:      275.000        0.000
B:
     0:       68.000       45.000       23.000        0.000        0.000
     5:        0.000        0.000
C:
     0:        0.500      122.100        0.200        0.700       90.600
     5:        0.500        0.800     1412.600        0.500      390.100
    10:        0.200        0.700        0.800      954.100        0.200
    15:        0.700        0.800      325.100        0.200        0.700
    20:       58.100        0.800      371.600        0.500       22.600
    25:        0.500     1750.100        0.200        0.700        0.800
    30:     3097.600        0.500       49.100        0.200        0.700
    35:       42.600        0.500        0.800      604.600        0.500
    40:      131.100        0.200        0.700       80.600        0.500
    45:        0.800      323.100        0.200        0.700        0.800
    50:     1383.100        0.200        0.700        0.800      107.100
    55:        0.200        0.700       20.100        8.100       23.100
    60:        5.100        0.800      125.600        0.500      195.100
    65:        0.200        0.700       23.100        0.800      121.600
    70:        0.500     4242.600        0.500       56.100        0.200
    75:        0.700       44.100        0.800     1145.100        0.200
    80:        0.700        0.800    15860.600        0.500      193.100
    85:        0.200        0.700        4.100        0.800      102.100
    90:        0.200        0.700        0.800      302.100        0.200
    95:        0.700       53.100        0.800      128.100        0.200
   100:        0.700        0.800      486.100        0.200        0.700
   105:        0.800    11488.100        0.200        0.700       41.100
   110:       14.100       39.100        0.800      433.600        0.500
   115:      595.100        0.200        0.700        3.100       28.100
   120:        0.800    13435.600        0.500        5.600        0.500
   125:      141.100        0.200        0.700        0.800      220.600
   130:        0.500        4.600        0.500       66.100        0.200
   135:        0.700       41.100        0.800      516.100        0.200
   140:        0.700        6.100        0.800      223.100        0.200
   145:        0.700       10.100        0.800     8853.600        0.500
   150:      158.600        0.500     4118.600        0.500        6.600
   155:        0.500       57.100        0.200        0.700        0.800
   160:      977.600        0.500      379.100        0.200        0.700
   165:        0.800    12092.600        0.500     8302.100        0.200
   170:        0.700        0.800      648.100        0.200        0.700
   175:        0.800    10657.300
G:
     0:       12.240      201.390      296.850      329.320      335.170
     5:      549.390      863.990      941.740      982.050     1120.290
    10:     1131.000     1133.010     1133.880     1136.100     1136.650
    15:     1168.660     1170.970     1612.810     1617.210     1731.690
    20:     3337.050     3337.400     3347.670     3377.850     3383.150
    25:     3395.960     3444.500     4593.330     4597.410     4598.840
    30:     4602.740     4705.530     4705.790     4708.590     6066.740
    35:     6095.710     6099.810     6151.470     6152.070     6174.330
    40:     6175.300     7494.490     7630.180     9669.580     9734.310
H:
     0:       21.190      162.400      372.280      374.400      859.090
     5:      868.270      928.630      949.720     1149.140     1183.000
    10:     1607.190     3317.730     4646.010     6052.170     6052.610
    15:     6088.770     6089.160     7060.650     7076.440     7488.230
    20:     7488.840     7592.190     8839.370
M:
     0:       12.240      201.390      296.850      329.320      549.390
     5:      863.990      941.740      982.050     1120.290     1131.000
    10:     1168.660     1612.810     1731.690     3337.050     3347.670
    15:     3377.850     3395.960     3444.500     4593.330     4705.530
    20:     6066.740     6095.710     6151.470     6174.330     7494.490
    25:     7630.180     9669.580     9734.310
N:
     0:      162.400      372.280      374.400      859.090      928.630
     5:     1149.140     1183.000     1607.190     3317.730     4646.010
    10:     6052.170     6052.610     6088.770     6089.160     7060.650
    15:     7076.440     7488.230     7488.840     7592.190     8839.370
O:
     0:      335.170     1133.010     1133.880     1136.100     1136.650
     5:     1170.970     1617.210     3337.400     3383.150     4597.410
    10:     4598.840     4602.740     4705.790     4708.590     6099.810
    15:     6152.070     6175.300
P:
     0:       21.190      868.270      949.720
Q:
     0:        0.000        0.000        0.000        0.000       28.000
     5:       20.000       17.000        3.000
\Box14_Comments:



Start Date: 01/19/22
End Date: 01/19/22
Subject: 15
Experiment: heroinSA
Group: saline
Box: 15
Start Time: 11:29:30
End Time: 14:46:02
MSN: FR_SCRIPT_5choice
D:       0.564
E:       0.436
F:      24.000
I:     153.000
J:       0.000
K:   10800.010
L:       0.000
R:       0.000
S:       0.000
T:   12796.000
U:       0.000
V:       0.000
W:       0.000
X:       0.000
Y:       0.000
Z:       0.000
A:
     0:        1.000        3.000      500.000     1000.000      180.000
     5:        1.000        1.000        2.000        2.000        0.000
    10:      252.000        0.000
B:
     0:       55.000       31.000       24.000        0.000        0.000
     5:        0.000        0.000
C:
     0:        0.500     1009.600        0.500       64.100        0.200
     5:        0.700        0.800      846.100        0.200        0.700
    10:        3.100        0.800     1094.100        0.200        0.700
    15:        0.800     1275.600        0.500      343.100        0.200
    20:        0.700        0.800      916.600        0.500       16.600
    25:        0.500      101.100        0.200        0.700        0.800
    30:      191.100        0.200        0.700        0.800     3044.100
    35:        0.200        0.700        0.800     1304.100        0.200
    40:        0.700        0.800      538.600        0.500        6.600
    45:        0.500       16.600        0.500       14.600        0.500
    50:      743.100        0.200        0.700       60.100        0.800
    55:       99.100        0.200        0.700       48.100       21.100
    60:        0.800      217.600        0.500       28.100        0.200
    65:        0.700       38.600        0.500       19.600        0.500
    70:        0.800     3107.600        0.500      320.100        0.200
    75:        0.700        0.800     3495.100        0.200        0.700
    80:        0.800     3253.100        0.200        0.700        0.800
    85:      298.100        0.200        0.700        0.800      212.600
    90:        0.500    14398.600        0.500     2986.100        0.200
    95:        0.700        0.800      774.100        0.200        0.700
   100:        0.800    11649.100        0.200        0.700        0.800
   105:     5271.600        0.500       29.600        0.500      483.100
   110:        0.200        0.700        0.800     5464.600        0.500
   115:      732.600        0.500      298.100        0.200        0.700
   120:       36.100        4.100        0.800       83.100        0.200
   125:        0.700       49.100        0.800     4708.600        0.500
   130:        5.600        0.500       17.600        0.500     2869.600
   135:        0.500     3371.600        0.500       71.100        0.200
   140:        0.700        0.800     8592.100        0.200        0.700
   145:        0.800     8937.600        0.500     1640.100        0.200
   150:        0.700        0.800    12796.300
G:
     0:      107.310      191.930      192.190      301.630      463.390
     5:      566.770      585.840      890.200     1020.620     1152.340
    10:     1158.360     1168.220     1173.030     1175.170     1199.650
    15:     1548.080     1897.540     2222.870     2252.670     4012.270
    20:     4089.650     5254.540     5832.870     6482.270     6485.830
    25:     6486.190     6494.580     6499.410     7603.510     8462.750
    30:     9520.470
H:
     0:      100.980      429.170      555.050      556.630     1074.420
     5:     1075.010     1076.590     1078.080     1196.810     1203.440
    10:     1205.380     1516.000     2273.800     3713.620     5781.600
    15:     5784.500     6379.230     6452.480     6970.270     6970.730
    20:     6972.440     7259.310     7596.400     9356.450
M:
     0:      107.310      191.930      301.630      463.390      566.770
     5:      585.840      890.200     1020.620     1152.340     1168.220
    10:     1199.650     1548.080     1897.540     2222.870     2252.670
    15:     4012.270     4089.650     5254.540     5832.870     6482.270
    20:     6494.580     7603.510     8462.750     9520.470
N:
     0:      100.980      429.170      555.050      556.630     1074.420
     5:     1075.010     1076.590     1078.080     1196.810     1516.000
    10:     2273.800     3713.620     5781.600     5784.500     6379.230
    15:     6452.480     6970.270     6970.730     6972.440     7259.310
    20:     7596.400     9356.450
O:
     0:      192.190     1158.360     1173.030     1175.170     6485.830
     5:     6486.190     6499.410
P:
     0:     1203.440     1205.380
Q:
     0:        0.000        0.000        0.000        0.000       24.000
     5:       22.000        7.000        2.000
\Box15_Comments:
