File: C:\Users\hurdlab\Desktop\data_rme\JS\heroinSA\20220118\ heroinSA_FR1_roomE_20220127



Start Date: 01/27/22
End Date: 01/27/22
Subject: 1
Experiment: heroinSA
Group: heroin
Box: 1
Start Time: 11:59:49
End Time: 15:49:34
MSN: FR_SCRIPT
D:       0.682
E:       0.318
F:      15.000
I:      78.000
J:       0.000
K:   10800.010
L:       0.000
R:       0.000
S:       0.000
T:   24056.000
U:       0.000
V:       0.000
W:       0.000
X:       0.000
Y:       0.000
Z:       0.000
A:
     0:        1.000        3.000      500.000     1000.000      180.000
     5:        1.000        1.000        1.000        1.000        0.000
    10:      252.000        0.000
B:
     0:       22.000       15.000        7.000        0.000        0.000
     5:        0.000        0.000
C:
     0:        0.500      782.600        0.500       15.600        0.500
     5:     1285.100        0.200        0.700        0.800      124.100
    10:        0.200        0.700        0.800      984.100        0.200
    15:        0.700        1.100        0.800      109.600        0.500
    20:      192.100        0.200        0.700        0.800    12617.100
    25:        0.200        0.700        0.800    12301.100        0.200
    30:        0.700        0.800      127.600        0.500      427.600
    35:        0.500      133.600        0.500      844.100        0.200
    40:        0.700        0.800      225.100        0.200        0.700
    45:        0.800    48696.600        0.500      109.100        0.200
    50:        0.700        0.800      199.100        0.200        0.700
    55:        0.800      104.100        0.200        0.700       49.100
    60:        0.800       54.100        0.200        0.700        0.800
    65:      406.100        0.200        0.700        0.800     1009.100
    70:        0.200        0.700        0.800     3152.100        0.200
    75:        0.700        0.800    24056.300
G:
     0:      208.230      220.610      319.170      349.260     1610.950
     5:     2841.060     2994.090     3016.660     7897.090     7917.070
    10:     7932.340     7937.770     7978.330     8079.220     8394.480
H:
     0:       78.270       79.690      330.040     2853.780     2896.460
     5:     2909.780     7886.220
M:
     0:      208.230      220.610      319.020      349.260     1610.950
     5:     2841.060     2994.090     3016.660     7897.090     7917.070
    10:     7927.430     7937.770     7978.330     8079.220     8394.480
N:
     0:       78.270       79.690      330.040     2853.780     2896.460
     5:     2909.780     7886.220
O:
     0:      319.170     7932.340
P:
Q:
     0:   123477.000   169204.000   160373.000   142688.000       15.000
     5:        7.000        2.000        0.000
\Box1_Comments:



Start Date: 01/27/22
End Date: 01/27/22
Subject: 2
Experiment: heroinSA
Group: heroin
Box: 2
Start Time: 11:59:49
End Time: 15:49:34
MSN: FR_SCRIPT
D:       0.940
E:       0.060
F:      79.000
I:     345.000
J:       0.000
K:   10800.010
L:       0.000
R:       0.000
S:       0.000
T:     242.000
U:       0.000
V:       0.000
W:       0.000
X:       0.000
Y:       0.000
Z:       0.000
A:
     0:        2.000        3.000      500.000     1000.000      180.000
     5:        1.000        1.000        1.000        1.000        0.000
    10:      275.000        0.000
B:
     0:       84.000       79.000        5.000        0.000        0.000
     5:        0.000        0.000
C:
     0:        0.500      147.100        0.200        0.700        0.800
     5:      287.100        0.200        0.700        2.100        0.800
    10:      792.100        0.200        0.700        0.800      469.100
    15:        0.200        0.700        5.100       45.100        8.100
    20:        0.800       65.100        0.200        0.700        0.800
    25:      268.100        0.200        0.700        0.800      107.100
    30:        0.200        0.700       11.100        0.800     4116.100
    35:        0.200        0.700        0.800      264.100        0.200
    40:        0.700        0.800      137.100        0.200        0.700
    45:        0.800      178.100        0.200        0.700       92.100
    50:        0.800    10810.100        0.200        0.700        0.800
    55:      338.100        0.200        0.700       82.100        0.800
    60:       97.100        0.200        0.700        0.800      295.100
    65:        0.200        0.700        0.800      322.100        0.200
    70:        0.700        0.800     3889.100        0.200        0.700
    75:        0.800      262.100        0.200        0.700        0.800
    80:      817.100        0.200        0.700        0.800     3928.100
    85:        0.200        0.700        0.800      670.100        0.200
    90:        0.700        0.800      148.100        0.200        0.700
    95:        0.800     3732.100        0.200        0.700        3.100
   100:        0.800      487.100        0.200        0.700        0.800
   105:      180.100        0.200        0.700        0.800      230.100
   110:        0.200        0.700        0.800      206.100        0.200
   115:        0.700        0.800     3818.100        0.200        0.700
   120:        0.800      840.100        0.200        0.700        0.800
   125:     5702.100        0.200        0.700        0.800      101.600
   130:        0.500       30.600        0.500       11.600        0.500
   135:       13.600        0.500       56.100        0.200        0.700
   140:        0.800      191.100        0.200        0.700        0.800
   145:      171.100        0.200        0.700        0.800      104.100
   150:        0.200        0.700        0.800      172.100        0.200
   155:        0.700        5.100        0.800    11810.100        0.200
   160:        0.700        0.800      274.100        0.200        0.700
   165:        8.100        0.800      195.100        0.200        0.700
   170:        0.800     1475.100        0.200        0.700        0.800
   175:      183.100        0.200        0.700        0.800      264.100
   180:        0.200        0.700        0.800     7753.100        0.200
   185:        0.700        0.800      330.100        0.200        0.700
   190:        0.800      150.100        0.200        0.700        0.800
   195:      102.100        0.200        0.700        0.800     1511.100
   200:        0.200        0.700        4.100        0.800      242.100
   205:        0.200        0.700        0.800     3182.100        0.200
   210:        0.700        0.800     1696.100        0.200        0.700
   215:        0.800      148.100        0.200        0.700        0.800
   220:      143.100        0.200        0.700        0.800     3665.100
   225:        0.200        0.700        1.100        0.800      241.100
   230:        0.200        0.700        3.100        0.800      163.100
   235:        0.200        0.700        0.800      180.100        0.200
   240:        0.700        0.800      188.100        0.200        0.700
   245:        0.800     3578.100        0.200        0.700        0.800
   250:      103.100        0.200        0.700        0.800      528.100
   255:        0.200        0.700        0.800      362.100        0.200
   260:        0.700        0.800     4243.100        0.200        0.700
   265:        0.800     1107.100        0.200        0.700        0.800
   270:      136.100        0.200        0.700        0.800      150.100
   275:        0.200        0.700        0.800      110.100        0.200
   280:        0.700        0.800      354.100        0.200        0.700
   285:        0.800     6992.600        0.500      318.100        0.200
   290:        0.700        0.800      135.100        0.200        0.700
   295:        6.100        0.800       98.100        0.200        0.700
   300:       21.100        0.800      224.100        0.200        0.700
   305:        0.800      104.100        0.200        0.700        0.800
   310:      146.100        0.200        0.700        0.800     1948.100
   315:        0.200        0.700        0.800     7596.100        0.200
   320:        0.700        0.800      178.100        0.200        0.700
   325:        0.800      162.100        0.200        0.700        3.100
   330:       42.100        0.800      155.100        0.200        0.700
   335:        0.800      105.100        0.200        0.700        0.800
   340:      240.100        0.200        0.700        0.800      242.300
G:
     0:       14.740       43.640      122.820      175.530      182.030
     5:      208.830      220.600      632.190      658.670      672.370
    10:      699.300     1780.350     1822.300     1832.050     1861.510
    15:     1893.720     2282.590     2308.840     2390.500     2783.370
    20:     2850.360     2865.120     3238.660     3287.360     3305.330
    25:     3328.350     3348.930     3730.710     3814.760     4384.890
    30:     4406.020     4425.170     4442.200     4452.600     4470.340
    35:     5651.360     5679.570     5699.080     5846.580     5864.860
    40:     5891.220     6666.490     6699.520     6714.550     6724.770
    45:     6876.230     6900.430     7218.610     7388.270     7403.000
    50:     7417.380     7783.980     7808.350     7824.680     7842.650
    55:     7861.450     8219.210     8229.490     8282.310     8318.580
    60:     8742.880     8853.510     8867.130     8882.120     8893.120
    65:     8928.530     9659.500     9673.660     9685.550     9707.980
    70:     9718.290     9732.950     9927.710    10687.350    10705.150
    75:    10725.800    10741.370    10751.820    10775.850
H:
     0:     4395.080     4397.990     4399.140     4400.470     9627.700
M:
     0:       14.740       43.420      122.820      169.760      182.030
     5:      208.830      219.580      632.190      658.670      672.370
    10:      690.150     1780.350     1814.150     1832.050     1861.510
    15:     1893.720     2282.590     2308.840     2390.500     2783.370
    20:     2850.360     2865.120     3238.340     3287.360     3305.330
    25:     3328.350     3348.930     3730.710     3814.760     4384.890
    30:     4406.020     4425.170     4442.200     4452.600     4469.830
    35:     5651.360     5678.750     5699.080     5846.580     5864.860
    40:     5891.220     6666.490     6699.520     6714.550     6724.770
    45:     6875.850     6900.430     7218.610     7388.270     7403.000
    50:     7417.380     7783.820     7808.060     7824.680     7842.650
    55:     7861.450     8219.210     8229.490     8282.310     8318.580
    60:     8742.880     8853.510     8867.130     8882.120     8893.120
    65:     8928.530     9659.500     9673.030     9683.430     9707.980
    70:     9718.290     9732.950     9927.710    10687.350    10705.150
    75:    10721.310    10741.370    10751.820    10775.850
N:
     0:     4395.080     4397.990     4399.140     4400.470     9627.700
O:
     0:       43.640      170.190      174.740      175.530      220.600
     5:      699.300     1822.300     3238.660     4470.340     5679.570
    10:     6876.230     7783.980     7808.350     9673.660     9685.550
    15:    10721.630    10725.800
P:
Q:
     0:   187184.000   258336.000   136567.000    37523.000       79.000
     5:        5.000       17.000        0.000
\Box2_Comments:



Start Date: 01/27/22
End Date: 01/27/22
Subject: 3
Experiment: heroinSA
Group: heroin
Box: 3
Start Time: 11:59:49
End Time: 15:49:34
MSN: FR_SCRIPT_box3
D:       0.194
E:       0.806
F:      24.000
I:     299.000
J:       0.000
K:   10800.010
L:       0.000
R:       0.000
S:       0.000
T:     468.000
U:       0.000
V:       0.000
W:       0.000
X:       0.000
Y:       0.000
Z:       0.000
A:
     0:        1.000        3.000      500.000     1000.000      180.000
     5:        1.000        1.000        1.000        1.000        0.000
    10:      263.000        0.000
B:
     0:      124.000       24.000      100.000        0.000        0.000
     5:        0.000        0.000
C:
     0:        0.500       93.600        0.500      581.600        0.500
     5:        1.600        0.500        3.600        0.500        5.600
    10:        0.500        3.600        0.500        2.600        0.500
    15:     1532.100        0.200        0.700        4.100        0.800
    20:      144.100        0.200        0.700        0.800     6751.600
    25:        0.500       23.600        0.500      516.600        0.500
    30:     6659.600        0.500        4.600        0.500      394.600
    35:        0.500        3.600        0.500      820.600        0.500
    40:       53.100        0.200        0.700        0.800      449.600
    45:        0.500        2.600        0.500      111.600        0.500
    50:        2.600        0.500       15.600        0.500        1.600
    55:        0.500       65.600        0.500       67.600        0.500
    60:       27.600        0.500       86.600        0.500        2.600
    65:        0.500       16.600        0.500        4.600        0.500
    70:       17.600        0.500       17.600        0.500       36.600
    75:        0.500       23.600        0.500       35.600        0.500
    80:       12.600        0.500        0.600        0.500       10.600
    85:        0.500       12.600        0.500        6.600        0.500
    90:        4.600        0.500        6.600        0.500        5.600
    95:        0.500     1062.600        0.500       20.600        0.500
   100:        2.600        0.500      126.600        0.500        5.600
   105:        0.500     1122.600        0.500        0.600        0.500
   110:        6.600        0.500        1.600        0.500     1730.600
   115:        0.500      423.100        0.200        0.700        0.800
   120:      260.600        0.500        3.600        0.500       11.600
   125:        0.500       11.600        0.500        8.600        0.500
   130:       48.100        0.200        0.700        0.800     6435.100
   135:        0.200        0.700        0.800     4130.100        0.200
   140:        0.700        0.800     5073.100        0.200        0.700
   145:        0.800     3963.600        0.500        8.600        0.500
   150:        1.600        0.500        5.600        0.500        3.600
   155:        0.500       14.600        0.500        1.600        0.500
   160:      358.600        0.500        7.600        0.500      452.100
   165:        0.200        0.700        0.800      258.100        0.200
   170:        0.700        0.800     6736.600        0.500       13.600
   175:        0.500        8.600        0.500        9.600        0.500
   180:     1041.600        0.500      828.100        0.200        0.700
   185:        0.800     8309.600        0.500        5.600        0.500
   190:        8.600        0.500       19.600        0.500      318.100
   195:        0.200        0.700        0.800      106.100        0.200
   200:        0.700        0.800     5344.100        0.200        0.700
   205:        0.800     3952.600        0.500        3.600        0.500
   210:       16.600        0.500     1333.100        0.200        0.700
   215:        0.800      115.100        0.200        0.700        0.800
   220:     5855.600        0.500       29.600        0.500        3.600
   225:        0.500        3.600        0.500       19.600        0.500
   230:        1.600        0.500       10.600        0.500     1349.100
   235:        0.200        0.700        0.800     2670.600        0.500
   240:        2.600        0.500      213.100        0.200        0.700
   245:        0.800      204.100        0.200        0.700        0.800
   250:     6799.100        0.200        0.700        0.800     4760.100
   255:        0.200        0.700        0.800     4421.100        0.200
   260:        0.700        0.800     3752.600        0.500        3.600
   265:        0.500      260.600        0.500        6.600        0.500
   270:        4.600        0.500      166.600        0.500       27.600
   275:        0.500      661.100        0.200        0.700        0.800
   280:      225.600        0.500       22.600        0.500     2207.600
   285:        0.500       10.600        0.500      214.600        0.500
   290:        3.600        0.500        6.600        0.500     1298.100
   295:        0.200        0.700        0.800      468.300
G:
     0:      222.450      236.870     1759.180     2311.800     2345.910
     5:     2989.440     3402.480     3909.740     4390.900     4416.770
    10:     5280.270     6146.090     6156.780     6691.100     7221.570
    15:     7233.070     7959.920     8248.430     8268.840     8948.690
    20:     9424.700     9866.820    10354.780    10753.200
H:
     0:        9.320       67.480       67.570       67.840       68.340
     5:       68.650       68.790      911.970      914.230      965.880
    10:     1631.740     1632.100     1671.570     1671.820     1753.840
    15:     1804.070     1804.230     1815.310     1815.520     1817.010
    20:     1817.090     1823.660     1830.300     1833.070     1841.680
    25:     1841.790     1843.460     1843.880     1845.490     1847.220
    30:     1850.880     1853.170     1856.590     1857.800     1857.880
    35:     1858.820     1860.000     1860.650     1861.050     1861.630
    40:     1862.090     1968.350     1970.350     1970.550     1983.150
    45:     1983.650     2095.790     2095.870     2096.440     2096.540
    50:     2269.500     2337.870     2338.140     2339.260     2340.370
    55:     2341.110     4306.030     4306.810     4306.900     4307.440
    60:     4307.760     4309.130     4309.270     4345.010     4345.780
    65:     5090.370     5091.680     5092.470     5093.330     5197.390
    70:     6111.100     6111.650     6112.430     6114.310     7086.360
    75:     7086.680     7088.220     7818.540     7821.420     7821.700
    80:     7822.080     7823.940     7824.080     7825.080     8226.940
    85:     8227.130    10242.020    10242.360    10268.380    10268.950
    90:    10269.330    10285.920    10288.660    10377.190    10379.430
    95:    10600.140    10601.120    10622.490    10622.830    10623.440
M:
     0:      222.040      236.870     1759.180     2311.800     2345.910
     5:     2989.440     3402.480     3909.740     4390.900     4416.770
    10:     5280.270     6146.090     6156.780     6691.100     7221.570
    15:     7233.070     7959.920     8248.430     8268.840     8948.690
    20:     9424.700     9866.820    10354.780    10753.200
N:
     0:        9.320       67.480       67.570       67.840       68.340
     5:       68.650       68.790      911.970      914.230      965.880
    10:     1631.740     1632.100     1671.570     1671.820     1753.840
    15:     1804.070     1804.230     1815.310     1815.520     1817.010
    20:     1817.090     1823.660     1830.300     1833.070     1841.680
    25:     1841.790     1843.460     1843.880     1845.490     1847.220
    30:     1850.880     1853.170     1856.590     1857.800     1857.880
    35:     1858.820     1860.000     1860.650     1861.050     1861.630
    40:     1862.090     1968.350     1970.350     1970.550     1983.150
    45:     1983.650     2095.790     2095.870     2096.440     2096.540
    50:     2269.500     2337.870     2338.140     2339.260     2340.370
    55:     2341.110     4306.030     4306.810     4306.900     4307.440
    60:     4307.760     4309.130     4309.270     4345.010     4345.780
    65:     5090.370     5091.680     5092.470     5093.330     5197.390
    70:     6111.100     6111.650     6112.430     6114.310     7086.360
    75:     7086.680     7088.220     7818.540     7821.420     7821.700
    80:     7822.080     7823.940     7824.080     7825.080     8226.940
    85:     8227.130    10242.020    10242.360    10268.380    10268.950
    90:    10269.330    10285.920    10288.660    10377.190    10379.430
    95:    10600.140    10601.120    10622.490    10622.830    10623.440
O:
     0:      222.450
P:
Q:
     0:        0.000   266286.000   177608.000    48822.000       24.000
     5:      100.000        1.000        0.000
\Box3_Comments:



Start Date: 01/27/22
End Date: 01/27/22
Subject: 4
Experiment: heroinSA
Group: heroin
Box: 4
Start Time: 11:59:49
End Time: 15:49:34
MSN: FR_SCRIPT_box4
D:       0.667
E:       0.333
F:      14.000
I:      72.000
J:       0.000
K:   10800.010
L:       0.000
R:       0.000
S:       0.000
T:     889.000
U:       0.000
V:       0.000
W:       0.000
X:       0.000
Y:       0.000
Z:       0.000
A:
     0:        2.000        3.000      500.000     1000.000      180.000
     5:        1.000        1.000        1.000        1.000        0.000
    10:      238.000        0.000
B:
     0:       21.000       14.000        7.000        0.000        0.000
     5:        0.000        0.000
C:
     0:        0.500      409.100        0.200        0.700        0.800
     5:     1707.100        0.200        0.700        0.800     2934.100
    10:        0.200        0.700        0.800    16464.600        0.500
    15:     3864.600        0.500      904.100        0.200        0.700
    20:        0.800     3732.600        0.500      590.600        0.500
    25:       85.100        0.200        0.700        0.800     2877.600
    30:        0.500     1651.100        0.200        0.700        0.800
    35:     8423.100        0.200        0.700        0.800      107.100
    40:        0.200        0.700        0.800    10826.100        0.200
    45:        0.700        0.800     7761.600        0.500     5954.600
    50:        0.500     2497.100        0.200        0.700        0.800
    55:     7911.100        0.200        0.700        0.800      116.100
    60:        0.200        0.700        0.800    20804.100        0.200
    65:        0.700        0.800     7495.100        0.200        0.700
    70:        0.800      889.300
G:
     0:       40.940      211.650      505.050     2628.220     3068.930
     5:     3521.690     4364.000     4374.740     5457.300     7078.560
    10:     7869.660     7881.220     9961.650    10711.130
H:
     0:     2151.410     2537.820     3001.470     3060.440     3356.630
     5:     6233.390     6828.880
M:
     0:       40.940      211.650      505.050     2628.220     3068.930
     5:     3521.690     4364.000     4374.740     5457.300     7078.560
    10:     7869.660     7881.220     9961.650    10711.130
N:
     0:     2151.410     2537.820     3001.470     3060.440     3356.630
     5:     6233.390     6828.880
O:
P:
Q:
     0:   105901.000   203621.000   182206.000    39236.000       14.000
     5:        7.000        0.000        0.000
\Box4_Comments:



Start Date: 01/27/22
End Date: 01/27/22
Subject: 5
Experiment: heroinSA
Group: heroin
Box: 5
Start Time: 11:59:49
End Time: 15:49:34
MSN: FR_SCRIPT
D:       0.348
E:       0.652
F:      32.000
I:     251.000
J:       0.000
K:   10800.010
L:       0.000
R:       0.000
S:       0.000
T:    1192.000
U:       0.000
V:       0.000
W:       0.000
X:       0.000
Y:       0.000
Z:       0.000
A:
     0:        1.000        3.000      500.000     1000.000      180.000
     5:        1.000        1.000        1.000        1.000        0.000
    10:      269.000        0.000
B:
     0:       92.000       32.000       60.000        0.000        0.000
     5:        0.000        0.000
C:
     0:        0.500       85.100        0.200        0.700        0.800
     5:      113.600        0.500      215.100        0.200        0.700
    10:        0.800     1353.600        0.500      871.600        0.500
    15:      177.100        0.200        0.700        0.800      118.600
    20:        0.500       41.100        0.200        0.700        0.800
    25:     2924.100        0.200        0.700        0.800      126.600
    30:        0.500       15.600        0.500        9.600        0.500
    35:        2.600        0.500       23.600        0.500       19.600
    40:        0.500        6.600        0.500        2.600        0.500
    45:      192.100        0.200        0.700        0.800     7897.600
    50:        0.500       24.600        0.500       30.600        0.500
    55:      375.600        0.500       10.600        0.500       70.100
    60:        0.200        0.700        0.800      252.600        0.500
    65:       47.600        0.500     3810.600        0.500      168.100
    70:        0.200        0.700        2.100        0.800      159.100
    75:        0.200        0.700        0.800     3759.600        0.500
    80:     3254.100        0.200        0.700        0.800      210.100
    85:        0.200        0.700        0.800      113.600        0.500
    90:     4129.600        0.500      317.100        0.200        0.700
    95:        0.800      221.100        0.200        0.700        0.800
   100:     3375.100        0.200        0.700        0.800     2796.600
   105:        0.500        7.600        0.500        7.600        0.500
   110:        8.600        0.500        1.600        0.500     1832.100
   115:        0.200        0.700        0.800      110.100        0.200
   120:        0.700        0.800     2106.600        0.500     5507.600
   125:        0.500      203.600        0.500     1920.600        0.500
   130:       81.600        0.500     1134.100        0.200        0.700
   135:        0.800     3316.100        0.200        0.700        0.800
   140:     2583.100        0.200        0.700        0.800      111.100
   145:        0.200        0.700        0.800     4574.100        0.200
   150:        0.700        0.800     1364.100        0.200        0.700
   155:        0.800     1518.600        0.500      306.600        0.500
   160:      379.600        0.500       52.600        0.500       57.600
   165:        0.500       11.600        0.500       28.600        0.500
   170:       20.600        0.500       11.600        0.500        6.600
   175:        0.500       53.600        0.500      100.600        0.500
   180:       27.600        0.500        4.600        0.500       72.600
   185:        0.500      109.600        0.500       95.600        0.500
   190:     1129.100        0.200        0.700        0.800     6504.100
   195:        0.200        0.700        0.800     1120.100        0.200
   200:        0.700        0.800     4741.600        0.500     2854.100
   205:        0.200        0.700        0.800      254.100        0.200
   210:        0.700        0.800     5130.600        0.500      112.100
   215:        0.200        0.700        0.800     2885.600        0.500
   220:      712.600        0.500      730.600        0.500     5020.600
   225:        0.500      153.100        0.200        0.700        0.800
   230:     1192.600        0.500       18.600        0.500       22.600
   235:        0.500     1485.100        0.200        0.700        0.800
   240:     3960.100        0.200        0.700        0.800      150.100
   245:        0.200        0.700        0.800     3616.600        0.500
   250:     1192.300
G:
     0:        8.570       41.300      281.480      297.300      589.700
     5:      629.140     1469.730     1897.620     1913.530     2614.830
    10:     2635.810     3091.750     3113.850     3451.340     3916.390
    15:     3927.460     5022.490     5354.100     5612.400     5623.520
    20:     6080.910     6217.360     6615.060     7265.480     7377.390
    25:     8136.950     8162.310     8686.550     9636.570     9908.190
    30:    10304.190    10319.260
H:
     0:       19.860      176.590      263.700      293.210      602.350
     5:      603.870      604.760      604.890      607.240      609.160
    10:      609.720      609.900     1418.800     1421.240     1424.250
    15:     1461.710     1462.770     1494.920     1499.610     1880.630
    20:     2289.410     2647.100     3060.010     3730.980     3731.680
    25:     3732.290     3733.140     3733.280     4138.070     4688.700
    30:     4709.000     4901.050     4909.130     6369.090     6399.740
    35:     6437.660     6442.820     6448.490     6449.600     6452.410
    40:     6454.390     6455.510     6456.160     6461.420     6471.470
    45:     6474.180     6474.570     6481.740     6492.620     6502.090
    50:     7851.490     8675.330     8975.070     9046.250     9119.240
    55:     9621.190     9755.720     9757.570     9759.700    10680.800
M:
     0:        8.570       41.300      281.480      297.300      589.700
     5:      629.140     1469.730     1897.470     1913.530     2614.830
    10:     2635.810     3091.750     3113.850     3451.340     3916.390
    15:     3927.460     5022.490     5354.100     5612.400     5623.520
    20:     6080.910     6217.360     6615.060     7265.480     7377.390
    25:     8136.950     8162.310     8686.550     9636.570     9908.190
    30:    10304.190    10319.260
N:
     0:       19.860      176.590      263.700      293.210      602.350
     5:      603.870      604.760      604.890      607.240      609.160
    10:      609.720      609.900     1418.800     1421.240     1424.250
    15:     1461.710     1462.770     1494.920     1499.610     1880.630
    20:     2289.410     2647.100     3060.010     3730.980     3731.680
    25:     3732.290     3733.140     3733.280     4138.070     4688.700
    30:     4709.000     4901.050     4909.130     6369.090     6399.740
    35:     6437.660     6442.820     6448.490     6449.600     6452.410
    40:     6454.390     6455.510     6456.160     6461.420     6471.470
    45:     6474.180     6474.570     6481.740     6492.620     6502.090
    50:     7851.490     8675.330     8975.070     9046.250     9119.240
    55:     9621.190     9755.720     9757.570     9759.700    10680.800
O:
     0:     1897.620
P:
Q:
     0:   102873.000   230493.000   208838.000    88962.000       32.000
     5:       60.000        1.000        0.000
\Box5_Comments:



Start Date: 01/27/22
End Date: 01/27/22
Subject: 6
Experiment: heroinSA
Group: heroin
Box: 6
Start Time: 11:59:49
End Time: 15:49:34
MSN: FR_SCRIPT
D:       0.900
E:       0.100
F:      27.000
I:     119.000
J:       0.000
K:   10800.010
L:       0.000
R:       0.000
S:       0.000
T:    2569.000
U:       0.000
V:       0.000
W:       0.000
X:       0.000
Y:       1.000
Z:       1.000
A:
     0:        2.000        3.000      500.000     1000.000      180.000
     5:        1.000        1.000        1.000        1.000        0.000
    10:      252.000        0.000
B:
     0:       30.000       27.000        3.000        0.000        0.000
     5:        0.000        0.000
C:
     0:        0.500      331.100        0.200        0.700        0.800
     5:     2468.100        0.200        0.700        0.800    11480.100
    10:        0.200        0.700        0.800      119.100        0.200
    15:        0.700        0.800     7383.600        0.500      236.100
    20:        0.200        0.700        0.800      130.100        0.200
    25:        0.700        2.100        0.800     6039.100        0.200
    30:        0.700        0.800     6484.100        0.200        0.700
    35:        0.800     7094.600        0.500        9.600        0.500
    40:       56.100        0.200        0.700        0.800      125.100
    45:        0.200        0.700        0.800     7442.100        0.200
    50:        0.700        0.800     3650.100        0.200        0.700
    55:        0.800     5716.100        0.200        0.700        0.800
    60:     4986.100        0.200        0.700        0.800      335.100
    65:        0.200        0.700        0.800     5133.100        0.200
    70:        0.700        0.800     1177.100        0.200        0.700
    75:        0.800     3082.100        0.200        0.700        0.800
    80:     5088.100        0.200        0.700        0.800     3597.100
    85:        0.200        0.700        0.800      216.100        0.200
    90:        0.700        0.800      130.100        0.200        0.700
    95:        2.100        0.800     5797.100        0.200        0.700
   100:        2.100        0.800     4402.100        0.200        0.700
   105:        0.800     1818.100        0.200        0.700        0.800
   110:     3606.100        0.200        0.700        0.800     7296.100
   115:        0.200        0.700        0.800     2569.300
G:
     0:       33.120      279.970     1427.940     1439.870     2201.780
     5:     2214.900     2818.860     3467.270     4183.090     4195.660
    10:     4939.880     5304.810     5876.440     6375.040     6408.510
    15:     6921.820     7039.510     7347.770     7856.490     8216.230
    20:     8237.830     8251.010     8830.890     9271.100     9452.900
    25:     9813.530    10543.140
H:
     0:     2178.110     4176.620     4177.540
M:
     0:       33.120      279.970     1427.940     1439.870     2201.780
     5:     2214.760     2818.860     3467.270     4183.090     4195.660
    10:     4939.880     5304.810     5876.440     6375.040     6408.510
    15:     6921.820     7039.510     7347.770     7856.490     8216.230
    20:     8237.830     8250.880     8830.740     9271.100     9452.900
    25:     9813.530    10543.140
N:
     0:     2178.110     4176.620     4177.540
O:
     0:     2214.900     8251.010     8830.890
P:
Q:
     0:   217254.000   306141.000    91361.000    17127.000       27.000
     5:        3.000        3.000        0.000
\Box6_Comments:



Start Date: 01/27/22
End Date: 01/27/22
Subject: 7
Experiment: heroinSA
Group: heroin
Box: 7
Start Time: 11:59:49
End Time: 15:49:34
MSN: FR_SCRIPT
D:       0.917
E:       0.083
F:      44.000
I:     186.000
J:       0.000
K:   10800.010
L:       0.000
R:       0.000
S:       0.000
T:    1025.000
U:       0.000
V:       0.000
W:       0.000
X:       0.000
Y:       0.000
Z:       0.000
A:
     0:        1.000        3.000      500.000     1000.000      180.000
     5:        1.000        1.000        1.000        1.000        0.000
    10:      280.000        0.000
B:
     0:       48.000       44.000        4.000        0.000        0.000
     5:        0.000        0.000
C:
     0:        0.500      567.100        0.200        0.700        0.800
     5:      185.600        0.500        9.600        0.500        4.600
    10:        0.500      134.100        0.200        0.700        0.800
    15:      108.100        0.200        0.700        0.800      110.100
    20:        0.200        0.700        0.800      320.100        0.200
    25:        0.700        0.800     3217.100        0.200        0.700
    30:        0.800     1555.100        0.200        0.700        0.800
    35:     4526.100        0.200        0.700        0.800     2120.100
    40:        0.200        0.700        0.800     3184.100        0.200
    45:        0.700        0.800     1691.100        0.200        0.700
    50:        0.800     1834.100        0.200        0.700        0.800
    55:     2045.100        0.200        0.700        0.800     2321.100
    60:        0.200        0.700        0.800     4579.100        0.200
    65:        0.700        0.800     1169.100        0.200        0.700
    70:        0.800     1951.100        0.200        0.700        0.800
    75:     3692.100        0.200        0.700        0.800     3401.100
    80:        0.200        0.700        0.800     3269.100        0.200
    85:        0.700        0.800     3184.100        0.200        0.700
    90:        0.800     3966.100        0.200        0.700        0.800
    95:     6652.100        0.200        0.700        0.800      209.100
   100:        0.200        0.700        0.800     4196.100        0.200
   105:        0.700        0.800     2614.100        0.200        0.700
   110:        0.800      454.100        0.200        0.700        0.800
   115:     3949.100        0.200        0.700        0.800     3565.100
   120:        0.200        0.700        0.800     3560.100        0.200
   125:        0.700        0.800      346.100        0.200        0.700
   130:        0.800     2660.100        0.200        0.700        0.800
   135:     3102.100        0.200        0.700        0.800     2625.100
   140:        0.200        0.700        0.800     1738.100        0.200
   145:        0.700        0.800     2277.100        0.200        0.700
   150:        0.800     3434.100        0.200        0.700        0.800
   155:     2555.100        0.200        0.700        0.800     2430.100
   160:        0.200        0.700        0.800     2375.100        0.200
   165:        0.700        0.800     3488.100        0.200        0.700
   170:        0.800      149.100        0.200        0.700        0.800
   175:     4400.600        0.500      102.100        0.200        0.700
   180:        0.800      954.100        0.200        0.700        0.800
   185:     1025.300
G:
     0:       56.700       89.940      100.720      111.750      143.710
     5:      465.480      620.900     1073.520     1285.570     1603.980
    10:     1773.000     1956.470     2160.980     2393.040     2850.940
    15:     2967.810     3162.960     3532.130     3872.240     4199.090
    20:     4517.510     4914.140     5579.360     5600.240     6019.840
    25:     6281.220     6326.650     6721.580     7078.080     7434.020
    30:     7468.590     7734.680     8044.790     8307.300     8481.100
    35:     8708.800     9052.250     9307.710     9550.710     9788.280
    40:    10137.080    10151.890    10602.150    10697.540
H:
     0:       75.210       76.160       76.510    10591.890
M:
     0:       56.700       89.940      100.720      111.750      143.710
     5:      465.480      620.900     1073.520     1285.570     1603.980
    10:     1773.000     1956.470     2160.980     2393.040     2850.940
    15:     2967.810     3162.960     3532.130     3872.240     4199.090
    20:     4517.510     4914.140     5579.360     5600.240     6019.840
    25:     6281.220     6326.650     6721.580     7078.080     7434.020
    30:     7468.590     7734.680     8044.790     8307.300     8481.100
    35:     8708.800     9052.250     9307.710     9550.710     9788.280
    40:    10137.080    10151.890    10602.150    10697.540
N:
     0:       75.210       76.160       76.510    10591.890
O:
P:
Q:
     0:   322763.000   161385.000    21396.000     5128.000       44.000
     5:        4.000        0.000        0.000
\Box7_Comments:



Start Date: 01/27/22
End Date: 01/27/22
Subject: 8
Experiment: heroinSA
Group: heroin
Box: 8
Start Time: 11:59:49
End Time: 15:49:34
MSN: FR_SCRIPT
D:       0.515
E:       0.485
F:      35.000
I:     209.000
J:       0.000
K:   10800.010
L:       0.000
R:       0.000
S:       0.000
T:    4741.000
U:       0.000
V:       0.000
W:       0.000
X:       0.000
Y:       0.000
Z:       0.000
A:
     0:        2.000        3.000      500.000     1000.000      180.000
     5:        1.000        1.000        1.000        1.000        0.000
    10:      251.000        0.000
B:
     0:       68.000       35.000       33.000        0.000        0.000
     5:        0.000        0.000
C:
     0:        0.500      743.100        0.200        0.700        0.800
     5:     1256.100        0.200        0.700        0.800      690.600
    10:        0.500        1.600        0.500        2.600        0.500
    15:        3.600        0.500      890.100        0.200        0.700
    20:        0.800      519.100        0.200        0.700        0.800
    25:      116.600        0.500     4246.600        0.500     4281.100
    30:        0.200        0.700        0.800     2912.600        0.500
    35:       18.100        0.200        0.700        0.800      278.100
    40:        0.200        0.700        0.800      234.600        0.500
    45:        3.600        0.500     4191.600        0.500        3.600
    50:        0.500     4110.100        0.200        0.700        0.800
    55:     2754.100        0.200        0.700        0.800      225.100
    60:        0.200        0.700        0.800      111.100        0.200
    65:        0.700        0.800     9091.100        0.200        0.700
    70:        0.800     2713.600        0.500        3.600        0.500
    75:        8.600        0.500       20.600        0.500      124.100
    80:        0.200        0.700        0.800      107.100        0.200
    85:        0.700        0.800      106.100        0.200        0.700
    90:        0.800      141.100        0.200        0.700        0.800
    95:      105.100        0.200        0.700        0.800      122.100
   100:        0.200        0.700        0.800    12055.100        0.200
   105:        0.700        0.800     1196.100        0.200        0.700
   110:        0.800     7593.100        0.200        0.700        0.800
   115:     6022.100        0.200        0.700        0.800     5169.100
   120:        0.200        0.700        0.800      102.100        0.200
   125:        0.700        4.100        0.800      110.100        0.200
   130:        0.700        0.800      116.100        0.200        0.700
   135:        0.800      129.100        0.200        0.700        0.800
   140:      127.100        0.200        0.700        0.800      186.100
   145:        0.200        0.700        0.800    14633.100        0.200
   150:        0.700        0.800      479.100        0.200        0.700
   155:        0.800      119.100        0.200        0.700        0.800
   160:     6137.100        0.200        0.700        0.800     4895.600
   165:        0.500        3.600        0.500        2.600        0.500
   170:        3.600        0.500        2.600        0.500       15.600
   175:        0.500        4.600        0.500        6.600        0.500
   180:        7.600        0.500        3.600        0.500       18.600
   185:        0.500        3.600        0.500        5.600        0.500
   190:      238.600        0.500       23.600        0.500     3451.600
   195:        0.500        3.600        0.500        6.600        0.500
   200:       82.100        0.200        0.700        0.800      187.100
   205:        0.200        0.700        0.800     4741.300
G:
     0:       74.380      199.920      358.570      410.450     1274.700
     5:     1567.760     1595.550     2449.650     2725.010     2747.520
    10:     2758.600     3667.780     3954.530     3965.190     3975.860
    15:     3989.980     4000.410     4012.610     5218.090     5337.710
    20:     6097.040     6699.190     7216.140     7226.750     7237.760
    25:     7249.360     7262.280     7274.930     7293.580     8756.820
    30:     8804.730     8816.670     9430.380    10307.190    10325.890
H:
     0:      268.930      269.010      269.200      269.530      422.060
     5:      846.660     1565.910     1618.900     1619.260     2038.360
    10:     2038.660     3939.040     3939.300     3940.150     3942.140
    15:     9919.800     9920.130     9920.320     9920.630     9920.820
    20:     9922.350     9922.760     9923.340     9924.020     9924.340
    25:     9926.160     9926.410     9926.950     9950.760     9953.010
    30:    10298.150    10298.460    10299.010
M:
     0:       74.380      199.920      358.570      410.450     1274.700
     5:     1567.760     1595.550     2449.650     2725.010     2747.520
    10:     2758.600     3667.780     3954.530     3965.190     3975.860
    15:     3989.980     4000.410     4012.610     5218.090     5337.710
    20:     6097.040     6699.190     7216.140     7226.310     7237.760
    25:     7249.360     7262.280     7274.930     7293.580     8756.820
    30:     8804.730     8816.670     9430.380    10307.190    10325.890
N:
     0:      268.930      269.010      269.200      269.530      422.060
     5:      846.660     1565.910     1618.900     1619.260     2038.360
    10:     2038.660     3939.040     3939.300     3940.150     3942.140
    15:     9919.800     9920.130     9920.320     9920.630     9920.820
    20:     9922.350     9922.760     9923.340     9924.020     9924.340
    25:     9926.160     9926.410     9926.950     9950.760     9953.010
    30:    10298.150    10298.460    10299.010
O:
     0:     7226.750
P:
Q:
     0:   144574.000   171083.000   139701.000   117758.000       35.000
     5:       33.000        1.000        0.000
\Box8_Comments:



Start Date: 01/27/22
End Date: 01/27/22
Subject: 9
Experiment: heroinSA
Group: heroin
Box: 9
Start Time: 11:59:49
End Time: 15:49:34
MSN: FR_SCRIPT
D:       0.582
E:       0.418
F:      46.000
I:     259.000
J:       0.000
K:   10800.010
L:       0.000
R:       0.000
S:       0.000
T:     575.000
U:       0.000
V:       1.000
W:       0.000
X:       0.000
Y:       0.000
Z:       0.000
A:
     0:        1.000        3.000      500.000     1000.000      180.000
     5:        1.000        1.000        1.000        1.000        0.000
    10:      270.000        0.000
B:
     0:       79.000       46.000       33.000        0.000        0.000
     5:        0.000        0.000
C:
     0:        0.500      560.100        0.200        0.700        0.800
     5:      666.600        0.500        3.600        0.500       61.100
    10:        0.200        0.700        0.800      613.100        0.200
    15:        0.700        0.800      122.100        0.200        0.700
    20:        3.100        0.800      112.600        0.500        3.600
    25:        0.500      109.100        0.200        0.700        0.800
    30:     5421.600        0.500     1334.600        0.500      100.100
    35:        0.200        0.700        0.800      268.600        0.500
    40:      494.100        0.200        0.700        0.800      881.100
    45:        0.200        0.700        0.800     3251.100        0.200
    50:        0.700        0.800     5303.600        0.500       40.100
    55:        0.200        0.700        0.800      479.600        0.500
    60:      275.100        0.200        0.700        0.800     2690.100
    65:        0.200        0.700        0.800      213.100        0.200
    70:        0.700        0.800     3665.100        0.200        0.700
    75:        0.800      821.100        0.200        0.700        1.100
    80:        0.800     3895.100        0.200        0.700        0.800
    85:     2519.100        0.200        0.700        0.800     2620.100
    90:        0.200        0.700        2.100        0.800     1343.100
    95:        0.200        0.700        0.800     3343.100        0.200
   100:        0.700        0.800     4714.100        0.200        0.700
   105:        0.800     1542.100        0.200        0.700        0.800
   110:     2330.100        0.200        0.700        0.800     3654.100
   115:        0.200        0.700        0.800      174.600        0.500
   120:        6.600        0.500       37.100        0.200        0.700
   125:        0.800     4884.100        0.200        0.700        0.800
   130:     3230.600        0.500        1.600        0.500       26.600
   135:        0.500      689.600        0.500      444.600        0.500
   140:       16.600        0.500      731.600        0.500        9.600
   145:        0.500       50.600        0.500       11.600        0.500
   150:       67.600        0.500        2.600        0.500       49.100
   155:        0.200        0.700        0.800      140.100        0.200
   160:        0.700        0.800     1096.600        0.500     1536.100
   165:        0.200        0.700        1.100        0.800     3490.600
   170:        0.500      921.100        0.200        0.700        2.100
   175:        0.800      118.100        0.200        0.700        1.100
   180:        0.800     4638.600        0.500       16.600        0.500
   185:       51.100        0.200        0.700        0.800     3370.600
   190:        0.500       44.100        0.200        0.700        0.800
   195:     2465.100        0.200        0.700        0.800     1426.100
   200:        0.200        0.700        0.800      244.100        0.200
   205:        0.700        0.800     4483.600        0.500      271.600
   210:        0.500      800.600        0.500       29.600        0.500
   215:      362.100        0.200        0.700        0.800     2077.100
   220:        0.200        0.700        0.800      612.100        0.200
   225:        0.700        0.800     4047.100        0.200        0.700
   230:        0.800      325.100        0.200        0.700        2.100
   235:        0.800     2297.100        0.200        0.700        0.800
   240:      291.100        0.200        0.700        0.800     4852.100
   245:        0.200        0.700        0.800      473.600        0.500
   250:     1208.100        0.200        0.700        0.800     1861.100
   255:        0.200        0.700        0.800      575.300
G:
     0:       56.080      129.060      190.310      202.800      225.240
     5:      910.770      986.950     1075.070     1400.110     1934.420
    10:     2009.850     2278.880     2300.150     2666.630     2748.800
    15:     3138.310     3390.200     3652.420     3786.700     4121.020
    20:     4592.470     4746.630     4979.620     5345.070     5366.720
    25:     5855.110     6387.670     6401.670     6664.960     7106.270
    30:     7118.150     7588.660     7930.060     8176.500     8319.160
    35:     8343.580     8938.080     9145.750     9206.900     9611.610
    40:     9644.310     9873.990     9903.130    10388.290    10556.430
    45:    10742.580
H:
     0:      122.590      122.960      214.080      214.370      767.310
     5:      900.740      937.520     1930.400     1982.320     5362.400
    10:     5363.040     6178.090     6178.220     6180.850     6249.700
    15:     6294.160     6295.760     6368.880     6369.700     6374.730
    20:     6375.860     6382.580     6382.770     6511.200     7013.930
    25:     7581.970     7583.550     7925.670     8791.840     8818.900
    30:     8898.910     8901.790    10435.670
M:
     0:       56.080      129.060      190.310      202.520      225.240
     5:      910.770      986.950     1075.070     1400.110     1934.420
    10:     2009.850     2278.880     2300.150     2666.630     2748.700
    15:     3138.310     3390.200     3652.270     3786.700     4121.020
    20:     4592.470     4746.630     4979.620     5345.070     5366.720
    25:     5855.110     6387.670     6401.670     6664.820     7106.060
    30:     7118.040     7588.660     7930.060     8176.500     8319.160
    35:     8343.580     8938.080     9145.750     9206.900     9611.610
    40:     9644.180     9873.990     9903.130    10388.290    10556.430
    45:    10742.580
N:
     0:      122.590      122.960      214.080      214.370      767.310
     5:      900.740      937.520     1930.400     1982.320     5362.400
    10:     5363.040     6178.090     6178.220     6180.850     6249.700
    15:     6294.160     6295.760     6368.880     6369.700     6374.730
    20:     6375.860     6382.580     6382.770     6511.200     7013.930
    25:     7581.970     7583.550     7925.670     8791.840     8818.900
    30:     8898.910     8901.790    10435.670
O:
     0:      202.800     2748.800     3652.420     6664.960     7106.270
     5:     7118.150     9644.310
P:
Q:
     0:   237313.000   328848.000   119450.000     4332.000       46.000
     5:       33.000        7.000        0.000
\Box9_Comments:



Start Date: 01/27/22
End Date: 01/27/22
Subject: 10
Experiment: heroinSA
Group: saline
Box: 10
Start Time: 11:59:49
End Time: 15:49:34
MSN: FR_SCRIPT
D:       0.297
E:       0.703
F:      11.000
I:      98.000
J:       0.000
K:   10800.010
L:       0.000
R:       0.000
S:       0.000
T:    7641.000
U:       0.000
V:       0.000
W:       0.000
X:       0.000
Y:       0.000
Z:       0.000
A:
     0:        2.000        3.000      500.000     1000.000      180.000
     5:        1.000        1.000        1.000        1.000        0.000
    10:      260.000        0.000
B:
     0:       37.000       11.000       26.000        0.000        0.000
     5:        0.000        0.000
C:
     0:        0.500       90.100        0.200        0.700        0.800
     5:      348.600        0.500     2022.100        0.200        0.700
    10:        0.800     2534.100        0.200        0.700        0.800
    15:     6626.600        0.500       12.600        0.500        5.600
    20:        0.500       88.600        0.500       21.600        0.500
    25:      148.600        0.500       36.600        0.500    25491.100
    30:        0.200        0.700        0.800     1559.100        0.200
    35:        0.700        0.800    28665.600        0.500       22.600
    40:        0.500        4.600        0.500       30.600        0.500
    45:    22596.100        0.200        0.700        0.800      111.100
    50:        0.200        0.700        0.800     5547.600        0.500
    55:       48.600        0.500       31.600        0.500       39.600
    60:        0.500      870.100        0.200        0.700        0.800
    65:      803.600        0.500      186.100        0.200        0.700
    70:        0.800      273.100        0.200        0.700        0.800
    75:      649.100        0.200        0.700        0.800      341.600
    80:        0.500      471.600        0.500       35.600        0.500
    85:       14.600        0.500      130.600        0.500       27.600
    90:        0.500      247.600        0.500       42.600        0.500
    95:      198.600        0.500     7641.300
G:
     0:        9.020      246.030      499.390     3742.140     3898.000
     5:     9029.780     9040.860     9694.320     9793.280     9820.510
    10:     9885.430
H:
     0:       43.790     1161.990     1163.230     1163.730     1172.550
     5:     1174.680     1189.430     1193.070     6764.520     6766.750
    10:     6767.120     6770.130     9595.500     9600.350     9603.470
    15:     9607.370     9774.650     9919.540     9966.680     9970.150
    20:     9971.570     9984.580     9987.280    10011.960    10016.180
    25:    10035.890
M:
     0:        9.020      246.030      499.390     3742.140     3898.000
     5:     9029.780     9040.860     9694.320     9793.280     9820.510
    10:     9885.430
N:
     0:       43.790     1161.990     1163.230     1163.730     1172.550
     5:     1174.680     1189.430     1193.070     6764.520     6766.750
    10:     6767.120     6770.130     9595.500     9600.350     9603.470
    15:     9607.370     9774.650     9919.540     9966.680     9970.150
    20:     9971.570     9984.580     9987.280    10011.960    10016.180
    25:    10035.890
O:
P:
Q:
     0:    78580.000    84188.000   163167.000   202720.000       11.000
     5:       26.000        0.000        0.000
\Box10_Comments:



Start Date: 01/27/22
End Date: 01/27/22
Subject: 11
Experiment: heroinSA
Group: saline
Box: 11
Start Time: 11:59:49
End Time: 15:49:34
MSN: FR_SCRIPT_5choice
D:       0.333
E:       0.667
F:       9.000
I:      74.000
J:       0.000
K:   10800.010
L:       0.000
R:       0.000
S:       0.000
T:    3885.000
U:       0.000
V:       0.000
W:       0.000
X:       0.000
Y:       0.000
Z:       0.000
A:
     0:        1.000        3.000      500.000     1000.000      180.000
     5:        1.000        1.000        1.000        2.000        0.000
    10:      282.000        0.000
B:
     0:       27.000        9.000       18.000        0.000        0.000
     5:        0.000        0.000
C:
     0:        0.500       17.600        0.500     1611.100        0.200
     5:        0.700        0.800     2618.600        0.500      313.600
    10:        0.500       10.600        0.500       83.100        0.200
    15:        0.700        0.800      351.100        0.200        0.700
    20:        0.800      149.100        0.200        0.700        0.800
    25:     5339.600        0.500        3.600        0.500        8.600
    30:        0.500     8038.600        0.500     1594.600        0.500
    35:    18125.600        0.500       49.600        0.500      709.100
    40:        0.200        0.700        0.800      856.600        0.500
    45:     2865.100        0.200        0.700        0.800     1442.600
    50:        0.500      547.100        0.200        0.700        0.800
    55:      271.100        0.200        0.700        0.800    44634.600
    60:        0.500       51.600        0.500    12916.100        0.200
    65:        0.700        0.800     1440.600        0.500       15.600
    70:        0.500       61.600        0.500     3885.300
G:
     0:      162.870      465.260      500.350      515.270     3901.700
     5:     4273.840     4472.760     4499.860    10259.890
H:
     0:        1.760      424.610      455.930      456.890     1049.160
     5:     1049.390     1050.260     1854.060     2013.460     3825.900
    10:     3830.880     3987.310     4418.060     8963.270     8968.300
    15:    10403.930    10405.460    10411.510
M:
     0:      162.870      465.260      500.350      515.270     3901.700
     5:     4273.840     4472.760     4499.860    10259.890
N:
     0:        1.760      424.610      455.930      456.890     1049.160
     5:     1049.390     1050.260     1854.060     2013.460     3825.900
    10:     3830.880     3987.310     4418.060     8963.270     8968.300
    15:    10403.930    10405.460    10411.510
O:
P:
Q:
     0:        0.000        0.000        0.000        0.000        9.000
     5:       18.000        0.000        0.000
\Box11_Comments:



Start Date: 01/27/22
End Date: 01/27/22
Subject: 12
Experiment: heroinSA
Group: saline
Box: 12
Start Time: 11:59:49
End Time: 15:49:34
MSN: FR_SCRIPT_5choice
D:       0.333
E:       0.667
F:       1.000
I:      10.000
J:       0.000
K:   10800.010
L:       0.000
R:       0.000
S:       0.000
T:   28282.000
U:       0.000
V:       0.000
W:       0.000
X:       0.000
Y:       0.000
Z:       0.000
A:
     0:        2.000        3.000      500.000     1000.000      180.000
     5:        1.000        1.000        1.000        2.000        0.000
    10:      268.000        0.000
B:
     0:        3.000        1.000        2.000        0.000        0.000
     5:        0.000        0.000
C:
     0:        0.500    79330.600        0.500       34.600        0.500
     5:      354.100        0.200        0.700        0.800    28282.300
G:
     0:     7971.790
H:
     0:     7933.070     7936.450
M:
     0:     7971.790
N:
     0:     7933.070     7936.450
O:
P:
Q:
     0:        0.000        0.000        0.000        0.000        1.000
     5:        2.000        0.000        0.000
\Box12_Comments:



Start Date: 01/27/22
End Date: 01/27/22
Subject: 13
Experiment: heroinSA
Group: saline
Box: 13
Start Time: 11:59:49
End Time: 15:49:34
MSN: FR_SCRIPT_5choice
D:       0.857
E:       0.143
F:      12.000
I:      54.000
J:       0.000
K:   10800.010
L:       0.000
R:       0.000
S:       0.000
T:   83828.000
U:       0.000
V:       0.000
W:       0.000
X:       0.000
Y:       0.000
Z:       0.000
A:
     0:        1.000        3.000      500.000     1000.000      180.000
     5:        1.000        1.000        1.000        2.000        0.000
    10:      249.000        0.000
B:
     0:       14.000       12.000        2.000        0.000        0.000
     5:        0.000        0.000
C:
     0:        0.500      423.100        0.200        0.700        0.800
     5:      147.100        0.200        0.700        0.800      108.100
    10:        0.200        0.700        0.800     1537.100        0.200
    15:        0.700        0.800      379.100        0.200        0.700
    20:        0.800    13216.100        0.200        0.700        0.800
    25:      213.100        0.200        0.700        0.800      291.100
    30:        0.200        0.700        0.800     6916.600        0.500
    35:       23.600        0.500      335.100        0.200        0.700
    40:        0.800      129.100        0.200        0.700        0.800
    45:      290.100        0.200        0.700        0.800      165.100
    50:        0.200        0.700        0.800    83828.300
G:
     0:       42.310       57.060       67.800      221.510      259.470
     5:     1581.010     1602.330     1631.410     2358.790     2371.720
    10:     2400.710     2417.270
H:
     0:     2323.080     2325.340
M:
     0:       42.310       57.060       67.800      221.510      259.470
     5:     1581.010     1602.330     1631.410     2358.790     2371.720
    10:     2400.710     2417.270
N:
     0:     2323.080     2325.340
O:
P:
Q:
     0:        0.000        0.000        0.000        0.000       12.000
     5:        2.000        0.000        0.000
\Box13_Comments:



Start Date: 01/27/22
End Date: 01/27/22
Subject: 14
Experiment: heroinSA
Group: saline
Box: 14
Start Time: 11:59:49
End Time: 15:49:34
MSN: FR_SCRIPT_5choice
D:       0.750
E:       0.250
F:       6.000
I:      31.000
J:       0.000
K:   10800.010
L:       0.000
R:       0.000
S:       0.000
T:   18095.000
U:       0.000
V:       0.000
W:       0.000
X:       0.000
Y:       0.000
Z:       0.000
A:
     0:        2.000        3.000      500.000     1000.000      180.000
     5:        1.000        1.000        1.000        2.000        0.000
    10:      275.000        0.000
B:
     0:        8.000        6.000        2.000        0.000        0.000
     5:        0.000        0.000
C:
     0:        0.500      136.100        0.200        0.700        0.800
     5:      111.100        0.200        0.700        0.800      649.600
    10:        0.500     6881.600        0.500    16396.100        0.200
    15:        0.700        0.800     4438.100        0.200        0.700
    20:        0.800      613.100        0.200        0.700        0.800
    25:    60679.100        0.200        0.700        2.100        0.800
    30:    18095.300
G:
     0:       13.660       24.740     2417.350     2861.140     2922.460
     5:     8990.500
H:
     0:       89.610      777.730
M:
     0:       13.660       24.740     2417.350     2861.140     2922.460
     5:     8990.370
N:
     0:       89.610      777.730
O:
     0:     8990.500
P:
Q:
     0:        0.000        0.000        0.000        0.000        6.000
     5:        2.000        1.000        0.000
\Box14_Comments:



Start Date: 01/27/22
End Date: 01/27/22
Subject: 15
Experiment: heroinSA
Group: saline
Box: 15
Start Time: 11:59:49
End Time: 15:49:34
MSN: FR_SCRIPT_5choice
D:       0.500
E:       0.500
F:       5.000
I:      32.000
J:       0.000
K:   10800.010
L:       0.000
R:       0.000
S:       0.000
T:   24041.000
U:       0.000
V:       0.000
W:       0.000
X:       0.000
Y:       0.000
Z:       0.000
A:
     0:        1.000        3.000      500.000     1000.000      180.000
     5:        1.000        1.000        1.000        2.000        0.000
    10:      258.000        0.000
B:
     0:       10.000        5.000        5.000        0.000        0.000
     5:        0.000        0.000
C:
     0:        0.500     2686.100        0.200        0.700        0.800
     5:     1530.100        0.200        0.700        0.800    12591.600
    10:        0.500     1549.100        0.200        0.700        0.800
    15:     1239.600        0.500      686.600        0.500    25200.600
    20:        0.500     2845.100        0.200        0.700        0.800
    25:    35562.600        0.500       71.100        0.200        0.700
    30:        0.800    24041.300
G:
     0:      268.680      421.660     1835.600     4832.610     8395.950
H:
     0:     1680.740     1959.490     2028.180     4548.120     8388.820
M:
     0:      268.680      421.660     1835.600     4832.610     8395.950
N:
     0:     1680.740     1959.490     2028.180     4548.120     8388.820
O:
P:
Q:
     0:        0.000        0.000        0.000        0.000        5.000
     5:        5.000        0.000        0.000
\Box15_Comments:
