File: C:\Users\hurdlab\Desktop\data_rme\JS\heroinSA\20220118\ heroinSA_FR1_roomE_20220126



Start Date: 01/26/22
End Date: 01/26/22
Subject: 1
Experiment: heroinSA
Group: heroin
Box: 1
Start Time: 11:20:01
End Time: 15:19:10
MSN: FR_SCRIPT
D:       0.269
E:       0.731
F:      21.000
I:     201.000
J:       0.000
K:   10800.010
L:       0.000
R:       0.000
S:       0.000
T:    4874.000
U:       0.000
V:       0.000
W:       0.000
X:       0.000
Y:       0.000
Z:       0.000
A:
     0:        1.000        3.000      500.000     1000.000      180.000
     5:        1.000        1.000        1.000        1.000        0.000
    10:      252.000        0.000
B:
     0:       78.000       21.000       57.000        0.000        0.000
     5:        0.000        0.000
C:
     0:        0.500      625.600        0.500       47.600        0.500
     5:      133.600        0.500      241.100        0.200        0.700
    10:        0.800      156.100        0.200        0.700        0.800
    15:      102.100        0.200        0.700        1.100        0.800
    20:      899.100        0.200        0.700        0.800      142.600
    25:        0.500        4.600        0.500        4.600        0.500
    30:       10.600        0.500       39.600        0.500       14.600
    35:        0.500     3199.100        0.200        0.700        0.800
    40:     1656.100        0.200        0.700        0.800    11276.600
    45:        0.500        6.600        0.500        7.100        0.200
    50:        0.700        0.800      114.100        0.200        0.700
    55:        0.800     3753.600        0.500       12.600        0.500
    60:        2.600        0.500      197.600        0.500      265.600
    65:        0.500       37.600        0.500        7.600        0.500
    70:      721.600        0.500     4033.100        0.200        0.700
    75:        0.800     4529.600        0.500      241.600        0.500
    80:      764.600        0.500        3.600        0.500     4329.100
    85:        0.200        0.700        0.800      134.600        0.500
    90:        6.600        0.500     4607.600        0.500        4.600
    95:        0.500     3725.600        0.500     2094.100        0.200
   100:        0.700        0.800      211.600        0.500     1397.100
   105:        0.200        0.700        0.800     7756.100        0.200
   110:        0.700        0.800      279.600        0.500     3370.600
   115:        0.500       64.600        0.500        3.600        0.500
   120:     1902.100        0.200        0.700        0.800      103.600
   125:        0.500        7.600        0.500       39.600        0.500
   130:       29.600        0.500        7.600        0.500       37.600
   135:        0.500        9.600        0.500       56.600        0.500
   140:       46.600        0.500       15.600        0.500        3.600
   145:        0.500       73.600        0.500        4.600        0.500
   150:       15.600        0.500        8.600        0.500       48.600
   155:        0.500       25.600        0.500       14.600        0.500
   160:        6.600        0.500     6130.100        0.200        0.700
   165:        0.800      722.100        0.200        0.700        0.800
   170:     1817.100        0.200        0.700        0.800     2702.600
   175:        0.500     3329.600        0.500       42.100        0.200
   180:        0.700        0.800    15244.600        0.500       62.600
   185:        0.500       38.100        0.200        0.700        0.800
   190:      549.100        0.200        0.700        0.800     4726.100
   195:        0.200        0.700        0.800     4101.600        0.500
   200:     4874.300
G:
     0:      104.620      120.240      130.570      220.480      561.650
     5:      727.200     1856.180     1867.500     2770.200     3756.790
    10:     4813.850     4974.610     5750.250     6312.030     6979.460
    15:     7051.670     7233.300     7840.680     9375.040     9429.950
    20:     9902.520
H:
     0:       62.570       67.260       80.490      234.680      235.080
     5:      235.420      236.410      240.360      241.760     1854.820
    10:     1855.450     2242.820     2244.020     2244.260     2263.950
    15:     2290.430     2294.150     2294.790     2366.950     3223.100
    20:     3247.230     3323.640     3323.970     3770.240     3770.850
    25:     4231.530     4231.920     4604.430     4834.940     5778.140
    30:     6115.140     6121.560     6121.880     6322.350     6323.070
    35:     6326.960     6329.850     6330.560     6334.280     6335.130
    40:     6340.710     6345.300     6346.820     6347.150     6354.390
    45:     6354.820     6356.290     6357.170     6361.920     6364.460
    50:     6365.790     6366.460     7503.500     7836.400     9365.040
    55:     9371.200    10312.640
M:
     0:      104.620      120.240      130.430      220.480      561.650
     5:      727.200     1856.180     1867.500     2770.200     3756.790
    10:     4813.850     4974.610     5750.250     6312.030     6979.460
    15:     7051.670     7233.300     7840.680     9375.040     9429.950
    20:     9902.520
N:
     0:       62.570       67.260       80.490      234.680      235.080
     5:      235.420      236.410      240.360      241.760     1854.820
    10:     1855.450     2242.820     2244.020     2244.260     2263.950
    15:     2290.430     2294.150     2294.790     2366.950     3223.100
    20:     3247.230     3323.640     3323.970     3770.240     3770.850
    25:     4231.530     4231.920     4604.430     4834.940     5778.140
    30:     6115.140     6121.560     6121.880     6322.350     6323.070
    35:     6326.960     6329.850     6330.560     6334.280     6335.130
    40:     6340.710     6345.300     6346.820     6347.150     6354.390
    45:     6354.820     6356.290     6357.170     6361.920     6364.460
    50:     6365.790     6366.460     7503.500     7836.400     9365.040
    55:     9371.200    10312.640
O:
     0:      130.570
P:
Q:
     0:   119468.000   277480.000   178735.000    34863.000       21.000
     5:       57.000        1.000        0.000
\Box1_Comments:



Start Date: 01/26/22
End Date: 01/26/22
Subject: 2
Experiment: heroinSA
Group: heroin
Box: 2
Start Time: 11:20:01
End Time: 15:19:10
MSN: FR_SCRIPT
D:       0.711
E:       0.289
F:      59.000
I:     306.000
J:       0.000
K:   10800.010
L:       0.000
R:       0.000
S:       0.000
T:    5318.000
U:       0.000
V:       1.000
W:       0.000
X:       0.000
Y:       0.000
Z:       0.000
A:
     0:        2.000        3.000      500.000     1000.000      180.000
     5:        1.000        1.000        1.000        1.000        0.000
    10:      279.000        0.000
B:
     0:       83.000       59.000       24.000        0.000        0.000
     5:        0.000        0.000
C:
     0:        0.500       45.600        0.500       86.100        0.200
     5:        0.700        0.800      805.100        0.200        0.700
    10:        0.800     1977.600        0.500      317.600        0.500
    15:        4.600        0.500       18.600        0.500       37.600
    20:        0.500        4.600        0.500        5.600        0.500
    25:      123.600        0.500        2.600        0.500       11.600
    30:        0.500       10.600        0.500        8.600        0.500
    35:        9.600        0.500        3.600        0.500       10.100
    40:        0.200        0.700        1.100        0.800      333.100
    45:        0.200        0.700        0.800     1371.600        0.500
    50:     1873.100        0.200        0.700        0.800      164.100
    55:        0.200        0.700        0.800     4565.100        0.200
    60:        0.700        0.800     2733.100        0.200        0.700
    65:        0.800      395.100        0.200        0.700        0.800
    70:     2399.100        0.200        0.700        0.800      164.100
    75:        0.200        0.700        0.800     5060.600        0.500
    80:       79.100        0.200        0.700       14.100       44.100
    85:        0.800      112.100        0.200        0.700        0.800
    90:      215.100        0.200        0.700        0.800     3952.100
    95:        0.200        0.700        0.800      128.100        0.200
   100:        0.700        0.800     7784.100        0.200        0.700
   105:        0.800      229.100        0.200        0.700        0.800
   110:      102.600        0.500        2.600        0.500       17.600
   115:        0.500       10.600        0.500        1.600        0.500
   120:       29.600        0.500        3.600        0.500       85.100
   125:        0.200        0.700        8.100        0.800     8878.100
   130:        0.200        0.700        0.800      102.100        0.200
   135:        0.700       31.100        3.100        0.800       68.100
   140:        0.200        0.700       34.100       12.100        0.800
   145:      173.100        0.200        0.700       49.100        8.100
   150:        0.800      101.100        0.200        0.700        0.800
   155:     7055.100        0.200        0.700        0.800      189.100
   160:        0.200        0.700       49.100       28.100        0.800
   165:      128.100        0.200        0.700        0.800      239.100
   170:        0.200        0.700        0.800     3715.100        0.200
   175:        0.700        0.800      367.100        0.200        0.700
   180:        0.800      378.100        0.200        0.700        0.800
   185:     2745.100        0.200        0.700        0.800      138.100
   190:        0.200        0.700        0.800     6562.100        0.200
   195:        0.700        0.800      411.100        0.200        0.700
   200:       13.100        0.800      200.100        0.200        0.700
   205:        0.800     3062.100        0.200        0.700        0.800
   210:      328.100        0.200        0.700        0.800      238.100
   215:        0.200        0.700        5.100        0.800     3380.100
   220:        0.200        0.700        0.800      161.100        0.200
   225:        0.700        0.800     2929.100        0.200        0.700
   230:        0.800      142.100        0.200        0.700       22.100
   235:        6.100        0.800      165.100        0.200        0.700
   240:        0.800      159.100        0.200        0.700        5.100
   245:        0.800     5980.100        0.200        0.700        0.800
   250:      223.100        0.200        0.700        0.800      188.100
   255:        0.200        0.700        0.800      179.100        0.200
   260:        0.700        0.800      103.100        0.200        0.700
   265:        0.800      230.100        0.200        0.700        0.800
   270:    10487.100        0.200        0.700        0.800      112.100
   275:        0.200        0.700       78.100       13.100        0.800
   280:      153.100        0.200        0.700        0.800      102.100
   285:        0.200        0.700       21.100        0.800     1114.100
   290:        0.200        0.700        0.800      203.100        0.200
   295:        0.700        0.800     5672.100        0.200        0.700
   300:        0.800      200.100        0.200        0.700        0.800
   305:     5318.300
G:
     0:       13.160       93.660      347.530      380.830      705.230
     5:      721.640     1178.120     1451.390     1490.980     1730.790
    10:     1747.280     2266.940     2278.170     2299.610     2694.800
    15:     2707.620     3486.080     3508.900     3534.630     4422.440
    20:     4436.070     4447.440     4470.440     4480.580     5186.030
    25:     5212.610     5225.410     5249.330     5620.880     5657.540
    30:     5695.300     5969.800     5983.590     6639.830     6682.230
    35:     6702.190     7008.390     7041.190     7065.550     7403.560
    40:     7419.600     7712.520     7729.550     7746.040     7762.450
    45:     8360.410     8382.690     8401.500     8419.410     8429.760
    50:     8452.710     9501.420     9521.700     9537.000     9549.370
    55:     9660.750     9680.990    10248.230    10268.220
H:
     0:        4.580      291.340      323.050      323.470      325.200
     5:      328.970      329.290      329.830      342.180      342.350
    10:      343.450      344.420      345.190      346.140      346.390
    15:      517.890     2253.270     3519.120     3519.290     3521.080
    20:     3521.990     3522.120     3525.000     3525.330
M:
     0:       13.160       93.660      347.450      380.830      705.230
     5:      721.640     1178.120     1451.390     1490.980     1730.790
    10:     1747.280     2261.160     2278.170     2299.610     2694.800
    15:     2707.620     3486.080     3508.900     3533.870     4422.440
    20:     4432.620     4442.840     4464.730     4480.580     5186.030
    25:     5204.920     5225.410     5249.330     5620.880     5657.540
    30:     5695.300     5969.800     5983.590     6639.830     6680.930
    35:     6702.190     7008.390     7041.190     7065.080     7403.560
    40:     7419.600     7712.520     7726.780     7746.040     7761.970
    45:     8360.410     8382.690     8401.500     8419.410     8429.760
    50:     8452.710     9501.420     9512.660     9537.000     9547.230
    55:     9660.750     9680.990    10248.230    10268.220
N:
     0:        4.580      291.340      323.050      323.470      325.200
     5:      328.970      329.290      329.830      342.180      342.350
    10:      343.450      344.420      345.190      346.140      346.390
    15:      517.890     2253.270     3519.120     3519.290     3521.080
    20:     3521.990     3522.120     3525.000     3525.330
O:
     0:      347.530     2262.560     2266.940     3534.630     4435.770
     5:     4436.070     4446.280     4447.440     4469.610     4470.440
    10:     5209.850     5212.610     6682.230     7065.550     7728.980
    15:     7729.550     7762.450     9520.480     9521.700     9549.370
P:
Q:
     0:   164327.000   207141.000   159034.000    75635.000       59.000
     5:       24.000       20.000        0.000
\Box2_Comments:



Start Date: 01/26/22
End Date: 01/26/22
Subject: 3
Experiment: heroinSA
Group: heroin
Box: 3
Start Time: 11:20:01
End Time: 15:19:10
MSN: FR_SCRIPT_box3
D:       0.536
E:       0.464
F:      30.000
I:     175.000
J:       0.000
K:   10800.010
L:       0.000
R:       0.000
S:       0.000
T:    1464.000
U:       0.000
V:       0.000
W:       0.000
X:       0.000
Y:       1.000
Z:       0.000
A:
     0:        1.000        3.000      500.000     1000.000      180.000
     5:        1.000        1.000        1.000        1.000        0.000
    10:      260.000        0.000
B:
     0:       56.000       30.000       26.000        0.000        0.000
     5:        0.000        0.000
C:
     0:        0.500      170.100        0.200        0.700        0.800
     5:      303.600        0.500       15.600        0.500       77.100
    10:        0.200        0.700        0.800     1568.100        0.200
    15:        0.700        0.800     4970.100        0.200        0.700
    20:        0.800     4178.600        0.500      614.100        0.200
    25:        0.700        0.800     5349.600        0.500        3.600
    30:        0.500      410.100        0.200        0.700        0.800
    35:     3255.100        0.200        0.700        0.800      107.100
    40:        0.200        0.700        0.800     4603.600        0.500
    45:      204.100        0.200        0.700        0.800      830.100
    50:        0.200        0.700        0.800     8435.600        0.500
    55:       17.600        0.500       20.100        0.200        0.700
    60:        0.800      124.100        0.200        0.700        0.800
    65:      222.600        0.500        7.600        0.500     5241.600
    70:        0.500        6.600        0.500       73.100        0.200
    75:        0.700        0.800     6934.600        0.500      628.100
    80:        0.200        0.700        0.800      550.100        0.200
    85:        0.700        0.800     5173.100        0.200        0.700
    90:        0.800     2682.100        0.200        0.700        0.800
    95:     4860.100        0.200        0.700        0.800     3036.100
   100:        0.200        0.700        0.800      343.100        0.200
   105:        0.700        0.800     6260.600        0.500      170.100
   110:        0.200        0.700        0.800      204.100        0.200
   115:        0.700        1.100        0.800     6634.100        0.200
   120:        0.700        0.800      350.100        0.200        0.700
   125:        0.800      111.100        0.200        0.700        0.800
   130:    10785.600        0.500       10.600        0.500        5.600
   135:        0.500        9.600        0.500       16.600        0.500
   140:        2.600        0.500      274.100        0.200        0.700
   145:        0.800      142.100        0.200        0.700        0.800
   150:     7809.600        0.500        4.600        0.500        1.600
   155:        0.500        9.600        0.500        3.600        0.500
   160:      224.100        0.200        0.700        0.800     6327.100
   165:        0.200        0.700        0.800      125.600        0.500
   170:     2054.100        0.200        0.700        0.800     1464.300
G:
     0:       16.990       56.580      213.350      710.350     1189.540
     5:     1765.720     2091.230     2101.980     2582.650     2665.610
    10:     3512.820     3525.240     4080.090     4836.350     4891.350
    15:     5408.680     5676.790     6162.840     6466.420     6500.780
    20:     7143.710     7164.260     7827.600     7862.610     7873.730
    25:     8983.880     8998.060     9803.050    10435.760    10653.590
H:
     0:       47.340       48.790     1128.170     1724.480     1724.750
     5:     2562.270     3509.120     3510.840     3547.480     3548.160
    10:     4072.190     4072.830     4773.550     7126.730     8952.210
    15:     8953.210     8953.750     8954.610     8956.240     8956.470
    20:     9778.940     9779.340     9779.430     9780.300     9780.600
    25:    10448.220
M:
     0:       16.990       56.580      213.350      710.350     1189.540
     5:     1765.720     2091.230     2101.980     2582.650     2665.610
    10:     3512.820     3525.240     4080.090     4836.350     4891.350
    15:     5408.680     5676.790     6162.840     6466.420     6500.780
    20:     7143.710     7164.100     7827.600     7862.610     7873.730
    25:     8983.880     8998.060     9803.050    10435.760    10653.590
N:
     0:       47.340       48.790     1128.170     1724.480     1724.750
     5:     2562.270     3509.120     3510.840     3547.480     3548.160
    10:     4072.190     4072.830     4773.550     7126.730     8952.210
    15:     8953.210     8953.750     8954.610     8956.240     8956.470
    20:     9778.940     9779.340     9779.430     9780.300     9780.600
    25:    10448.220
O:
     0:     7164.260
P:
Q:
     0:        0.000   258869.000   214337.000    45159.000       30.000
     5:       26.000        1.000        0.000
\Box3_Comments:



Start Date: 01/26/22
End Date: 01/26/22
Subject: 4
Experiment: heroinSA
Group: heroin
Box: 4
Start Time: 11:20:01
End Time: 15:19:10
MSN: FR_SCRIPT_box4
D:       0.586
E:       0.414
F:      17.000
I:      94.000
J:       0.000
K:   10800.010
L:       0.000
R:       0.000
S:       0.000
T:    1391.000
U:       0.000
V:       0.000
W:       0.000
X:       0.000
Y:       0.000
Z:       1.000
A:
     0:        2.000        3.000      500.000     1000.000      180.000
     5:        1.000        1.000        1.000        1.000        0.000
    10:      238.000        0.000
B:
     0:       29.000       17.000       12.000        0.000        0.000
     5:        0.000        0.000
C:
     0:        0.500      325.100        0.200        0.700        0.800
     5:     2100.100        0.200        0.700        0.800      103.600
    10:        0.500     3082.100        0.200        0.700        0.800
    15:     7350.100        0.200        0.700        0.800     6451.100
    20:        0.200        0.700        0.800     6150.100        0.200
    25:        0.700        0.800     3257.100        0.200        0.700
    30:        0.800      104.100        0.200        0.700        0.800
    35:     8973.600        0.500        2.600        0.500        9.600
    40:        0.500        3.600        0.500     1868.100        0.200
    45:        0.700        0.800     6126.100        0.200        0.700
    50:        0.800     6465.100        0.200        0.700        0.800
    55:     5514.600        0.500     4822.600        0.500     1202.100
    60:        0.200        0.700        0.800     7375.100        0.200
    65:        0.700        0.800     4063.600        0.500       89.100
    70:        0.200        0.700        0.800    11247.600        0.500
    75:      762.100        0.200        0.700        0.800     6493.600
    80:        0.500      427.600        0.500     2735.100        0.200
    85:        0.700        0.800     8512.600        0.500     1000.100
    90:        0.200        0.700        0.800     1391.300
G:
     0:       32.510      242.570      561.020     1296.040     1941.130
     5:     2556.180     2881.790     2892.210     3977.730     4590.290
    10:     5236.840     6390.650     7128.140     7543.340     8744.260
    15:     9709.740    10660.950
H:
     0:      252.860     3789.520     3789.750     3790.610     3790.890
     5:     5788.200     6270.480     7534.460     8668.050     9393.500
    10:     9436.200    10560.920
M:
     0:       32.510      242.570      561.020     1296.040     1941.130
     5:     2556.180     2881.790     2892.210     3977.730     4590.290
    10:     5236.840     6390.650     7128.140     7543.340     8744.260
    15:     9709.740    10660.950
N:
     0:      252.860     3789.520     3789.750     3790.610     3790.890
     5:     5788.200     6270.480     7534.460     8668.050     9393.500
    10:     9436.200    10560.920
O:
P:
Q:
     0:    93541.000   184820.000   184056.000    63738.000       17.000
     5:       12.000        0.000        0.000
\Box4_Comments:



Start Date: 01/26/22
End Date: 01/26/22
Subject: 5
Experiment: heroinSA
Group: heroin
Box: 5
Start Time: 11:20:01
End Time: 15:19:10
MSN: FR_SCRIPT
D:       0.544
E:       0.456
F:      37.000
I:     212.000
J:       0.000
K:   10800.010
L:       0.000
R:       0.000
S:       0.000
T:    5564.000
U:       0.000
V:       0.000
W:       0.000
X:       0.000
Y:       0.000
Z:       0.000
A:
     0:        1.000        3.000      500.000     1000.000      180.000
     5:        1.000        1.000        1.000        1.000        0.000
    10:      268.000        0.000
B:
     0:       68.000       37.000       31.000        0.000        0.000
     5:        0.000        0.000
C:
     0:        0.500       88.600        0.500      876.600        0.500
     5:        8.600        0.500     1165.600        0.500       73.600
    10:        0.500       14.600        0.500     2465.600        0.500
    15:       32.600        0.500       54.600        0.500       11.600
    20:        0.500       24.100        0.200        0.700        0.800
    25:      120.100        0.200        0.700        0.800      112.600
    30:        0.500        6.600        0.500     3249.100        0.200
    35:        0.700        0.800      135.100        0.200        0.700
    40:        0.800      290.600        0.500      175.100        0.200
    45:        0.700        0.800     8933.600        0.500      461.100
    50:        0.200        0.700        0.800     2496.600        0.500
    55:       15.600        0.500      172.100        0.200        0.700
    60:        0.800      167.100        0.200        0.700        0.800
    65:      368.100        0.200        0.700        0.800      143.600
    70:        0.500        9.600        0.500     1220.100        0.200
    75:        0.700        0.800     1490.100        0.200        0.700
    80:        0.800      337.100        0.200        0.700        0.800
    85:      372.100        0.200        0.700        0.800     3106.100
    90:        0.200        0.700        0.800      264.100        0.200
    95:        0.700        0.800     8103.100        0.200        0.700
   100:        0.800      935.600        0.500       26.600        0.500
   105:        7.600        0.500       18.600        0.500     3076.100
   110:        0.200        0.700        0.800      138.600        0.500
   115:      763.100        0.200        0.700        0.800      704.100
   120:        0.200        0.700        0.800     1198.100        0.200
   125:        0.700        0.800     1287.100        0.200        0.700
   130:        0.800     3514.100        0.200        0.700        0.800
   135:      827.600        0.500     4607.100        0.200        0.700
   140:        0.800      426.100        0.200        0.700        0.800
   145:     5548.100        0.200        0.700        0.800      605.100
   150:        0.200        0.700        0.800     6870.600        0.500
   155:        1.600        0.500     5272.100        0.200        0.700
   160:        0.800      959.100        0.200        0.700        0.800
   165:     2508.100        0.200        0.700        0.800      438.100
   170:        0.200        0.700        0.800     2768.100        0.200
   175:        0.700        0.800     4353.100        0.200        0.700
   180:        0.800     9468.100        0.200        0.700        0.800
   185:      140.600        0.500       51.600        0.500       83.600
   190:        0.500       38.600        0.500       57.600        0.500
   195:      979.100        0.200        0.700        0.800     2175.100
   200:        0.200        0.700        0.800     5804.100        0.200
   205:        0.700        0.800      240.100        0.200        0.700
   210:        0.800     5564.300
G:
     0:      481.030      493.040      829.750      843.240      889.760
     5:     1829.170     2097.480     2114.170     2150.930     2288.100
    10:     2437.100     2470.810     2508.020     2818.680     2845.000
    15:     3655.320     4061.490     4151.680     4222.080     4341.800
    20:     4470.530     4821.980     5365.380     5407.980     5962.740
    25:     6023.190     7237.570     7333.460     7584.220     7627.990
    30:     7904.790     8340.180     9286.930     9421.730     9639.240
    35:    10219.610    10243.670
H:
     0:        8.790       96.430       97.230      213.750      221.070
     5:      222.480      468.940      472.110      477.490      478.610
    10:      504.220      504.790      872.230     1783.020     2078.690
    15:     2080.220     2165.280     2166.160     3748.820     3751.430
    20:     3752.150     3753.900     4075.350     4904.670     6710.250
    25:     6710.330     9300.980     9306.010     9314.300     9318.170
    30:     9323.840
M:
     0:      481.030      493.040      829.750      843.240      889.760
     5:     1829.170     2097.480     2114.170     2150.930     2288.100
    10:     2437.100     2470.810     2508.020     2818.680     2845.000
    15:     3655.320     4061.490     4151.680     4222.080     4341.800
    20:     4470.530     4821.980     5365.380     5407.980     5962.740
    25:     6023.190     7237.570     7333.460     7584.220     7627.990
    30:     7904.790     8340.180     9286.930     9421.730     9639.240
    35:    10219.610    10243.670
N:
     0:        8.790       96.430       97.230      213.750      221.070
     5:      222.480      468.940      472.110      477.490      478.610
    10:      504.220      504.790      872.230     1783.020     2078.690
    15:     2080.220     2165.280     2166.160     3748.820     3751.430
    20:     3752.150     3753.900     4075.350     4904.670     6710.250
    25:     6710.330     9300.980     9306.010     9314.300     9318.170
    30:     9323.840
O:
P:
Q:
     0:   121500.000   243096.000   195062.000    86292.000       37.000
     5:       31.000        0.000        0.000
\Box5_Comments:



Start Date: 01/26/22
End Date: 01/26/22
Subject: 6
Experiment: heroinSA
Group: heroin
Box: 6
Start Time: 11:20:01
End Time: 15:19:10
MSN: FR_SCRIPT
D:       0.946
E:       0.054
F:      35.000
I:     149.000
J:       0.000
K:   10800.010
L:       0.000
R:       0.000
S:       0.000
T:     968.000
U:       0.000
V:       0.000
W:       1.000
X:       0.000
Y:       0.000
Z:       0.000
A:
     0:        2.000        3.000      500.000     1000.000      180.000
     5:        1.000        1.000        1.000        1.000        0.000
    10:      252.000        0.000
B:
     0:       37.000       35.000        2.000        0.000        0.000
     5:        0.000        0.000
C:
     0:        0.500      754.600        0.500      352.100        0.200
     5:        0.700        0.800      236.100        0.200        0.700
    10:        0.800      193.100        0.200        0.700        0.800
    15:      284.600        0.500     5327.100        0.200        0.700
    20:        0.800     3635.100        0.200        0.700        0.800
    25:     1070.100        0.200        0.700        0.800      317.100
    30:        0.200        0.700        0.800      133.100        0.200
    35:        0.700        0.800     9944.100        0.200        0.700
    40:        0.800      247.100        0.200        0.700        1.100
    45:        0.800      628.100        0.200        0.700        0.800
    50:     8867.100        0.200        0.700        0.800     3903.100
    55:        0.200        0.700        0.800      116.100        0.200
    60:        0.700        0.800     8058.100        0.200        0.700
    65:        1.100        0.800      130.100        0.200        0.700
    70:        0.800     5689.100        0.200        0.700        0.800
    75:     6409.100        0.200        0.700        0.800      175.100
    80:        0.200        0.700        2.100        0.800     4775.100
    85:        0.200        0.700        0.800     1315.100        0.200
    90:        0.700        0.800     6672.100        0.200        0.700
    95:        0.800     4247.100        0.200        0.700        0.800
   100:     4268.100        0.200        0.700        0.800      162.100
   105:        0.200        0.700        0.800      120.100        0.200
   110:        0.700        0.800     6510.100        0.200        0.700
   115:        0.800      423.100        0.200        0.700        0.800
   120:     6229.100        0.200        0.700        0.800      114.100
   125:        0.200        0.700        0.800      163.100        0.200
   130:        0.700        0.800     9068.100        0.200        0.700
   135:        0.800      437.100        0.200        0.700        0.800
   140:     5735.100        0.200        0.700        0.800      323.100
   145:        0.200        0.700        0.800      968.300
G:
     0:      110.610      134.270      153.520      714.590     1078.160
     5:     1185.120     1216.850     1230.120     2224.530     2249.350
    10:     2312.160     3198.820     3589.090     3600.740     4406.680
    15:     4419.600     4988.530     5629.470     5647.090     6124.630
    20:     6256.140     6923.380     7348.020     7774.790     7791.070
    25:     7803.020     8454.030     8496.290     9119.260     9130.660
    30:     9146.910    10053.760    10097.460    10670.970    10703.250
H:
     0:       75.410      181.940
M:
     0:      110.610      134.270      153.520      714.590     1078.160
     5:     1185.120     1216.850     1230.120     2224.530     2249.250
    10:     2312.160     3198.820     3589.090     3600.740     4406.510
    15:     4419.600     4988.530     5629.470     5646.940     6124.630
    20:     6256.140     6923.380     7348.020     7774.790     7791.070
    25:     7803.020     8454.030     8496.290     9119.260     9130.660
    30:     9146.910    10053.760    10097.460    10670.970    10703.250
N:
     0:       75.410      181.940
O:
     0:     2249.350     4406.680     5647.090
P:
Q:
     0:   254295.000   313239.000    61492.000    10440.000       35.000
     5:        2.000        3.000        0.000
\Box6_Comments:



Start Date: 01/26/22
End Date: 01/26/22
Subject: 7
Experiment: heroinSA
Group: heroin
Box: 7
Start Time: 11:20:01
End Time: 15:19:10
MSN: FR_SCRIPT
D:       0.770
E:       0.230
F:      47.000
I:     220.000
J:       0.000
K:   10800.010
L:       0.000
R:       0.000
S:       0.000
T:     463.000
U:       0.000
V:       0.000
W:       0.000
X:       0.000
Y:       0.000
Z:       0.000
A:
     0:        1.000        3.000      500.000     1000.000      180.000
     5:        1.000        1.000        1.000        1.000        0.000
    10:      280.000        0.000
B:
     0:       61.000       47.000       14.000        0.000        0.000
     5:        0.000        0.000
C:
     0:        0.500      171.600        0.500      396.100        0.200
     5:        0.700        0.800      115.100        0.200        0.700
    10:        0.800      508.600        0.500      323.600        0.500
    15:       29.100        0.200        0.700        2.100        0.800
    20:      150.600        0.500        8.600        0.500       15.600
    25:        0.500        3.600        0.500        2.600        0.500
    30:        1.600        0.500        2.600        0.500        4.600
    35:        0.500        5.600        0.500       10.100        0.200
    40:        0.700        0.800      110.600        0.500        5.600
    45:        0.500       16.100        0.200        0.700        0.800
    50:      114.100        0.200        0.700        0.800      209.100
    55:        0.200        0.700        0.800     6723.100        0.200
    60:        0.700        0.800      713.100        0.200        0.700
    65:        0.800     3812.100        0.200        0.700        0.800
    70:     3051.100        0.200        0.700        0.800     2197.100
    75:        0.200        0.700        0.800     1626.100        0.200
    80:        0.700        0.800     2270.100        0.200        0.700
    85:        0.800     4919.100        0.200        0.700        0.800
    90:     2516.100        0.200        0.700        1.100        0.800
    95:     3499.100        0.200        0.700        0.800     4337.100
   100:        0.200        0.700        0.800     2579.100        0.200
   105:        0.700        0.800     2637.100        0.200        0.700
   110:        0.800     4473.100        0.200        0.700        0.800
   115:      254.100        0.200        0.700        0.800     2520.100
   120:        0.200        0.700        0.800     3289.100        0.200
   125:        0.700        0.800     3755.100        0.200        0.700
   130:        0.800     2304.100        0.200        0.700        0.800
   135:     2582.100        0.200        0.700        0.800     3054.100
   140:        0.200        0.700        0.800      231.100        0.200
   145:        0.700        0.800     3855.100        0.200        0.700
   150:        0.800     3314.100        0.200        0.700        0.800
   155:      131.100        0.200        0.700        0.800     3280.100
   160:        0.200        0.700        0.800     2308.100        0.200
   165:        0.700        0.800      215.100        0.200        0.700
   170:        0.800     3239.100        0.200        0.700        0.800
   175:     2413.100        0.200        0.700        0.800     3249.100
   180:        0.200        0.700        0.800      141.100        0.200
   185:        0.700        0.800     7075.100        0.200        0.700
   190:        0.800      179.100        0.200        0.700        0.800
   195:     1957.100        0.200        0.700        0.800     4497.100
   200:        0.200        0.700        0.800     1611.100        0.200
   205:        0.700        0.800     1320.100        0.200        0.700
   210:        0.800      181.100        0.200        0.700        0.800
   215:     3032.100        0.200        0.700        0.800      463.300
G:
     0:       56.690       68.240      154.450      174.470      187.570
     5:      198.890      219.880      892.110      963.450     1344.640
    10:     1649.690     1869.410     2032.010     2259.010     2750.890
    15:     3002.640     3352.570     3786.210     4044.140     4307.840
    20:     4755.130     4780.510     5032.570     5361.390     5736.900
    25:     5967.300     6225.560     6530.980     6554.000     6939.530
    30:     7270.950     7284.020     7612.080     7842.800     7864.360
    35:     8188.220     8429.520     8754.390     8768.560     9476.070
    40:     9493.980     9689.610    10139.350    10300.460    10432.480
    45:    10450.560    10753.690
H:
     0:       17.110      119.060      151.290      169.450      170.200
     5:      171.760      172.000      172.270      172.350      172.500
    10:      172.950      173.450      185.430      185.970
M:
     0:       56.690       68.240      154.230      174.470      187.570
     5:      198.890      219.880      892.110      963.450     1344.640
    10:     1649.690     1869.410     2032.010     2259.010     2750.890
    15:     3002.570     3352.570     3786.210     4044.140     4307.840
    20:     4755.130     4780.510     5032.570     5361.390     5736.900
    25:     5967.300     6225.560     6530.980     6554.000     6939.530
    30:     7270.950     7284.020     7612.080     7842.800     7864.360
    35:     8188.220     8429.520     8754.390     8768.560     9476.070
    40:     9493.980     9689.610    10139.350    10300.460    10432.480
    45:    10450.560    10753.690
N:
     0:       17.110      119.060      151.290      169.450      170.200
     5:      171.760      172.000      172.270      172.350      172.500
    10:      172.950      173.450      185.430      185.970
O:
     0:      154.450     3002.640
P:
Q:
     0:   334110.000    81230.000    20444.000    10001.000       47.000
     5:       14.000        2.000        0.000
\Box7_Comments:



Start Date: 01/26/22
End Date: 01/26/22
Subject: 8
Experiment: heroinSA
Group: heroin
Box: 8
Start Time: 11:20:01
End Time: 15:19:10
MSN: FR_SCRIPT
D:       0.529
E:       0.471
F:      36.000
I:     211.000
J:       0.000
K:   10800.010
L:       0.000
R:       0.000
S:       0.000
T:    6435.000
U:       0.000
V:       1.000
W:       0.000
X:       0.000
Y:       0.000
Z:       0.000
A:
     0:        2.000        3.000      500.000     1000.000      180.000
     5:        1.000        1.000        1.000        1.000        0.000
    10:      251.000        0.000
B:
     0:       68.000       36.000       32.000        0.000        0.000
     5:        0.000        0.000
C:
     0:        0.500     1509.600        0.500        2.600        0.500
     5:        8.600        0.500      104.100        0.200        0.700
    10:        0.800      778.600        0.500      254.600        0.500
    15:       68.100        0.200        0.700       23.100        0.800
    20:     1904.100        0.200        0.700        0.800     4083.100
    25:        0.200        0.700        0.800     5012.600        0.500
    30:        6.600        0.500      586.100        0.200        0.700
    35:        0.800      222.100        0.200        0.700        0.800
    40:     3887.100        0.200        0.700        0.800      139.100
    45:        0.200        0.700        0.800      468.100        0.200
    50:        0.700        0.800      121.100        0.200        0.700
    55:        0.800     7345.100        0.200        0.700        0.800
    60:      187.100        0.200        0.700        0.800      145.100
    65:        0.200        0.700        0.800      241.100        0.200
    70:        0.700        0.800      160.100        0.200        0.700
    75:        0.800    15327.100        0.200        0.700        0.800
    80:      117.100        0.200        0.700        0.800      862.100
    85:        0.200        0.700        0.800     6700.100        0.200
    90:        0.700        0.800     1400.100        0.200        0.700
    95:        0.800     6646.100        0.200        0.700        0.800
   100:     4118.100        0.200        0.700        0.800     5131.100
   105:        0.200        0.700        0.800      154.100        0.200
   110:        0.700        0.800      131.100        0.200        0.700
   115:        0.800      120.100        0.200        0.700        0.800
   120:     8734.100        0.200        0.700        0.800     2491.600
   125:        0.500       11.600        0.500        1.600        0.500
   130:     2061.600        0.500       24.600        0.500        4.600
   135:        0.500       16.600        0.500       13.600        0.500
   140:       21.600        0.500       80.600        0.500      974.100
   145:        0.200        0.700        0.800      423.100        0.200
   150:        0.700        0.800     6419.100        0.200        0.700
   155:        0.800     5300.100        0.200        0.700        0.800
   160:     1368.600        0.500        6.600        0.500     4932.600
   165:        0.500        3.600        0.500        8.600        0.500
   170:       14.600        0.500        5.600        0.500       20.600
   175:        0.500       41.600        0.500        9.600        0.500
   180:        2.600        0.500       11.600        0.500       11.600
   185:        0.500        6.600        0.500        6.600        0.500
   190:       42.100        0.200        0.700        0.800      106.100
   195:        0.200        0.700        0.800      148.100        0.200
   200:        0.700        0.800      102.100        0.200        0.700
   205:        0.800      195.100        0.200        0.700        0.800
   210:     6435.300
G:
     0:      162.380      274.680      465.050      873.320     1433.760
     5:     1455.960     1844.670     1858.580     1905.300     1917.440
    10:     2651.940     2670.630     2685.090     2709.210     2725.190
    15:     4257.900     4269.660     4355.800     5025.870     5165.840
    20:     5830.390     6242.240     6755.290     6770.730     6783.850
    25:     6795.880     7669.260     8238.810     8281.150     8923.030
    30:     9453.030    10101.450    10112.040    10126.820    10137.040
    35:    10156.520
H:
     0:      150.890      151.140      151.920      240.180      265.510
     5:     1374.520     1375.180     7918.340     7919.440     7919.550
    10:     8125.650     8128.020     8128.430     8130.050     8131.360
    15:     8133.410     8141.440     9589.840     9590.430    10083.590
    20:    10083.960    10084.720    10086.130    10086.620    10088.650
    25:    10092.730    10093.640    10093.830    10094.980    10096.080
    30:    10096.670    10097.260
M:
     0:      162.380      272.290      465.050      873.320     1433.760
     5:     1455.960     1844.670     1858.580     1905.300     1917.440
    10:     2651.940     2670.630     2685.090     2709.210     2725.190
    15:     4257.900     4269.660     4355.800     5025.870     5165.840
    20:     5830.390     6242.240     6755.290     6770.730     6783.850
    25:     6795.880     7669.260     8238.810     8281.150     8923.030
    30:     9453.030    10101.450    10112.040    10126.820    10137.040
    35:    10156.520
N:
     0:      150.890      151.140      151.920      240.180      265.510
     5:     1374.520     1375.180     7918.340     7919.440     7919.550
    10:     8125.650     8128.020     8128.430     8130.050     8131.360
    15:     8133.410     8141.440     9589.840     9590.430    10083.590
    20:    10083.960    10084.720    10086.130    10086.620    10088.650
    25:    10092.730    10093.640    10093.830    10094.980    10096.080
    30:    10096.670    10097.260
O:
     0:      274.680
P:
Q:
     0:   183745.000   173864.000   115820.000    95171.000       36.000
     5:       32.000        1.000        0.000
\Box8_Comments:



Start Date: 01/26/22
End Date: 01/26/22
Subject: 9
Experiment: heroinSA
Group: heroin
Box: 9
Start Time: 11:20:01
End Time: 15:19:10
MSN: FR_SCRIPT
D:       0.701
E:       0.299
F:      54.000
I:     266.000
J:       0.000
K:   10800.010
L:       0.000
R:       0.000
S:       0.000
T:    1550.000
U:       0.000
V:       0.000
W:       0.000
X:       0.000
Y:       0.000
Z:       0.000
A:
     0:        1.000        3.000      500.000     1000.000      180.000
     5:        1.000        1.000        1.000        1.000        0.000
    10:      269.000        0.000
B:
     0:       77.000       54.000       23.000        0.000        0.000
     5:        0.000        0.000
C:
     0:        0.500      925.100        0.200        0.700        0.800
     5:      423.100        0.200        0.700        0.800      244.100
    10:        0.200        0.700        0.800      112.600        0.500
    15:      187.600        0.500      288.600        0.500      937.100
    20:        0.200        0.700        0.800      248.600        0.500
    25:        3.600        0.500        4.600        0.500       22.600
    30:        0.500        1.600        0.500        1.600        0.500
    35:        2.600        0.500        2.600        0.500        3.600
    40:        0.500        1.600        0.500       12.600        0.500
    45:       45.100        0.200        0.700        0.800     1156.100
    50:        0.200        0.700        0.800      409.100        0.200
    55:        0.700        0.800      155.100        0.200        0.700
    60:        0.800     3752.100        0.200        0.700        0.800
    65:      750.100        0.200        0.700        0.800     3026.600
    70:        0.500     2748.100        0.200        0.700        0.800
    75:      229.100        0.200        0.700        0.800      208.600
    80:        0.500       43.100        0.200        0.700        0.800
    85:     2673.100        0.200        0.700        0.800     1053.100
    90:        0.200        0.700        0.800      338.100        0.200
    95:        0.700        0.800     2922.100        0.200        0.700
   100:        0.800      461.100        0.200        0.700        0.800
   105:      540.100        0.200        0.700        0.800     3859.100
   110:        0.200        0.700        0.800     2818.100        0.200
   115:        0.700        0.800      114.100        0.200        0.700
   120:        0.800      641.100        0.200        0.700        0.800
   125:     7351.100        0.200        0.700        0.800     1220.100
   130:        0.200        0.700        1.100        0.800      235.100
   135:        0.200        0.700        0.800     6964.100        0.200
   140:        0.700        0.800     1877.100        0.200        0.700
   145:        0.800     2126.100        0.200        0.700        0.800
   150:     1817.100        0.200        0.700        0.800     1875.100
   155:        0.200        0.700        0.800     4220.100        0.200
   160:        0.700        0.800      189.100        0.200        0.700
   165:        0.800     2756.100        0.200        0.700        0.800
   170:      380.100        0.200        0.700        0.800      117.100
   175:        0.200        0.700        0.800     6645.100        0.200
   180:        0.700        0.800      135.100        0.200        0.700
   185:        0.800     3235.100        0.200        0.700        0.800
   190:     2979.100        0.200        0.700        0.800     4574.100
   195:        0.200        0.700        0.800     1683.100        0.200
   200:        0.700        0.800     2391.100        0.200        0.700
   205:        0.800      784.100        0.200        0.700        2.100
   210:        0.800      306.600        0.500        9.600        0.500
   215:      960.100        0.200        0.700        0.800     3490.600
   220:        0.500        3.600        0.500      222.600        0.500
   225:       31.100        0.200        0.700        0.800     1012.100
   230:        0.200        0.700        0.800     2532.600        0.500
   235:     1771.100        0.200        0.700        0.800     1422.100
   240:        0.200        0.700        0.800     1346.100        0.200
   245:        0.700        0.800     3020.100        0.200        0.700
   250:        0.800      243.600        0.500     1762.100        0.200
   255:        0.700        0.800     1503.100        0.200        0.700
   260:        0.800     1907.100        0.200        0.700        0.800
   265:     1550.300
G:
     0:       92.580      134.810      159.270      311.660      346.080
     5:      461.650      502.540      517.990      893.270      968.200
    10:     1545.650     1568.560     1593.590     1860.930     1966.260
    15:     2000.010     2292.240     2338.350     2392.380     2778.250
    20:     3060.060     3071.400     3135.540     3870.620     3992.760
    25:     4016.220     4712.600     4900.380     5112.950     5294.660
    30:     5482.130     5904.160     5923.030     6198.620     6236.630
    35:     6248.360     6912.840     6926.310     7249.800     7547.780
    40:     8005.090     8173.420     8412.510     8491.140     8618.660
    45:     8993.190     9094.480     9524.770     9666.950     9801.510
    50:    10103.520    10304.070    10454.350    10645.000
H:
     0:      170.390      189.170      217.910      336.450      336.740
     5:      337.090      339.290      339.400      339.510      339.750
    10:      339.970      340.220      340.340      341.580     1270.840
    15:     1589.360     8521.700     8522.600     8967.650     8967.930
    20:     8990.110     9347.600    10127.790
M:
     0:       92.580      134.810      159.270      311.660      346.080
     5:      461.650      502.540      517.990      893.270      968.200
    10:     1545.650     1568.560     1593.590     1860.930     1966.260
    15:     2000.010     2292.240     2338.350     2392.380     2778.250
    20:     3060.060     3071.400     3135.540     3870.620     3992.630
    25:     4016.220     4712.600     4900.380     5112.950     5294.660
    30:     5482.130     5904.160     5923.030     6198.620     6236.630
    35:     6248.360     6912.840     6926.310     7249.800     7547.780
    40:     8005.090     8173.420     8412.510     8490.920     8618.660
    45:     8993.190     9094.480     9524.770     9666.950     9801.510
    50:    10103.520    10304.070    10454.350    10645.000
N:
     0:      170.390      189.170      217.910      336.450      336.740
     5:      337.090      339.290      339.400      339.510      339.750
    10:      339.970      340.220      340.340      341.580     1270.840
    15:     1589.360     8521.700     8522.600     8967.650     8967.930
    20:     8990.110     9347.600    10127.790
O:
     0:     3992.760     8491.140
P:
Q:
     0:   275406.000   331530.000    78489.000     9617.000       54.000
     5:       23.000        2.000        0.000
\Box9_Comments:



Start Date: 01/26/22
End Date: 01/26/22
Subject: 10
Experiment: heroinSA
Group: saline
Box: 10
Start Time: 11:20:01
End Time: 15:19:10
MSN: FR_SCRIPT
D:       0.850
E:       0.150
F:      17.000
I:      76.000
J:       0.000
K:   10800.010
L:       0.000
R:       0.000
S:       0.000
T:   18362.000
U:       0.000
V:       0.000
W:       0.000
X:       0.000
Y:       0.000
Z:       0.000
A:
     0:        2.000        3.000      500.000     1000.000      180.000
     5:        1.000        1.000        1.000        1.000        0.000
    10:      255.000        0.000
B:
     0:       20.000       17.000        3.000        0.000        0.000
     5:        0.000        0.000
C:
     0:        0.500      328.100        0.200        0.700        0.800
     5:      319.100        0.200        0.700        0.800    12625.100
    10:        0.200        0.700        0.800      315.100        0.200
    15:        0.700        0.800      113.100        0.200        0.700
    20:        0.800     3794.100        0.200        0.700        0.800
    25:      167.600        0.500       30.600        0.500      958.100
    30:        0.200        0.700        0.800     3485.100        0.200
    35:        0.700        0.800      310.100        0.200        0.700
    40:        0.800    11492.600        0.500     7791.100        0.200
    45:        0.700        0.800      172.100        0.200        0.700
    50:        0.800    12600.100        0.200        0.700        0.800
    55:      159.100        0.200        0.700        0.800     5389.100
    60:        0.200        0.700        0.800      111.100        0.200
    65:        0.700        0.800    21207.100        0.200        0.700
    70:        0.800     8273.100        0.200        0.700        0.800
    75:    18362.300
G:
     0:       32.820       64.710     1327.210     1358.740     1370.020
     5:     1749.440     1864.930     2213.450     2244.410     4172.710
    10:     4189.890     5449.960     5465.860     6004.690     6015.810
    15:     8136.490     8963.800
H:
     0:     1766.160     1769.130     3393.640
M:
     0:       32.820       64.710     1327.210     1358.740     1370.020
     5:     1749.440     1864.930     2213.450     2244.410     4172.710
    10:     4189.890     5449.960     5465.860     6004.690     6015.810
    15:     8136.490     8963.800
N:
     0:     1766.160     1769.130     3393.640
O:
P:
Q:
     0:   184846.000   226504.000   132257.000    47107.000       17.000
     5:        3.000        0.000        0.000
\Box10_Comments:



Start Date: 01/26/22
End Date: 01/26/22
Subject: 11
Experiment: heroinSA
Group: saline
Box: 11
Start Time: 11:20:01
End Time: 15:19:10
MSN: FR_SCRIPT_5choice
D:       0.500
E:       0.500
F:      12.000
I:      74.000
J:       0.000
K:   10800.010
L:       0.000
R:       0.000
S:       0.000
T:   17682.000
U:       0.000
V:       0.000
W:       0.000
X:       0.000
Y:       0.000
Z:       0.000
A:
     0:        1.000        3.000      500.000     1000.000      180.000
     5:        1.000        1.000        1.000        2.000        0.000
    10:      280.000        0.000
B:
     0:       24.000       12.000       12.000        0.000        0.000
     5:        0.000        0.000
C:
     0:        0.500     1586.600        0.500        5.600        0.500
     5:      131.100        0.200        0.700        0.800     1009.100
    10:        0.200        0.700        0.800     3340.600        0.500
    15:     6745.100        0.200        0.700        0.800      625.100
    20:        0.200        0.700        0.800    11799.600        0.500
    25:      486.600        0.500       54.600        0.500      148.600
    30:        0.500      543.100        0.200        0.700        0.800
    35:     5230.100        0.200        0.700        0.800      160.100
    40:        0.200        0.700        0.800      674.100        0.200
    45:        0.700        0.800      156.100        0.200        0.700
    50:        0.800      392.100        0.200        0.700        0.800
    55:     9707.600        0.500        3.600        0.500     7875.600
    60:        0.500      105.600        0.500     8434.100        0.200
    65:        0.700        0.800    21134.100        0.200        0.700
    70:        0.800     9977.600        0.500    17682.300
G:
     0:      172.200      273.160     1281.640     1344.160     2647.180
     5:     3170.110     3186.170     3253.520     3269.160     3308.340
    10:     5920.770     8034.130
H:
     0:      158.610      159.180      607.130     2524.020     2572.590
     5:     2577.990     2592.880     4279.070     4279.310     5066.810
    10:     5077.320     9031.800
M:
     0:      172.200      273.160     1281.640     1344.160     2647.180
     5:     3170.110     3186.170     3253.520     3269.160     3308.340
    10:     5920.770     8034.130
N:
     0:      158.610      159.180      607.130     2524.020     2572.590
     5:     2577.990     2592.880     4279.070     4279.310     5066.810
    10:     5077.320     9031.800
O:
P:
Q:
     0:        0.000        0.000        0.000        0.000       12.000
     5:       12.000        0.000        0.000
\Box11_Comments:



Start Date: 01/26/22
End Date: 01/26/22
Subject: 12
Experiment: heroinSA
Group: saline
Box: 12
Start Time: 11:20:01
End Time: 15:19:10
MSN: FR_SCRIPT_5choice
D:       0.500
E:       0.500
F:       2.000
I:      14.000
J:       0.000
K:   10800.010
L:       0.000
R:       0.000
S:       0.000
T:   87241.000
U:       0.000
V:       0.000
W:       0.000
X:       0.000
Y:       0.000
Z:       0.000
A:
     0:        2.000        3.000      500.000     1000.000      180.000
     5:        1.000        1.000        1.000        2.000        0.000
    10:      268.000        0.000
B:
     0:        4.000        2.000        2.000        0.000        0.000
     5:        0.000        0.000
C:
     0:        0.500     2267.600        0.500       21.600        0.500
     5:    17225.100        0.200        0.700        0.800     1246.100
    10:        0.200        0.700        0.800    87241.300
G:
     0:     1951.360     2075.900
H:
     0:      226.730      228.820
M:
     0:     1951.360     2075.900
N:
     0:      226.730      228.820
O:
P:
Q:
     0:        0.000        0.000        0.000        0.000        2.000
     5:        2.000        0.000        0.000
\Box12_Comments:



Start Date: 01/26/22
End Date: 01/26/22
Subject: 13
Experiment: heroinSA
Group: saline
Box: 13
Start Time: 11:20:01
End Time: 15:19:10
MSN: FR_SCRIPT_5choice
D:       0.765
E:       0.235
F:      26.000
I:     122.000
J:       0.000
K:   10800.010
L:       0.000
R:       0.000
S:       0.000
T:   13868.000
U:       0.000
V:       0.000
W:       0.000
X:       0.000
Y:       0.000
Z:       0.000
A:
     0:        1.000        3.000      500.000     1000.000      180.000
     5:        1.000        1.000        1.000        2.000        0.000
    10:      253.000        0.000
B:
     0:       34.000       26.000        8.000        0.000        0.000
     5:        0.000        0.000
C:
     0:        0.500      322.100        0.200        0.700        0.800
     5:      566.100        0.200        0.700        0.800     1587.100
    10:        0.200        0.700        0.800      177.100        0.200
    15:        0.700        0.800     1567.100        0.200        0.700
    20:        0.800      132.600        0.500       56.100        0.200
    25:        0.700        0.800      334.100        0.200        0.700
    30:        0.800     1570.100        0.200        0.700        0.800
    35:     6539.100        0.200        0.700        0.800      330.100
    40:        0.200        0.700        0.800      237.100        0.200
    45:        0.700        0.800      509.100        0.200        0.700
    50:        0.800      423.600        0.500     6561.100        0.200
    55:        0.700        0.800     4175.100        0.200        0.700
    60:        0.800      102.100        0.200        0.700        0.800
    65:      225.600        0.500    13046.100        0.200        0.700
    70:        0.800      471.100        0.200        0.700        0.800
    75:      370.100        0.200        0.700        0.800      135.100
    80:        0.200        0.700        0.800      246.100        0.200
    85:        0.700        0.800      463.100        0.200        0.700
    90:        0.800      163.600        0.500    16017.100        0.200
    95:        0.700        0.800      673.100        0.200        0.700
   100:        0.800      154.100        0.200        0.700        0.800
   105:      108.600        0.500       40.600        0.500    20329.600
   110:        0.500        3.600        0.500    16083.100        0.200
   115:        0.700        0.800      419.100        0.200        0.700
   120:        0.800    13868.300
G:
     0:       32.280       88.850      247.520      265.190      421.920
     5:      440.690      474.160      631.140     1285.030     1318.080
    10:     1341.760     1392.680     2091.060     2508.520     2518.700
    15:     3845.860     3892.910     3929.970     3943.480     3967.990
    20:     4014.310     5632.370     5699.620     5715.030     9371.330
    25:     9413.190
H:
     0:      435.110     1434.930     2541.200     4030.680     5725.830
     5:     5729.800     7762.770     7763.000
M:
     0:       32.280       88.850      247.520      265.190      421.920
     5:      440.690      474.160      631.140     1285.030     1318.080
    10:     1341.760     1392.680     2091.060     2508.520     2518.700
    15:     3845.860     3892.910     3929.970     3943.480     3967.990
    20:     4014.310     5632.370     5699.620     5715.030     9371.330
    25:     9413.190
N:
     0:      435.110     1434.930     2541.200     4030.680     5725.830
     5:     5729.800     7762.770     7763.000
O:
P:
Q:
     0:        0.000        0.000        0.000        0.000       26.000
     5:        8.000        0.000        0.000
\Box13_Comments:



Start Date: 01/26/22
End Date: 01/26/22
Subject: 14
Experiment: heroinSA
Group: saline
Box: 14
Start Time: 11:20:01
End Time: 15:19:10
MSN: FR_SCRIPT_5choice
D:       0.364
E:       0.636
F:       4.000
I:      32.000
J:       0.000
K:   10800.010
L:       0.000
R:       0.000
S:       0.000
T:   10825.000
U:       0.000
V:       0.000
W:       0.000
X:       0.000
Y:       0.000
Z:       0.000
A:
     0:        2.000        3.000      500.000     1000.000      180.000
     5:        1.000        1.000        1.000        2.000        0.000
    10:      276.000        0.000
B:
     0:       11.000        4.000        7.000        0.000        0.000
     5:        0.000        0.000
C:
     0:        0.500       94.100        0.200        0.700        0.800
     5:     1051.100        0.200        0.700        0.800      660.600
    10:        0.500        6.600        0.500    29995.100        0.200
    15:        0.700        0.800    10811.600        0.500        3.600
    20:        0.500     9277.100        0.200        0.700        0.800
    25:    24680.600        0.500    14505.600        0.500     6093.600
    30:        0.500    10825.300
G:
     0:        9.470      114.510     3180.590     5189.700
H:
     0:      180.520      181.120     4261.720     4262.020     7657.750
     5:     9108.260     9717.540
M:
     0:        9.470      114.510     3180.590     5189.700
N:
     0:      180.520      181.120     4261.720     4262.020     7657.750
     5:     9108.260     9717.540
O:
P:
Q:
     0:        0.000        0.000        0.000        0.000        4.000
     5:        7.000        0.000        0.000
\Box14_Comments:



Start Date: 01/26/22
End Date: 01/26/22
Subject: 15
Experiment: heroinSA
Group: saline
Box: 15
Start Time: 11:20:01
End Time: 15:19:10
MSN: FR_SCRIPT_5choice
D:       0.000
E:       1.000
F:       0.000
I:      24.000
J:       0.000
K:   10800.010
L:       0.000
R:       0.000
S:       0.000
T:    4253.000
U:       0.000
V:       0.000
W:       0.000
X:       0.000
Y:       0.000
Z:       0.000
A:
     0:        1.000        3.000      500.000     1000.000      180.000
     5:        1.000        1.000        1.000        2.000        0.000
    10:      261.000        0.000
B:
     0:       11.000        0.000       11.000        0.000        0.000
     5:        0.000        0.000
C:
     0:        0.500      142.600        0.500        5.600        0.500
     5:    19932.600        0.500    17223.600        0.500        5.600
    10:        0.500     5705.600        0.500     3527.600        0.500
    15:    51123.600        0.500       26.600        0.500     4670.600
    20:        0.500     1389.600        0.500     4253.300
G:
H:
     0:       14.220       14.730     2007.980     3730.270     3730.700
     5:     4301.210     4653.940     9766.240     9768.790    10235.840
    10:    10374.710
M:
N:
     0:       14.220       14.730     2007.980     3730.270     3730.700
     5:     4301.210     4653.940     9766.240     9768.790    10235.840
    10:    10374.710
O:
P:
Q:
     0:        0.000        0.000        0.000        0.000        0.000
     5:       11.000        0.000        0.000
\Box15_Comments:
