File: C:\Users\Joseph Landry\Desktop\data_rmf\js\heroin_sa_20220118\ heroinSA_FR1_roomF_20220202



Start Date: 02/02/22
End Date: 02/02/22
Subject: 16
Experiment: heroinSA
Group: heroin
Box: 1
Start Time: 11:51:43
End Time: 15:34:58
MSN: FR_SCRIPT
D:       0.961
E:       0.039
F:      74.000
I:     306.000
J:       0.000
K:   10800.010
L:       0.000
R:       0.000
S:       0.000
T:    2368.000
U:       0.000
V:       0.000
W:       0.000
X:       0.000
Y:       0.000
Z:       0.000
A:
     0:        2.000        3.000      500.000     1000.000      180.000
     5:        1.000        1.000        1.000        1.000        0.000
    10:      300.000        0.000
B:
     0:       77.000       74.000        3.000        0.000        0.000
     5:        0.000        0.000
C:
     0:        0.500      567.600        0.500        8.600        0.500
     5:     1462.100        0.200        0.700        0.800      132.100
    10:        0.200        0.700        0.800     1534.100        0.200
    15:        0.700        0.800      116.100        0.200        0.700
    20:        0.800      524.600        0.500      361.100        0.200
    25:        0.700        0.800      400.100        0.200        0.700
    30:        0.800     3574.100        0.200        0.700        0.800
    35:      100.100        0.200        0.700        0.800      101.100
    40:        0.200        0.700        0.800     5714.100        0.200
    45:        0.700        0.800      104.100        0.200        0.700
    50:        0.800      327.100        0.200        0.700        0.100
    55:        0.800      238.100        0.200        0.700        0.800
    60:      166.100        0.200        0.700        0.800      636.100
    65:        0.200        0.700        0.800     1179.100        0.200
    70:        0.700        0.800      106.100        0.200        0.700
    75:        0.800     6011.100        0.200        0.700        0.800
    80:      449.100        0.200        0.700        0.800      232.100
    85:        0.200        0.700        0.800     5170.100        0.200
    90:        0.700        0.800     3275.100        0.200        0.700
    95:        0.800      382.100        0.200        0.700        0.800
   100:      283.100        0.200        0.700        0.800      291.100
   105:        0.200        0.700        0.800     4414.100        0.200
   110:        0.700        0.800     1358.100        0.200        0.700
   115:        0.800     7102.100        0.200        0.700        0.800
   120:      286.100        0.200        0.700        0.800     1176.100
   125:        0.200        0.700        0.800     1305.100        0.200
   130:        0.700        0.800      781.100        0.200        0.700
   135:        0.800     5000.100        0.200        0.700        0.800
   140:      863.100        0.200        0.700        0.800      405.100
   145:        0.200        0.700        0.800      394.100        0.200
   150:        0.700        0.800      274.100        0.200        0.700
   155:        0.800      479.100        0.200        0.700        0.800
   160:      252.100        0.200        0.700        0.800      443.100
   165:        0.200        0.700        0.800      151.100        0.200
   170:        0.700        0.800      118.100        0.200        0.700
   175:        0.800      298.100        0.200        0.700        0.800
   180:     1442.100        0.200        0.700        0.800     3481.100
   185:        0.200        0.700        0.800      986.100        0.200
   190:        0.700        0.800      854.100        0.200        0.700
   195:        0.800     3001.100        0.200        0.700        0.800
   200:     7526.100        0.200        0.700        0.800      359.100
   205:        0.200        0.700        0.800      259.100        0.200
   210:        0.700        0.800     4594.100        0.200        0.700
   215:        0.800      127.100        0.200        0.700        0.800
   220:      267.100        0.200        0.700        0.800     1977.100
   225:        0.200        0.700        0.800      337.100        0.200
   230:        0.700        0.800     1285.100        0.200        0.700
   235:        0.800      101.100        0.200        0.700        0.800
   240:      602.100        0.200        0.700        0.800      279.100
   245:        0.200        0.700        0.800      384.100        0.200
   250:        0.700        0.800     1366.100        0.200        0.700
   255:        0.800      128.100        0.200        0.700        0.800
   260:     1140.100        0.200        0.700        0.800      470.100
   265:        0.200        0.700        0.800      707.100        0.200
   270:        0.700        0.800      340.100        0.200        0.700
   275:        1.100        0.800      210.100        0.200        0.700
   280:        0.800     6047.100        0.200        0.700        0.800
   285:     1778.100        0.200        0.700        0.800      101.100
   290:        0.200        0.700        0.800     1232.100        0.200
   295:        0.700        0.800     5276.100        0.200        0.700
   300:        0.800      434.100        0.200        0.700        0.800
   305:     2368.300
G:
     0:      203.730      216.910      370.350      381.950      470.460
     5:      510.480      867.810      877.860      887.910     1459.330
    10:     1469.720     1502.470     1526.230     1542.800     1606.460
    15:     1724.370     1734.940     2336.020     2380.960     2404.100
    20:     2921.130     3248.630     3286.870     3315.130     3344.210
    25:     3785.590     3921.480     4631.610     4660.190     4777.800
    30:     4908.310     4986.390     5486.410     5572.750     5613.200
    35:     5652.680     5680.070     5727.980     5753.100     5797.470
    40:     5812.550     5824.320     5854.150     5998.350     6346.480
    45:     6445.070     6530.400     6830.540     7583.130     7619.000
    50:     7644.920     8104.360     8117.000     8143.740     8341.400
    55:     8375.160     8503.640     8513.690     8573.960     8601.810
    60:     8640.280     8776.790     8789.630     8903.620     8950.640
    65:     9021.290     9055.440     9076.450     9681.150     9858.980
    70:     9869.030     9992.220    10519.800    10563.230
H:
     0:       56.750       57.500      434.300
M:
     0:      203.730      216.910      370.350      381.950      470.460
     5:      510.480      867.810      877.860      887.910     1459.330
    10:     1469.720     1502.420     1526.230     1542.800     1606.460
    15:     1724.370     1734.940     2336.020     2380.960     2404.100
    20:     2921.130     3248.630     3286.870     3315.130     3344.210
    25:     3785.590     3921.480     4631.610     4660.190     4777.800
    30:     4908.310     4986.390     5486.410     5572.750     5613.200
    35:     5652.680     5680.070     5727.980     5753.100     5797.470
    40:     5812.550     5824.320     5854.150     5998.350     6346.480
    45:     6445.070     6530.400     6830.540     7583.130     7619.000
    50:     7644.920     8104.360     8117.000     8143.740     8341.400
    55:     8375.160     8503.640     8513.690     8573.960     8601.810
    60:     8640.280     8776.790     8789.630     8903.620     8950.640
    65:     9021.290     9055.310     9076.450     9681.150     9858.980
    70:     9869.030     9992.220    10519.800    10563.230
N:
     0:       56.750       57.500      434.300
O:
     0:     1502.470     9055.440
P:
Q:
     0:   303887.000   324951.000    40401.000    14525.000       74.000
     5:        3.000        2.000        0.000
\Box1_Comments:



Start Date: 02/02/22
End Date: 02/02/22
Subject: 17
Experiment: heroinSA
Group: heroin
Box: 2
Start Time: 11:51:43
End Time: 15:34:58
MSN: FR_SCRIPT
D:       1.000
E:       0.000
F:      84.000
I:     344.000
J:       0.000
K:   10800.010
L:       0.000
R:       0.000
S:       0.000
T:   13708.000
U:       0.000
V:       1.000
W:       0.000
X:       0.000
Y:       0.000
Z:       0.000
A:
     0:        1.000        3.000      500.000     1000.000      180.000
     5:        1.000        1.000        1.000        1.000        0.000
    10:      280.000        0.000
B:
     0:       84.000       84.000        0.000        0.000        0.000
     5:        0.000        0.000
C:
     0:        0.500      410.100        0.200        0.700        0.800
     5:     1112.100        0.200        0.700        0.800      157.100
    10:        0.200        0.700        0.800      130.100        0.200
    15:        0.700        0.800      123.100        0.200        0.700
    20:        0.800      114.100        0.200        0.700        0.800
    25:      139.100        0.200        0.700        8.100        0.800
    30:       97.100        0.200        0.700        0.800      154.100
    35:        0.200        0.700        0.800      166.100        0.200
    40:        0.700        0.800      183.100        0.200        0.700
    45:        0.800      101.100        0.200        0.700        0.800
    50:      111.100        0.200        0.700        0.800     1216.100
    55:        0.200        0.700        0.800      592.100        0.200
    60:        0.700        0.800     7361.100        0.200        0.700
    65:        0.800      148.100        0.200        0.700        0.800
    70:      102.100        0.200        0.700        0.800      133.100
    75:        0.200        0.700        0.800      372.100        0.200
    80:        0.700        0.800      531.100        0.200        0.700
    85:        0.800      106.100        0.200        0.700        0.800
    90:      199.100        0.200        0.700        0.800      320.100
    95:        0.200        0.700        0.800      301.100        0.200
   100:        0.700        0.800      343.100        0.200        0.700
   105:        0.800      956.100        0.200        0.700        0.800
   110:      121.100        0.200        0.700        0.800      163.100
   115:        0.200        0.700        0.800      100.100        0.200
   120:        0.700        0.800      755.100        0.200        0.700
   125:        0.800     8250.100        0.200        0.700        0.800
   130:      170.100        0.200        0.700        0.800      104.100
   135:        0.200        0.700        0.800     3008.100        0.200
   140:        0.700        0.800      150.100        0.200        0.700
   145:        0.800      151.100        0.200        0.700        0.800
   150:      145.100        0.200        0.700        0.800      820.100
   155:        0.200        0.700        0.800      171.100        0.200
   160:        0.700        0.800     8191.100        0.200        0.700
   165:        0.800     2204.100        0.200        0.700        0.800
   170:      195.100        0.200        0.700        0.800      671.100
   175:        0.200        0.700        0.800     1086.100        0.200
   180:        0.700        0.800      504.100        0.200        0.700
   185:        0.800      125.100        0.200        0.700        0.800
   190:     1277.100        0.200        0.700        0.800      147.100
   195:        0.200        0.700        0.800      101.100        0.200
   200:        0.700        0.800    10410.100        0.200        0.700
   205:        0.800      115.100        0.200        0.700        0.800
   210:      381.100        0.200        0.700        3.100        0.800
   215:      721.100        0.200        0.700        0.800      100.100
   220:        0.200        0.700        0.800      568.100        0.200
   225:        0.700        0.800      132.100        0.200        0.700
   230:        0.800     1205.100        0.200        0.700        0.800
   235:     5162.100        0.200        0.700        3.100        0.800
   240:      341.100        0.200        0.700        1.100        0.800
   245:      177.100        0.200        0.700        0.800      397.100
   250:        0.200        0.700        0.800     3070.100        0.200
   255:        0.700        0.800      184.100        0.200        0.700
   260:        0.800      340.100        0.200        0.700        0.800
   265:     1146.100        0.200        0.700        0.800      141.100
   270:        0.200        0.700        0.800     3916.100        0.200
   275:        0.700        0.800      965.100        0.200        0.700
   280:        0.800      225.100        0.200        0.700        0.800
   285:      137.100        0.200        0.700        0.800      182.100
   290:        0.200        0.700        0.800      170.100        0.200
   295:        0.700        1.100        0.800      170.100        0.200
   300:        0.700        0.800    18261.100        0.200        0.700
   305:        0.800      120.100        0.200        0.700        0.800
   310:      142.100        0.200        0.700        0.800      169.100
   315:        0.200        0.700        0.800      167.100        0.200
   320:        0.700        0.800      105.100        0.200        0.700
   325:        0.800      107.100        0.200        0.700        0.800
   330:      139.100        0.200        0.700        0.800      259.100
   335:        0.200        0.700        0.800      159.100        0.200
   340:        0.700        7.100        0.800    13708.300
G:
     0:       41.040      152.200      167.980      180.940      193.250
     5:      204.610      219.290      229.050      244.400      261.050
    10:      279.350      289.440      300.570      422.170      481.320
    15:     1217.420     1232.260     1242.430     1255.700     1292.970
    20:     1346.070     1356.610     1376.530     1408.490     1438.620
    25:     1472.900     1568.510     1580.660     1596.920     1606.950
    30:     1682.430     2507.400     2524.400     2534.790     2835.630
    35:     2850.670     2865.700     2880.210     2962.260     2979.330
    40:     3798.470     4018.810     4038.350     4105.460     4214.030
    45:     4264.400     4276.890     4404.610     4419.380     4429.430
    50:     5470.460     5481.960     5520.340     5592.430     5602.470
    55:     5659.220     5672.400     5792.940     6309.400     6343.660
    60:     6361.350     6401.010     6708.060     6726.420     6760.480
    65:     6875.070     6889.180     7280.750     7377.190     7399.710
    70:     7413.440     7431.590     7448.750     7465.760     9291.830
    75:     9303.800     9318.010     9334.920     9351.650     9362.170
    80:     9372.850     9386.770     9412.620     9429.210
H:
M:
     0:       41.040      152.200      167.980      180.940      193.250
     5:      204.610      218.520      229.050      244.400      261.050
    10:      279.350      289.440      300.570      422.170      481.320
    15:     1217.420     1232.260     1242.430     1255.700     1292.970
    20:     1346.070     1356.610     1376.530     1408.490     1438.620
    25:     1472.900     1568.510     1580.660     1596.920     1606.950
    30:     1682.430     2507.400     2524.400     2534.790     2835.630
    35:     2850.670     2865.700     2880.210     2962.260     2979.330
    40:     3798.470     4018.810     4038.350     4105.460     4214.030
    45:     4264.400     4276.890     4404.610     4419.380     4429.430
    50:     5470.460     5481.960     5520.050     5592.430     5602.470
    55:     5659.220     5672.400     5792.940     6309.150     6343.550
    60:     6361.350     6401.010     6708.060     6726.420     6760.480
    65:     6875.070     6889.180     7280.750     7377.190     7399.710
    70:     7413.440     7431.590     7448.650     7465.760     9291.830
    75:     9303.800     9318.010     9334.920     9351.650     9362.170
    80:     9372.850     9386.770     9412.620     9428.490
N:
O:
     0:      219.290     5520.340     6309.400     6343.660     7448.750
     5:     9429.210
P:
Q:
     0:   268052.000   224392.000    68695.000    48425.000       84.000
     5:        0.000        6.000        0.000
\Box2_Comments:



Start Date: 02/02/22
End Date: 02/02/22
Subject: 18
Experiment: heroinSA
Group: heroin
Box: 3
Start Time: 11:51:43
End Time: 15:34:58
MSN: FR_SCRIPT
D:       0.625
E:       0.375
F:      20.000
I:     111.000
J:       0.000
K:   10800.010
L:       0.000
R:       0.000
S:       0.000
T:     710.000
U:       0.000
V:       0.000
W:       0.000
X:       0.000
Y:       0.000
Z:       0.000
A:
     0:        2.000        3.000      500.000     1000.000      180.000
     5:        1.000        1.000        1.000        1.000        0.000
    10:      260.000        0.000
B:
     0:       32.000       20.000       12.000        0.000        0.000
     5:        0.000        0.000
C:
     0:        0.500     1259.600        0.500       45.100        0.200
     5:        0.700        1.100        2.100        0.800      263.100
    10:        0.200        0.700        4.100        0.800     1804.600
    15:        0.500     2707.100        0.200        0.700        0.800
    20:     6070.100        0.200        0.700        0.800     5634.600
    25:        0.500       20.600        0.500      711.100        0.200
    30:        0.700        4.100        0.800     5967.600        0.500
    35:      319.100        0.200        0.700        0.800     4986.100
    40:        0.200        0.700        0.800     6040.100        0.200
    45:        0.700        2.100        0.800      111.600        0.500
    50:        8.600        0.500     8185.100        0.200        0.700
    55:        0.800     5022.100        0.200        0.700        0.800
    60:     5477.600        0.500        3.600        0.500     1109.100
    65:        0.200        0.700        0.800     3892.100        0.200
    70:        0.700        0.800     7173.100        0.200        0.700
    75:        0.800     5541.100        0.200        0.700        0.800
    80:     5171.600        0.500        1.600        0.500     1402.100
    85:        0.200        0.700        0.800      155.100        0.200
    90:        0.700        0.800     9555.100        0.200        0.700
    95:        0.800     9700.600        0.500     2052.100        0.200
   100:        0.700        0.800      186.100        0.200        0.700
   105:        0.800     6709.100        0.200        0.700        0.800
   110:      710.300
G:
     0:      130.730      157.430      608.550     1215.500     1852.420
     5:     2481.050     2979.660     3583.840     4414.220     4916.390
    10:     5575.360     5964.580     6681.800     7235.930     7893.370
    15:     7908.800     8864.340    10039.520    10058.140    10729.070
H:
     0:      125.920      337.880     1778.910     1780.890     2449.110
     5:     3594.980     3595.730     5464.120     5464.420     7753.050
    10:     7753.120     9834.370
M:
     0:      130.420      157.060      608.550     1215.500     1852.040
     5:     2481.050     2979.660     3583.590     4414.220     4916.390
    10:     5575.360     5964.580     6681.800     7235.930     7893.370
    15:     7908.800     8864.340    10039.520    10058.140    10729.070
N:
     0:      125.920      337.880     1778.910     1780.890     2449.110
     5:     3594.980     3595.730     5464.120     5464.420     7753.050
    10:     7753.120     9834.370
O:
     0:      130.520      130.730      157.430     1852.420     3583.840
P:
Q:
     0:   396130.000   110385.000    98792.000   179880.000       20.000
     5:       12.000        5.000        0.000
\Box3_Comments:



Start Date: 02/02/22
End Date: 02/02/22
Subject: 19
Experiment: heroinSA
Group: heroin
Box: 4
Start Time: 11:51:43
End Time: 15:34:58
MSN: FR_SCRIPT
D:       1.000
E:       0.000
F:      39.000
I:     159.000
J:       0.000
K:   10800.010
L:       0.000
R:       0.000
S:       0.000
T:    4853.000
U:       0.000
V:       0.000
W:       0.000
X:       0.000
Y:       1.000
Z:       0.000
A:
     0:        1.000        3.000      500.000     1000.000      180.000
     5:        1.000        1.000        1.000        1.000        0.000
    10:      251.000        0.000
B:
     0:       39.000       39.000        0.000        0.000        0.000
     5:        0.000        0.000
C:
     0:        0.500     1150.100        0.200        0.700        0.800
     5:      395.100        0.200        0.700        0.800      712.100
    10:        0.200        0.700        0.800      117.100        0.200
    15:        0.700        0.800      125.100        0.200        0.700
    20:        0.800     2125.100        0.200        0.700        0.800
    25:     1714.100        0.200        0.700        0.800      125.100
    30:        0.200        0.700        0.800     6076.100        0.200
    35:        0.700        0.800     2569.100        0.200        0.700
    40:        0.800     1886.100        0.200        0.700        0.800
    45:     4845.100        0.200        0.700        0.800      114.100
    50:        0.200        0.700        0.800     4619.100        0.200
    55:        0.700        0.800      108.100        0.200        0.700
    60:        0.800     4278.100        0.200        0.700        0.800
    65:     2451.100        0.200        0.700        0.800     2574.100
    70:        0.200        0.700        0.800     6356.100        0.200
    75:        0.700        0.800     3832.100        0.200        0.700
    80:        0.800     2692.100        0.200        0.700        0.800
    85:      133.100        0.200        0.700        0.800     4173.100
    90:        0.200        0.700        0.800     2761.100        0.200
    95:        0.700        0.800     3588.100        0.200        0.700
   100:        0.800     3221.100        0.200        0.700        0.800
   105:     2247.100        0.200        0.700        0.800     5749.100
   110:        0.200        0.700        0.800     4749.100        0.200
   115:        0.700        0.800     3392.100        0.200        0.700
   120:        0.800     4185.100        0.200        0.700        0.800
   125:     3075.100        0.200        0.700        0.800     2961.100
   130:        0.200        0.700        0.800     3008.100        0.200
   135:        0.700        0.800      113.100        0.200        0.700
   140:        0.800     6942.100        0.200        0.700        0.800
   145:     2906.100        0.200        0.700        0.800      813.100
   150:        0.200        0.700        1.100        0.800      267.100
   155:        0.200        0.700        0.800     4853.300
G:
     0:      114.990      154.510      225.780      237.400      249.890
     5:      462.420      633.840      646.310     1253.920     1510.850
    10:     1699.420     2183.960     2195.310     2657.280     2668.070
    15:     3095.840     3340.890     3598.310     4233.980     4617.170
    20:     4886.320     4899.640     5316.900     5593.020     5951.840
    25:     6273.930     6498.680     7073.520     7548.460     7887.650
    30:     8306.160     8613.680     8909.760     9210.570     9221.860
    35:     9916.080    10206.660    10288.020    10314.690
H:
M:
     0:      114.990      154.510      225.780      237.400      249.890
     5:      462.420      633.840      646.310     1253.920     1510.850
    10:     1699.420     2183.960     2195.310     2657.280     2668.070
    15:     3095.840     3340.890     3598.310     4233.980     4617.170
    20:     4886.320     4899.640     5316.900     5593.020     5951.840
    25:     6273.930     6498.680     7073.520     7548.460     7887.650
    30:     8306.160     8613.680     8909.760     9210.570     9221.860
    35:     9916.080    10206.660    10287.950    10314.690
N:
O:
     0:    10288.020
P:
Q:
     0:   146398.000   259097.000   112377.000    35742.000       39.000
     5:        0.000        1.000        0.000
\Box4_Comments:



Start Date: 02/02/22
End Date: 02/02/22
Subject: 20
Experiment: heroinSA
Group: heroin
Box: 5
Start Time: 11:51:43
End Time: 15:34:58
MSN: FR_SCRIPT
D:       1.000
E:       0.000
F:      43.000
I:     177.000
J:       0.000
K:   10800.010
L:       0.000
R:       0.000
S:       0.000
T:    2227.000
U:       0.000
V:       0.000
W:       0.000
X:       0.000
Y:       0.000
Z:       1.000
A:
     0:        2.000        3.000      500.000     1000.000      180.000
     5:        1.000        1.000        1.000        1.000        0.000
    10:      275.000        0.000
B:
     0:       43.000       43.000        0.000        0.000        0.000
     5:        0.000        0.000
C:
     0:        0.500      668.100        0.200        0.700        0.800
     5:      110.100        0.200        0.700        2.100        0.800
    10:     1516.100        0.200        0.700        0.800      207.100
    15:        0.200        0.700        0.800     2688.100        0.200
    20:        0.700        0.800     1938.100        0.200        0.700
    25:        0.800     3023.100        0.200        0.700        0.800
    30:     2557.100        0.200        0.700        0.800     2594.100
    35:        0.200        0.700        1.100        0.800     3092.100
    40:        0.200        0.700        0.800     3329.100        0.200
    45:        0.700        0.800      317.100        0.200        0.700
    50:        0.800     4667.100        0.200        0.700        0.800
    55:     4251.100        0.200        0.700        0.800      253.100
    60:        0.200        0.700        0.800     4263.100        0.200
    65:        0.700        0.800     4907.100        0.200        0.700
    70:        0.800     3683.100        0.200        0.700        0.800
    75:      184.100        0.200        0.700        0.800     4929.100
    80:        0.200        0.700        0.100        0.800     4424.100
    85:        0.200        0.700        0.800      137.100        0.200
    90:        0.700        0.800     6316.100        0.200        0.700
    95:        0.800      134.100        0.200        0.700        0.800
   100:     2861.100        0.200        0.700        0.800     2896.100
   105:        0.200        0.700        0.800      565.100        0.200
   110:        0.700        0.800     3786.100        0.200        0.700
   115:        0.800     2057.100        0.200        0.700        0.800
   120:     2650.100        0.200        0.700        0.800     2772.100
   125:        0.200        0.700        0.800     2723.100        0.200
   130:        0.700        0.800      141.100        0.200        0.700
   135:        0.800     3681.100        0.200        0.700        0.800
   140:      247.100        0.200        0.700        0.800     4517.100
   145:        0.200        0.700        0.800     1870.100        0.200
   150:        0.700        0.800     1952.100        0.200        0.700
   155:        0.800     1913.100        0.200        0.700        0.800
   160:     2293.100        0.200        0.700        0.800     3429.100
   165:        0.200        0.700        0.800     3989.100        0.200
   170:        0.700        0.800     1241.100        0.200        0.700
   175:        0.800     2227.300
G:
     0:       66.800       78.040      229.590      250.290      519.130
     5:      712.890     1015.240     1270.960     1530.430     1839.620
    10:     2172.510     2204.250     2670.960     3096.070     3121.320
    15:     3547.660     4038.310     4406.610     4425.030     4917.980
    20:     5360.320     5374.000     6005.600     6019.080     6305.170
    25:     6594.720     6651.270     7029.860     7235.490     7500.570
    30:     7777.720     8050.040     8064.130     8432.250     8456.910
    35:     8908.590     9095.600     9290.790     9482.150     9711.390
    40:    10054.300    10453.230    10577.340
H:
M:
     0:       66.800       77.860      229.590      250.290      519.130
     5:      712.890     1015.240     1270.960     1530.380     1839.620
    10:     2172.510     2204.250     2670.960     3096.070     3121.320
    15:     3547.660     4038.310     4406.610     4425.030     4917.930
    20:     5360.320     5374.000     6005.600     6019.080     6305.170
    25:     6594.720     6651.270     7029.860     7235.490     7500.570
    30:     7777.720     8050.040     8064.130     8432.250     8456.910
    35:     8908.590     9095.600     9290.790     9482.150     9711.390
    40:    10054.300    10453.230    10577.340
N:
O:
     0:       78.040     1530.430     4917.980
P:
Q:
     0:   148889.000   191648.000   398172.000    79712.000       43.000
     5:        0.000        3.000        0.000
\Box5_Comments:



Start Date: 02/02/22
End Date: 02/02/22
Subject: 21
Experiment: heroinSA
Group: heroin
Box: 6
Start Time: 11:51:43
End Time: 15:34:58
MSN: FR_SCRIPT
D:       0.655
E:       0.345
F:     110.000
I:     562.000
J:       0.000
K:   10800.010
L:       0.000
R:       0.000
S:       0.000
T:    1043.000
U:       0.000
V:       0.000
W:       0.000
X:       0.000
Y:       0.000
Z:       0.000
A:
     0:        1.000        3.000      500.000     1000.000      180.000
     5:        1.000        1.000        1.000        1.000        0.000
    10:      265.000        0.000
B:
     0:      168.000      110.000       58.000        0.000        0.000
     5:        0.000        0.000
C:
     0:        0.500      201.600        0.500       32.100        0.200
     5:        0.700        0.800      716.100        0.200        0.700
    10:        0.800      109.100        0.200        0.700        0.800
    15:      185.600        0.500       18.600        0.500        8.600
    20:        0.500        7.600        0.500      299.100        0.200
    25:        0.700        0.800      106.100        0.200        0.700
    30:        0.800      105.100        0.200        0.700        0.800
    35:      101.100        0.200        0.700        0.800      109.100
    40:        0.200        0.700        0.800      110.100        0.200
    45:        0.700        0.800      107.100        0.200        0.700
    50:        0.800      108.100        0.200        0.700        0.800
    55:      106.100        0.200        0.700        0.800      129.100
    60:        0.200        0.700        0.800      174.100        0.200
    65:        0.700        0.800      125.100        0.200        0.700
    70:        0.800      367.100        0.200        0.700        0.800
    75:      102.100        0.200        0.700        0.800     7957.100
    80:        0.200        0.700        0.800      107.100        0.200
    85:        0.700        0.800      118.100        0.200        0.700
    90:        0.800      103.100        0.200        0.700        0.800
    95:      106.100        0.200        0.700        0.800     4569.100
   100:        0.200        0.700        0.800      131.100        0.200
   105:        0.700        0.800      126.100        0.200        0.700
   110:        0.800     2965.100        0.200        0.700        0.800
   115:     2645.100        0.200        0.700        0.800      115.100
   120:        0.200        0.700        0.800      107.100        0.200
   125:        0.700        0.800      154.100        0.200        0.700
   130:        0.800     3623.100        0.200        0.700        0.800
   135:     1927.100        0.200        0.700        0.800     2513.100
   140:        0.200        0.700        0.800      215.100        0.200
   145:        0.700        0.800      213.100        0.200        0.700
   150:        0.800     1753.100        0.200        0.700        0.800
   155:      102.100        0.200        0.700        0.800     2827.100
   160:        0.200        0.700        0.800      122.100        0.200
   165:        0.700        0.800     4668.100        0.200        0.700
   170:        0.800     1433.100        0.200        0.700        0.800
   175:      288.100        0.200        0.700        0.800      109.100
   180:        0.200        0.700        0.800      675.100        0.200
   185:        0.700        0.800      451.100        0.200        0.700
   190:        0.800      189.100        0.200        0.700        0.800
   195:     1646.100        0.200        0.700        0.800      183.100
   200:        0.200        0.700        0.800     2000.100        0.200
   205:        0.700        0.800      512.100        0.200        0.700
   210:        0.800      854.100        0.200        0.700        0.800
   215:      263.100        0.200        0.700        3.100        0.800
   220:      200.100        0.200        0.700        0.800      358.100
   225:        0.200        0.700        0.800      226.100        0.200
   230:        0.700        5.100        0.800      309.100        0.200
   235:        0.700        0.800      163.100        0.200        0.700
   240:        5.100        0.800      141.100        0.200        0.700
   245:        0.800      147.100        0.200        0.700        0.800
   250:      163.100        0.200        0.700        0.800      163.100
   255:        0.200        0.700        0.800      189.100        0.200
   260:        0.700        0.800      129.100        0.200        0.700
   265:        0.800      123.100        0.200        0.700        0.800
   270:      159.100        0.200        0.700       85.100        0.800
   275:       34.100        0.200        0.700        0.800      822.100
   280:        0.200        0.700        0.800      255.100        0.200
   285:        0.700        0.800     8228.100        0.200        0.700
   290:        0.800     1672.100        0.200        0.700        0.800
   295:     3329.100        0.200        0.700        0.800      147.100
   300:        0.200        0.700        0.800      102.100        0.200
   305:        0.700        0.800      189.100        0.200        0.700
   310:        0.800      103.100        0.200        0.700        0.800
   315:     3933.100        0.200        0.700        0.800     1314.100
   320:        0.200        0.700        0.800     1333.100        0.200
   325:        0.700        0.800      292.100        0.200        0.700
   330:        0.800     1790.100        0.200        0.700        0.800
   335:     2971.100        0.200        0.700        0.800      366.100
   340:        0.200        0.700        0.800      209.100        0.200
   345:        0.700        0.800      351.100        0.200        0.700
   350:        0.800     6581.100        0.200        0.700        0.800
   355:      117.100        0.200        0.700        0.800      160.100
   360:        0.200        0.700        0.800      298.100        0.200
   365:        0.700        0.800      806.100        0.200        0.700
   370:        0.800      104.100        0.200        0.700        0.800
   375:      534.100        0.200        0.700        0.800      155.100
   380:        0.200        0.700        0.800      249.100        0.200
   385:        0.700        0.800      138.100        0.200        0.700
   390:        0.800      133.100        0.200        0.700        0.800
   395:      145.100        0.200        0.700        0.800      227.100
   400:        0.200        0.700        0.800      102.100        0.200
   405:        0.700        0.800      102.100        0.200        0.700
   410:        0.800      101.100        0.200        0.700        0.800
   415:      103.100        0.200        0.700        0.800      117.100
   420:        0.200        0.700        0.800     3811.100        0.200
   425:        0.700        0.800      106.100        0.200        0.700
   430:        0.800      101.100        0.200        0.700        0.800
   435:      102.100        0.200        0.700        0.800      102.100
   440:        0.200        0.700        0.800      101.100        0.200
   445:        0.700        0.800      101.100        0.200        0.700
   450:        0.800      103.100        0.200        0.700        0.800
   455:     7395.600        0.500       23.600        0.500       25.600
   460:        0.500        5.600        0.500       31.600        0.500
   465:       49.600        0.500       34.600        0.500       71.600
   470:        0.500      462.600        0.500      571.600        0.500
   475:        6.600        0.500        7.600        0.500      935.600
   480:        0.500       92.600        0.500      531.600        0.500
   485:      380.600        0.500        6.600        0.500       13.600
   490:        0.500      303.600        0.500       10.600        0.500
   495:       38.600        0.500      552.600        0.500      130.600
   500:        0.500      247.600        0.500      134.600        0.500
   505:       16.600        0.500        8.600        0.500      177.600
   510:        0.500       49.600        0.500       87.600        0.500
   515:       43.600        0.500       84.600        0.500       11.600
   520:        0.500       43.600        0.500       24.600        0.500
   525:        4.600        0.500       18.600        0.500       54.600
   530:        0.500       22.600        0.500       43.600        0.500
   535:       29.600        0.500       31.600        0.500       33.600
   540:        0.500       32.600        0.500       11.600        0.500
   545:       32.600        0.500       46.600        0.500       21.600
   550:        0.500       18.600        0.500       63.600        0.500
   555:       29.600        0.500       59.600        0.500       20.600
   560:        0.500     1043.300
G:
     0:       23.350       94.970      105.800      157.570      168.090
     5:      178.590      188.720      199.650      210.590      221.350
    10:      232.150      242.730      255.680      273.000      285.500
    15:      322.260      332.470     1128.140     1138.820     1150.640
    20:     1160.960     1171.570     1628.420     1641.540     1654.090
    25:     1950.610     2215.180     2226.600     2237.370     2252.780
    30:     2615.000     2807.750     3059.020     3080.550     3101.880
    35:     3277.140     3287.370     3570.020     3582.210     4049.050
    40:     4192.310     4221.150     4232.020     4299.520     4344.680
    45:     4363.510     4528.150     4546.410     4746.420     4797.640
    50:     4883.050     4909.670     4929.640     4965.420     4988.520
    55:     5019.390     5036.220     5050.340     5065.040     5081.290
    60:     5097.650     5116.580     5129.420     5141.750     5166.140
    65:     5169.580     5251.700     5277.220     6100.030     6267.200
    70:     6600.130     6614.850     6625.070     6643.940     6654.250
    75:     7047.490     7178.900     7312.280     7341.410     7520.450
    80:     7817.570     7854.180     7875.000     7910.150     8568.260
    85:     8579.960     8595.950     8625.700     8706.380     8716.700
    90:     8770.140     8785.660     8810.540     8824.340     8837.610
    95:     8852.140     8874.810     8885.050     8895.190     8905.330
   100:     8915.620     8927.290     9308.480     9319.020     9329.160
   105:     9339.370     9349.510     9359.620     9369.760     9380.040
H:
     0:       20.130      124.370      126.120      126.950      127.590
     5:    10119.570    10121.790    10124.320    10124.840    10127.940
    10:    10132.860    10136.220    10143.310    10189.520    10246.640
    15:    10247.190    10247.900    10341.470    10350.630    10403.740
    20:    10441.700    10442.290    10443.670    10473.900    10474.890
    25:    10478.730    10533.950    10546.900    10571.620    10585.020
    30:    10586.640    10587.390    10605.150    10610.040    10618.690
    35:    10623.040    10631.400    10632.520    10636.860    10639.230
    40:    10639.640    10641.480    10646.810    10649.070    10653.350
    45:    10656.280    10659.340    10662.600    10665.810    10666.970
    50:    10670.180    10674.750    10676.810    10678.610    10684.890
    55:    10687.790    10693.710    10695.770
M:
     0:       23.350       94.970      105.800      157.570      168.090
     5:      178.590      188.720      199.650      210.590      221.350
    10:      232.150      242.730      255.680      273.000      285.500
    15:      322.260      332.470     1128.140     1138.820     1150.640
    20:     1160.960     1171.570     1628.420     1641.540     1654.090
    25:     1950.610     2215.180     2226.600     2237.370     2252.780
    30:     2615.000     2807.750     3059.020     3080.550     3101.880
    35:     3277.140     3287.370     3570.020     3582.210     4049.050
    40:     4192.310     4221.150     4232.020     4299.520     4344.680
    45:     4363.510     4528.150     4546.410     4746.420     4797.640
    50:     4883.050     4909.300     4929.640     4965.420     4988.000
    55:     5019.390     5035.780     5050.340     5065.040     5081.290
    60:     5097.650     5116.580     5129.420     5141.750     5157.680
    65:     5169.580     5251.700     5277.220     6100.030     6267.200
    70:     6600.130     6614.850     6625.070     6643.940     6654.250
    75:     7047.490     7178.900     7312.280     7341.410     7520.450
    80:     7817.570     7854.180     7875.000     7910.150     8568.260
    85:     8579.960     8595.950     8625.700     8706.380     8716.700
    90:     8770.140     8785.660     8810.540     8824.340     8837.610
    95:     8852.140     8874.810     8885.050     8895.190     8905.330
   100:     8915.620     8927.290     9308.480     9319.020     9329.160
   105:     9339.370     9349.510     9359.620     9369.760     9380.040
N:
     0:       20.130      124.370      126.120      126.950      127.590
     5:    10119.570    10121.790    10124.320    10124.840    10127.940
    10:    10132.860    10136.220    10143.310    10189.520    10246.640
    15:    10247.190    10247.900    10341.470    10350.630    10403.740
    20:    10441.700    10442.290    10443.670    10473.900    10474.890
    25:    10478.730    10533.950    10546.900    10571.620    10585.020
    30:    10586.640    10587.390    10605.150    10610.040    10618.690
    35:    10623.040    10631.400    10632.520    10636.860    10639.230
    40:    10639.640    10641.480    10646.810    10649.070    10653.350
    45:    10656.280    10659.340    10662.600    10665.810    10666.970
    50:    10670.180    10674.750    10676.810    10678.610    10684.890
    55:    10687.790    10693.710    10695.770
O:
     0:     4909.670     4988.520     5036.220     5166.140
P:
Q:
     0:   336981.000   127640.000    16026.000     8059.000      110.000
     5:       58.000        4.000        0.000
\Box6_Comments:



Start Date: 02/02/22
End Date: 02/02/22
Subject: 22
Experiment: heroinSA
Group: heroin
Box: 7
Start Time: 11:51:43
End Time: 15:34:58
MSN: FR_SCRIPT_box7
D:       0.786
E:       0.214
F:      66.000
I:     306.000
J:       0.000
K:   10800.010
L:       0.000
R:       0.000
S:       0.000
T:    5741.000
U:       0.000
V:       0.000
W:       0.000
X:       0.000
Y:       1.000
Z:       0.000
A:
     0:        2.000        3.000      500.000     1000.000      180.000
     5:        1.000        1.000        1.000        1.000        0.000
    10:      260.000        0.000
B:
     0:       84.000       66.000       18.000        0.000        0.000
     5:        0.000        0.000
C:
     0:        0.500      736.100        0.200        0.700        0.800
     5:      102.100        0.200        0.700        0.800      242.600
    10:        0.500        1.600        0.500        1.600        0.500
    15:        3.600        0.500       21.600        0.500       40.100
    20:        0.200        0.700        0.800      104.100        0.200
    25:        0.700        0.800      104.100        0.200        0.700
    30:        0.800      108.100        0.200        0.700        0.800
    35:      108.100        0.200        0.700        0.800      102.100
    40:        0.200        0.700        0.800      119.100        0.200
    45:        0.700        0.800     6695.600        0.500        3.600
    50:        0.500     1492.100        0.200        0.700        0.800
    55:      103.100        0.200        0.700        0.800      107.100
    60:        0.200        0.700        0.800     9189.100        0.200
    65:        0.700        0.800      110.100        0.200        0.700
    70:        0.800      102.100        0.200        0.700        0.800
    75:      120.100        0.200        0.700        0.800      102.100
    80:        0.200        0.700        0.800      103.100        0.200
    85:        0.700        0.800      120.100        0.200        0.700
    90:        0.800    14260.100        0.200        0.700        0.800
    95:      132.100        0.200        0.700        0.800      107.600
   100:        0.500        4.600        0.500       16.600        0.500
   105:       18.600        0.500       12.600        0.500        1.600
   110:        0.500        5.600        0.500       14.600        0.500
   115:        1.600        0.500        3.600        0.500        5.600
   120:        0.500        8.100        0.200        0.700        0.800
   125:      101.100        0.200        0.700        0.800      111.100
   130:        0.200        0.700        0.800      116.100        0.200
   135:        0.700        0.800     7298.100        0.200        0.700
   140:        0.800     2808.100        0.200        0.700        0.800
   145:      129.100        0.200        0.700        0.800     8053.100
   150:        0.200        0.700        0.800      142.100        0.200
   155:        0.700        0.800      104.100        0.200        0.700
   160:        0.800      108.100        0.200        0.700        0.800
   165:      109.100        0.200        0.700        0.800      125.100
   170:        0.200        0.700        0.800     8023.100        0.200
   175:        0.700        0.800     3172.100        0.200        0.700
   180:        0.800      151.100        0.200        0.700        0.800
   185:      114.100        0.200        0.700        0.800      114.100
   190:        0.200        0.700        0.800     4747.100        0.200
   195:        0.700        0.800      109.100        0.200        0.700
   200:        0.800      111.100        0.200        0.700        0.800
   205:      130.100        0.200        0.700        0.800      124.100
   210:        0.200        0.700        0.800      124.100        0.200
   215:        0.700        0.800     7258.100        0.200        0.700
   220:        0.800     1862.100        0.200        0.700        0.800
   225:     1122.100        0.200        0.700        0.800      119.100
   230:        0.200        0.700        0.800      102.100        0.200
   235:        0.700       27.100        0.800     4322.100        0.200
   240:        0.700        0.800      110.100        0.200        0.700
   245:        2.100        4.100        0.800       96.100        0.200
   250:        0.700        0.800      109.100        0.200        0.700
   255:        1.100        0.800      127.100        0.200        0.700
   260:        0.800      102.100        0.200        0.700        0.800
   265:      123.100        0.200        0.700        0.800     5744.100
   270:        0.200        0.700        0.800      360.100        0.200
   275:        0.700        0.800     5052.100        0.200        0.700
   280:        0.800      401.100        0.200        0.700        0.800
   285:      338.100        0.200        0.700        0.800      289.100
   290:        0.200        0.700        0.800      135.100        0.200
   295:        0.700        0.800     3291.100        0.200        0.700
   300:        0.800      417.100        0.200        0.700        0.800
   305:     5741.300
G:
     0:       73.590       83.880      114.640      124.990      135.450
     5:      146.240      157.020      167.220      179.110      998.160
    10:     1008.440     1019.160     1938.070     1949.080     1959.240
    15:     1971.250     1981.470     1991.710     2003.760     3429.780
    20:     3442.900     3462.300     3472.460     3483.490     3495.180
    25:     4224.940     4505.710     4518.610     5323.890     5338.110
    30:     5348.550     5359.340     5370.200     5382.690     6185.040
    35:     6502.230     6517.290     6528.740     6540.130     7014.860
    40:     7025.760     7036.840     7049.830     7062.220     7074.590
    45:     7800.400     7986.670     8098.840     8110.690     8123.610
    50:     8555.860     8567.480     8576.990     8588.070     8600.700
    55:     8610.900     8623.220     9197.590     9233.630     9738.810
    60:     9778.960     9812.700     9841.670     9855.100    10184.220
    65:    10225.940
H:
     0:      108.050      108.150      108.250      108.510      110.630
     5:      848.590      848.960     3453.660     3454.060     3455.650
    10:     3457.460     3458.590     3458.770     3459.190     3460.620
    15:     3460.760     3461.030     3461.520
M:
     0:       73.590       83.880      114.640      124.990      135.450
     5:      146.240      157.020      167.220      179.110      998.160
    10:     1008.440     1019.160     1938.070     1949.080     1959.240
    15:     1971.250     1981.470     1991.710     2003.760     3429.780
    20:     3442.900     3462.300     3472.460     3483.490     3495.180
    25:     4224.940     4505.710     4518.610     5323.890     5338.110
    30:     5348.550     5359.340     5370.200     5382.690     6185.040
    35:     6502.230     6517.290     6528.740     6540.130     7014.860
    40:     7025.760     7036.840     7049.830     7062.220     7074.590
    45:     7800.400     7986.670     8098.840     8110.690     8120.940
    50:     8555.860     8566.810     8576.990     8587.920     8600.700
    55:     8610.900     8623.220     9197.590     9233.630     9738.810
    60:     9778.960     9812.700     9841.670     9855.100    10184.220
    65:    10225.940
N:
     0:      108.050      108.150      108.250      108.510      110.630
     5:      848.590      848.960     3453.660     3454.060     3455.650
    10:     3457.460     3458.590     3458.770     3459.190     3460.620
    15:     3460.760     3461.030     3461.520
O:
     0:     8123.610     8567.080     8567.480     8588.070
P:
Q:
     0:    92547.000   206613.000   159414.000   114012.000       66.000
     5:       18.000        4.000        0.000
\Box7_Comments:



Start Date: 02/02/22
End Date: 02/02/22
Subject: 23
Experiment: heroinSA
Group: saline
Box: 8
Start Time: 11:51:43
End Time: 15:34:58
MSN: FR_SCRIPT
D:       0.333
E:       0.667
F:       7.000
I:      58.000
J:       0.000
K:   10800.010
L:       0.000
R:       0.000
S:       0.000
T:    4052.000
U:       0.000
V:       0.000
W:       0.000
X:       0.000
Y:       0.000
Z:       0.000
A:
     0:        1.000        3.000      500.000     1000.000      180.000
     5:        1.000        1.000        1.000        1.000        0.000
    10:      265.000        0.000
B:
     0:       21.000        7.000       14.000        0.000        0.000
     5:        0.000        0.000
C:
     0:        0.500       59.600        0.500      136.600        0.500
     5:        7.600        0.500      114.100        0.200        0.700
    10:        0.800      367.600        0.500     7457.600        0.500
    15:     4462.100        0.200        0.700        0.800    23788.100
    20:        0.200        0.700        0.800     1583.100        0.200
    25:        0.700        0.800    26957.600        0.500       66.600
    30:        0.500       70.600        0.500        7.600        0.500
    35:      415.100        0.200        0.700        0.800    17803.100
    40:        0.200        0.700        0.800      108.600        0.500
    45:       13.600        0.500      142.600        0.500        1.600
    50:        0.500     8405.600        0.500    11988.100        0.200
    55:        0.700        0.800     4052.300
G:
     0:       31.650     1260.220     3639.030     3797.300     6548.850
     5:     8329.100    10394.800
H:
     0:        5.920       19.550       20.260       68.310      814.040
     5:     6493.070     6499.650     6506.660     6507.330     8339.900
    10:     8341.240     8355.430     8355.520     9196.010
M:
     0:       31.650     1260.220     3639.030     3797.300     6548.850
     5:     8329.100    10394.800
N:
     0:        5.920       19.550       20.260       68.310      814.040
     5:     6493.070     6499.650     6506.660     6507.330     8339.900
    10:     8341.240     8355.430     8355.520     9196.010
O:
P:
Q:
     0:   296341.000    93595.000    44901.000    32598.000        7.000
     5:       14.000        0.000        0.000
\Box8_Comments:



Start Date: 02/02/22
End Date: 02/02/22
Subject: 24
Experiment: heroinSA
Group: saline
Box: 9
Start Time: 11:51:43
End Time: 15:34:58
MSN: FR_SCRIPT
D:       0.500
E:       0.500
F:       9.000
I:      57.000
J:       0.000
K:   10800.010
L:       0.000
R:       0.000
S:       0.000
T:   11352.000
U:       0.000
V:       0.000
W:       0.000
X:       0.000
Y:       1.000
Z:       0.000
A:
     0:        2.000        3.000      500.000     1000.000      180.000
     5:        1.000        1.000        1.000        1.000        0.000
    10:      259.000        0.000
B:
     0:       18.000        9.000        9.000        0.000        0.000
     5:        0.000        0.000
C:
     0:        0.500     1612.100        0.200        0.700        0.800
     5:      613.600        0.500       31.100        0.200        0.700
    10:        0.800      466.100        0.200        0.700        0.800
    15:     2766.600        0.500       81.600        0.500     9279.100
    20:        0.200        0.700        0.800     4409.600        0.500
    25:    14467.100        0.200        0.700        0.800    47222.600
    30:        0.500     1976.600        0.500        8.600        0.500
    35:        2.600        0.500      887.100        0.200        0.700
    40:        0.800      181.100        0.200        0.700       14.100
    45:        0.800      258.600        0.500     7955.100        0.200
    50:        0.700        0.800     4421.100        0.200        0.700
    55:        0.800    11352.300
G:
     0:      161.280      225.630      272.220     1484.800     3372.470
     5:     8381.930     8401.400     9222.750     9664.820
H:
     0:      222.540      548.870      556.920     1925.690     8094.640
     5:     8292.270     8293.040     8293.250     8427.220
M:
     0:      161.280      225.630      272.220     1484.800     3372.470
     5:     8381.930     8400.030     9222.750     9664.820
N:
     0:      222.540      548.870      556.920     1925.690     8094.640
     5:     8292.270     8293.040     8293.250     8427.220
O:
     0:     8401.400
P:
Q:
     0:   302454.000   191702.000   402011.000    14185.000        9.000
     5:        9.000        1.000        0.000
\Box9_Comments:



Start Date: 02/02/22
End Date: 02/02/22
Subject: 25
Experiment: heroinSA
Group: heroin
Box: 10
Start Time: 11:51:43
End Time: 15:34:58
MSN: FR_SCRIPT
D:       0.594
E:       0.406
F:      19.000
I:     104.000
J:       0.000
K:   10800.010
L:       0.000
R:       0.000
S:       0.000
T:    7593.000
U:       0.000
V:       0.000
W:       0.000
X:       0.000
Y:       0.000
Z:       0.000
A:
     0:        1.000        3.000      500.000     1000.000      180.000
     5:        1.000        1.000        1.000        1.000        0.000
    10:      290.000        0.000
B:
     0:       32.000       19.000       13.000        0.000        0.000
     5:        0.000        0.000
C:
     0:        0.500      465.100        0.200        0.700        0.800
     5:      850.100        0.200        0.700        0.800      187.100
    10:        0.200        0.700        0.800     3806.600        0.500
    15:       24.600        0.500     1280.100        0.200        0.700
    20:        0.800      159.600        0.500       20.600        0.500
    25:       22.600        0.500      144.600        0.500       10.600
    30:        0.500       63.100        0.200        0.700        0.800
    35:     4899.600        0.500     3666.100        0.200        0.700
    40:        0.800      108.100        0.200        0.700        0.800
    45:      107.600        0.500        3.600        0.500    10407.600
    50:        0.500      148.100        0.200        0.700        0.800
    55:     6106.100        0.200        0.700        0.800     7582.600
    60:        0.500       85.100        0.200        0.700        0.800
    65:     5797.100        0.200        0.700        0.800    10663.100
    70:        0.200        0.700        0.800      416.100        0.200
    75:        0.700        0.800     6993.100        0.200        0.700
    80:        0.800    10755.100        0.200        0.700        0.800
    85:     9044.100        0.200        0.700        0.800     5339.100
    90:        0.200        0.700        0.800     8588.600        0.500
    95:     2512.100        0.200        0.700        0.800      159.100
   100:        0.200        0.700        0.800     7593.300
G:
     0:       46.510      131.560      150.230      661.260      703.000
     5:     1559.570     1570.340     2636.810     3247.480     4014.150
    10:     4593.800     5660.090     5701.700     6401.060     7476.490
    15:     8380.940     8914.800    10024.860    10040.750
H:
     0:      530.860      533.220      677.170      679.130      681.380
     5:      695.700      696.720     1192.960     1581.080     1581.320
    10:     2622.050     4005.600     9773.670
M:
     0:       46.510      131.560      150.230      661.260      703.000
     5:     1559.570     1570.340     2636.810     3247.480     4014.150
    10:     4593.800     5660.090     5701.700     6401.060     7476.490
    15:     8380.940     8914.800    10024.860    10040.750
N:
     0:      530.860      533.220      677.170      679.130      681.380
     5:      695.700      696.720     1192.960     1581.080     1581.320
    10:     2622.050     4005.600     9773.670
O:
P:
Q:
     0:   106225.000   276191.000   165750.000    43711.000       19.000
     5:       13.000        0.000        0.000
\Box10_Comments:



Start Date: 02/02/22
End Date: 02/02/22
Subject: 26
Experiment: heroinSA
Group: saline
Box: 11
Start Time: 11:51:43
End Time: 15:34:58
MSN: FR_SCRIPT_5choice
D:       0.417
E:       0.583
F:       5.000
I:      36.000
J:       0.000
K:   10800.010
L:       0.000
R:       0.000
S:       0.000
T:    7766.000
U:       0.000
V:       0.000
W:       0.000
X:       0.000
Y:       0.000
Z:       0.000
A:
     0:        2.000        3.000      500.000     1000.000      180.000
     5:        1.000        1.000        1.000        2.000        0.000
    10:      270.000        0.000
B:
     0:       12.000        5.000        7.000        0.000        0.000
     5:        0.000        0.000
C:
     0:        0.500      265.100        0.200        0.700        0.800
     5:     1443.100        0.200        0.700        0.800     4186.100
    10:        0.200        0.700        0.800      295.600        0.500
    15:    12359.100        0.200        0.700        0.800     2871.600
    20:        0.500        6.600        0.500     2968.600        0.500
    25:       28.600        0.500      107.600        0.500    21005.100
    30:        0.200        0.700        0.800    54701.600        0.500
    35:     7766.300
G:
     0:       26.510      170.800      589.430     1854.820     4553.320
H:
     0:      618.950     2141.970     2142.570     2439.330     2442.130
     5:     2452.840    10023.470
M:
     0:       26.510      170.800      589.430     1854.820     4553.320
N:
     0:      618.950     2141.970     2142.570     2439.330     2442.130
     5:     2452.840    10023.470
O:
P:
Q:
     0:        0.000        0.000        0.000        0.000        5.000
     5:        7.000        0.000        0.000
\Box11_Comments:



Start Date: 02/02/22
End Date: 02/02/22
Subject: 27
Experiment: heroinSA
Group: saline
Box: 12
Start Time: 11:51:43
End Time: 15:34:58
MSN: FR_SCRIPT_5choice
D:       0.500
E:       0.500
F:       8.000
I:      50.000
J:       0.000
K:   10800.010
L:       0.000
R:       0.000
S:       0.000
T:    2554.000
U:       0.000
V:       0.000
W:       0.000
X:       0.000
Y:       0.000
Z:       0.000
A:
     0:        1.000        3.000      500.000     1000.000      180.000
     5:        1.000        1.000        1.000        2.000        0.000
    10:      284.000        0.000
B:
     0:       16.000        8.000        8.000        0.000        0.000
     5:        0.000        0.000
C:
     0:        0.500      230.600        0.500      252.600        0.500
     5:       10.600        0.500      498.100        0.200        0.700
    10:        0.800      506.600        0.500      290.100        0.200
    15:        0.700        0.800     5460.100        0.200        0.700
    20:        0.800     1799.600        0.500       38.600        0.500
    25:    17858.100        0.200        0.700        0.800      590.100
    30:        0.200        0.700        0.800      196.600        0.500
    35:    21327.100        0.200        0.700        0.800    11143.100
    40:        0.200        0.700        0.800     4233.100        0.200
    45:        0.700        0.800    41016.600        0.500     2554.300
G:
     0:       99.070      178.670      724.610     2694.110     2753.140
     5:     4905.390     6019.740     6443.080
H:
     0:       23.010       48.240       49.280      149.680      904.550
     5:      908.370     2772.690    10544.630
M:
     0:       99.070      178.670      724.610     2694.110     2753.140
     5:     4905.390     6019.740     6443.080
N:
     0:       23.010       48.240       49.280      149.680      904.550
     5:      908.370     2772.690    10544.630
O:
P:
Q:
     0:        0.000        0.000        0.000        0.000        8.000
     5:        8.000        0.000        0.000
\Box12_Comments:



Start Date: 02/02/22
End Date: 02/02/22
Subject: 28
Experiment: heroinSA
Group: saline
Box: 13
Start Time: 11:51:43
End Time: 15:34:58
MSN: FR_SCRIPT_5choice
D:       0.763
E:       0.237
F:      29.000
I:     136.000
J:       0.000
K:   10800.010
L:       0.000
R:       0.000
S:       0.000
T:     324.000
U:       0.000
V:       0.000
W:       0.000
X:       0.000
Y:       0.000
Z:       0.000
A:
     0:        2.000        3.000      500.000     1000.000      180.000
     5:        1.000        1.000        1.000        2.000        0.000
    10:      289.000        0.000
B:
     0:       38.000       29.000        9.000        0.000        0.000
     5:        0.000        0.000
C:
     0:        0.500     1715.100        0.200        0.700        0.800
     5:     1681.100        0.200        0.700        0.800     1158.100
    10:        0.200        0.700        0.800      129.600        0.500
    15:      117.100        0.200        0.700        0.800      681.100
    20:        0.200        0.700        0.800      503.100        0.200
    25:        0.700        0.800      320.100        0.200        0.700
    30:        0.800     1501.100        0.200        0.700        0.800
    35:      436.600        0.500        6.600        0.500     2248.600
    40:        0.500      268.600        0.500     4633.100        0.200
    45:        0.700        0.800      167.100        0.200        0.700
    50:        0.800      102.100        0.200        0.700        0.800
    55:      255.100        0.200        0.700        0.800      177.100
    60:        0.200        0.700        0.800     5046.100        0.200
    65:        0.700        0.800      310.100        0.200        0.700
    70:        0.800      413.600        0.500     1576.100        0.200
    75:        0.700        0.800      247.100        0.200        0.700
    80:        0.800    14295.100        0.200        0.700        0.800
    85:    45039.600        0.500       85.600        0.500       56.600
    90:        0.500     1923.100        0.200        0.700        0.800
    95:      188.100        0.200        0.700        0.800      482.100
   100:        0.200        0.700        0.800      103.100        0.200
   105:        0.700        0.800      295.100        0.200        0.700
   110:        0.800      390.100        0.200        0.700        0.800
   115:    12317.100        0.200        0.700        0.800      906.100
   120:        0.200        0.700        0.800      110.100        0.200
   125:        0.700        0.800     1569.100        0.200        0.700
   130:        0.800     6229.100        0.200        0.700        0.800
   135:      324.300
G:
     0:      171.540      339.650      455.450      480.000      548.140
     5:      598.420      630.480      780.490     1539.650     1556.360
    10:     1566.520     1592.060     1609.780     2114.350     2145.330
    15:     2344.270     2368.980     3798.460     8508.700     8527.570
    20:     8575.750     8585.990     8615.560     8654.550     9886.200
    25:     9976.830     9987.820    10144.690    10767.630
H:
     0:      468.370      824.110      824.690     1049.530     1076.340
     5:     2186.620     8302.340     8310.850     8316.400
M:
     0:      171.540      339.650      455.450      480.000      548.140
     5:      598.420      630.480      780.490     1539.650     1556.360
    10:     1566.520     1592.060     1609.780     2114.350     2145.330
    15:     2344.270     2368.980     3798.460     8508.700     8527.570
    20:     8575.750     8585.990     8615.560     8654.550     9886.200
    25:     9976.830     9987.820    10144.690    10767.630
N:
     0:      468.370      824.110      824.690     1049.530     1076.340
     5:     2186.620     8302.340     8310.850     8316.400
O:
P:
Q:
     0:        0.000        0.000        0.000        0.000       29.000
     5:        9.000        0.000        0.000
\Box13_Comments:



Start Date: 02/02/22
End Date: 02/02/22
Subject: 29
Experiment: heroinSA
Group: saline
Box: 14
Start Time: 11:51:43
End Time: 15:34:58
MSN: FR_SCRIPT_5choice
D:       0.500
E:       0.500
F:       3.000
I:      20.000
J:       0.000
K:   10800.010
L:       0.000
R:       0.000
S:       0.000
T:   14012.000
U:       0.000
V:       0.000
W:       0.000
X:       0.000
Y:       0.000
Z:       0.000
A:
     0:        1.000        3.000      500.000     1000.000      180.000
     5:        1.000        1.000        1.000        2.000        0.000
    10:      284.000        0.000
B:
     0:        6.000        3.000        3.000        0.000        0.000
     5:        0.000        0.000
C:
     0:        0.500     3629.600        0.500     2057.100        0.200
     5:        0.700        0.800    18272.100        0.200        0.700
    10:        0.800      122.100        0.200        0.700        0.800
    15:    69307.600        0.500      601.600        0.500    14012.300
G:
     0:      568.630     2395.840     2408.070
H:
     0:      362.980     9338.720     9398.880
M:
     0:      568.630     2395.840     2408.070
N:
     0:      362.980     9338.720     9398.880
O:
P:
Q:
     0:        0.000        0.000        0.000        0.000        3.000
     5:        3.000        0.000        0.000
\Box14_Comments:



Start Date: 02/02/22
End Date: 02/02/22
Subject: 30
Experiment: heroinSA
Group: saline
Box: 15
Start Time: 11:51:43
End Time: 15:34:58
MSN: FR_SCRIPT_5choice
D:       0.400
E:       0.600
F:       4.000
I:      30.000
J:       0.000
K:   10800.010
L:       0.000
R:       0.000
S:       0.000
T:     606.000
U:       0.000
V:       0.000
W:       0.000
X:       0.000
Y:       0.000
Z:       0.000
A:
     0:        2.000        3.000      500.000     1000.000      180.000
     5:        1.000        1.000        1.000        2.000        0.000
    10:      274.000        0.000
B:
     0:       10.000        4.000        6.000        0.000        0.000
     5:        0.000        0.000
C:
     0:        0.500     1070.600        0.500      165.100        0.200
     5:        0.700        0.800     2501.600        0.500     5623.100
    10:        0.200        0.700        0.800    25068.600        0.500
    15:     1074.600        0.500     2313.100        0.200        0.700
    20:        0.800     6539.600        0.500    45561.100        0.200
    25:        0.700        0.800    17480.600        0.500      606.300
G:
     0:      123.550      935.980     3781.390     8991.420
H:
     0:      107.050      373.590     3442.760     3550.170     4435.320
     5:    10739.440
M:
     0:      123.550      935.980     3781.390     8991.420
N:
     0:      107.050      373.590     3442.760     3550.170     4435.320
     5:    10739.440
O:
P:
Q:
     0:        0.000        0.000        0.000        0.000        4.000
     5:        6.000        0.000        0.000
\Box15_Comments:
