File: C:\Users\Joseph Landry\Desktop\data_rmf\js\heroin_sa_20220118\ heroinSA_FR1_roomF_20220119



Start Date: 01/19/22
End Date: 01/19/22
Subject: 16
Experiment: heroinSA
Group: heroin
Box: 1
Start Time: 11:36:21
End Time: 14:55:15
MSN: FR_SCRIPT
D:       0.926
E:       0.074
F:      51.000
I:     257.000
J:       0.000
K:   10800.010
L:       0.000
R:       0.000
S:       0.000
T:     122.000
U:       0.000
V:       0.000
W:       0.000
X:       0.000
Y:       0.000
Z:       0.000
A:
     0:        2.000        3.000      500.000     1000.000      180.000
     5:        1.000        1.000        2.000        1.000        0.000
    10:      289.000        0.000
B:
     0:       95.000       88.000        7.000        0.000        0.000
     5:        0.000        0.000
C:
     0:        0.500      301.100        0.200        0.700        0.800
     5:      617.100        0.200        0.700        1.100        1.100
    10:        1.100        0.800     1547.600        0.500       39.100
    15:        0.200        0.700        0.800      504.100        0.200
    20:        0.700        0.800      216.600        0.500     2223.100
    25:        0.200        0.700        0.800      356.100        0.200
    30:        0.700        0.800      202.100        0.200        0.700
    35:        3.100        0.800      991.100        0.200        0.700
    40:       10.100        0.800     1053.100        0.200        0.700
    45:        0.800     2400.100        0.200        0.700        0.800
    50:      558.100        0.200        0.700       43.100       32.100
    55:        0.800      426.100        0.200        0.700        0.800
    60:     1950.100        0.200        0.700        0.800     2865.100
    65:        0.200        0.700       17.100        0.800      207.100
    70:        0.200        0.700       13.100        0.800      541.100
    75:        0.200        0.700        0.800     3416.100        0.200
    80:        0.700       11.100       11.100        0.800     1514.100
    85:        0.200        0.700        9.100        0.800      177.100
    90:        0.200        0.700        0.800      207.100        0.200
    95:        0.700        5.100        0.800     2246.100        0.200
   100:        0.700        4.100        4.100        0.800     3806.100
   105:        0.200        0.700        0.800      362.100        0.200
   110:        0.700        3.100        0.800      437.100        0.200
   115:        0.700        0.800      130.100        0.200        0.700
   120:       50.100        0.800     2847.100        0.200        0.700
   125:        0.800     4596.100        0.200        0.700       12.100
   130:        0.800     5619.100        0.200        0.700        1.100
   135:        0.800     7850.100        0.200        0.700        0.800
   140:      685.100        0.200        0.700        7.100       19.100
   145:        8.100        0.800     6378.100        0.200        0.700
   150:       40.100        0.800     1770.100        0.200        0.700
   155:        0.800     3014.100        0.200        0.700       75.600
   160:        0.500        0.800       38.600        0.500      120.100
   165:        0.200        0.700        0.800     8066.100        0.200
   170:        0.700        0.800      954.100        0.200        0.700
   175:        1.100        0.800     5338.100        0.200        0.700
   180:        3.100       58.100        0.800      768.600        0.500
   185:        8.600        0.500     8736.100        0.200        0.700
   190:        2.100        1.100        0.800     3622.600        0.500
   195:     3248.100        0.200        0.700        0.100       13.100
   200:        4.100       10.100        0.800     2298.100        0.200
   205:        0.700        0.800     3727.100        0.200        0.700
   210:       91.100        0.800       38.100        0.200        0.700
   215:        5.100        6.100        0.800      162.100        0.200
   220:        0.700        0.800      237.100        0.200        0.700
   225:       76.100        0.800     2001.100        0.200        0.700
   230:        0.800      792.100        0.200        0.700        0.800
   235:     3605.100        0.200        0.700        0.800      987.100
   240:        0.200        0.700        0.800      122.100        0.200
   245:        0.700        8.100        0.800      112.100        0.200
   250:        0.700        0.800      191.100        0.200        0.700
   255:        0.800      122.300
G:
     0:       30.180       91.790       91.920       92.020       92.150
     5:      250.730      301.160      545.020      580.610      600.800
    10:      601.130      700.260      701.190      806.540     1046.520
    15:     1102.290     1106.620     1109.820     1152.430     1347.440
    20:     1633.910     1635.620     1656.370     1657.640     1711.710
    25:     2053.360     2054.470     2055.500     2206.980     2207.850
    30:     2225.510     2246.190     2246.730     2471.380     2471.740
    35:     2472.140     2852.720     2888.940     2889.220     2932.940
    40:     2945.960     2950.920     3235.610     3695.190     3696.480
    45:     4258.370     4258.460     5043.450     5111.940     5112.590
    50:     5114.570     5115.360     5753.180     5757.130     5934.150
    55:     6235.510     6258.820     7065.440     7160.850     7160.910
    60:     7694.710     7695.010     7700.810     8652.080     8652.220
    65:     8652.380     9339.310     9339.350     9340.610     9341.080
    70:     9342.040     9571.840     9944.530     9953.650     9957.390
    75:     9957.940     9958.520     9974.730     9998.460    10006.060
    80:    10206.180    10285.320    10645.870    10744.550    10756.730
    85:    10757.540    10768.700    10787.850
H:
     0:      246.800      322.770     6243.060     6246.800     7777.660
     5:     7778.470     9014.510
M:
     0:       30.180       91.790      250.730      301.160      545.020
     5:      580.610      600.800      700.260      806.540     1046.520
    10:     1102.290     1152.430     1347.440     1633.910     1656.370
    15:     1711.710     2053.360     2206.980     2225.510     2246.190
    20:     2471.380     2852.720     2888.940     2932.940     2945.960
    25:     3235.610     3695.190     4258.370     5043.450     5111.940
    30:     5753.180     5934.150     6235.510     6258.820     7065.440
    35:     7160.850     7694.710     8652.080     9339.310     9571.840
    40:     9944.530     9957.390     9974.730     9998.460    10206.180
    45:    10285.320    10645.870    10744.550    10756.730    10768.700
    50:    10787.850
N:
     0:      246.800      322.770     6246.800     7777.660     7778.470
     5:     9014.510
O:
     0:       91.920       92.020       92.150      601.130      701.190
     5:     1106.620     1109.820     1635.620     1657.640     2054.470
    10:     2055.500     2207.850     2246.730     2471.740     2472.140
    15:     2889.220     2950.920     3696.480     4258.460     5112.590
    20:     5114.570     5115.360     5757.130     7160.910     7695.010
    25:     7700.810     8652.220     8652.380     9339.350     9340.610
    30:     9341.080     9342.040     9953.650     9957.940     9958.520
    35:    10006.060    10757.540
P:
     0:     6243.060
Q:
     0:   215357.000   218916.000   111519.000    48762.000       51.000
     5:        6.000       37.000        1.000
\Box1_Comments:



Start Date: 01/19/22
End Date: 01/19/22
Subject: 17
Experiment: heroinSA
Group: heroin
Box: 2
Start Time: 11:36:21
End Time: 14:55:15
MSN: FR_SCRIPT
D:       0.845
E:       0.155
F:      30.000
I:     211.000
J:       0.000
K:   10800.010
L:       0.000
R:       0.000
S:       0.000
T:    4256.000
U:       0.000
V:       0.000
W:       0.000
X:       0.000
Y:       0.000
Z:       0.000
A:
     0:        1.000        3.000      500.000     1000.000      180.000
     5:        1.000        1.000        2.000        1.000        0.000
    10:      289.000        0.000
B:
     0:      103.000       87.000       16.000        0.000        0.000
     5:        0.000        0.000
C:
     0:        0.500      361.100        0.200        0.700        5.100
     5:        5.100        1.100       15.100       30.100        0.800
    10:       95.100        0.200        0.700       96.100        0.800
    15:      413.100        0.200        0.700       11.100        5.100
    20:        0.800     4013.100        0.200        0.700        3.100
    25:        3.100        5.100       15.100        3.100        0.800
    30:     1801.100        0.200        0.700        6.100       92.100
    35:        1.100        0.800     3292.100        0.200        0.700
    40:        5.100       31.100       12.100        6.100        0.800
    45:      215.100        0.200        0.700        7.100        2.100
    50:        2.100        1.100        0.800      663.100        0.200
    55:        0.700        4.100        7.100        0.800     2096.600
    60:        0.500       31.600        0.500       55.600        0.500
    65:      103.100        0.200        0.700        3.100        0.800
    70:      111.100        0.200        0.700        0.800     5531.100
    75:        0.200        0.700        1.100        0.800      602.600
    80:        0.500      736.100        0.200        0.700        0.800
    85:      393.100        0.200        0.700       35.100        7.100
    90:        0.800     7509.100        0.200        0.700        3.100
    95:        0.800     1130.100        0.200        0.700       46.100
   100:        0.800     4356.600        0.500       70.100        0.200
   105:        0.700        0.800      708.600        0.500     6573.600
   110:        0.500       10.600        0.500        7.600        0.500
   115:     1975.600        0.500      587.100        0.200        0.700
   120:        1.100        0.800      123.100        0.200        0.700
   125:        3.100        0.800      114.100        0.200        0.700
   130:       55.100        0.800    12088.600        0.500        6.600
   135:        0.500      775.100        0.200        0.700        0.800
   140:      148.100        0.200        0.700        2.100        6.100
   145:        2.100        0.800     6377.100        0.200        0.700
   150:        6.100        0.800     1041.100        0.200        0.700
   155:        5.100       13.100        6.100        0.800     6627.100
   160:        0.200        0.700       12.100       57.600        0.500
   165:        3.600        0.500       18.600        0.500        0.800
   170:       69.100        0.200        0.700        4.100        0.800
   175:     9933.100        0.200        0.700        2.100        3.100
   180:        4.100        2.100        6.100        8.100        6.100
   185:        6.100        9.100        6.100        1.100        0.800
   190:      543.100        0.200        0.700        2.100        0.800
   195:      109.100        0.200        0.700       19.600        0.500
   200:        0.800    16050.100        0.200        0.700        3.100
   205:        0.800     5567.100        0.200        0.700        0.800
   210:     4256.300
G:
     0:       36.140       36.590       37.110       37.210       38.760
     5:       41.730       51.260       60.830      102.110      103.220
    10:      103.770      505.000      505.330      505.620      506.140
    15:      507.600      507.890      688.060      688.670      697.830
    20:      697.960     1027.180     1027.670     1030.710     1031.970
    25:     1032.490     1054.000     1054.740     1054.930     1055.160
    30:     1055.260     1121.570     1121.950     1122.670     1351.120
    35:     1351.400     1362.530     1915.640     1915.730     2049.520
    40:     2088.870     2092.310     2093.080     2843.920     2844.240
    45:     2957.210     2961.840     3404.410     4390.470     4390.520
    50:     4402.870     4403.180     4414.510     4420.000     5706.970
    55:     5721.740     5721.910     5722.570     5722.720     6360.460
    60:     6360.990     6465.130     6465.660     6466.930     6467.500
    65:     7130.260     7131.430     7146.180     7146.530     8139.880
    70:     8140.050     8140.320     8140.730     8140.920     8141.540
    75:     8142.310     8142.950     8143.520     8144.410     8145.050
    80:     8145.170     8199.420     8199.590     8210.540     9817.400
    85:     9817.740    10374.460
H:
     0:     1332.260     1335.370     1340.810     1975.950     3397.450
     5:     3475.200     4132.570     4133.520     4134.210     4331.760
    10:     5628.820     5629.400     7137.090     7137.440     7139.220
    15:     8212.460
M:
     0:       36.140       51.260      102.110      505.000      688.060
     5:     1027.180     1054.000     1121.570     1351.120     1362.530
    10:     1915.640     2049.520     2088.870     2843.920     2957.210
    15:     3404.410     4390.470     4402.870     4414.510     5706.970
    20:     5721.740     6360.460     6465.130     7130.260     7146.180
    25:     8139.880     8199.420     8210.540     9817.400    10374.460
N:
     0:     1332.260     1335.370     1340.810     1975.950     3397.450
     5:     3475.200     4132.570     4133.520     4134.210     4331.760
    10:     5628.820     5629.400
O:
     0:       36.590       37.110       37.210       38.760       41.730
     5:       60.830      103.220      103.770      505.330      505.620
    10:      506.140      507.600      507.890      688.670      697.830
    15:      697.960     1027.670     1030.710     1031.970     1032.490
    20:     1054.740     1054.930     1055.160     1055.260     1121.950
    25:     1122.670     1351.400     1915.730     2092.310     2093.080
    30:     2844.240     2961.840     4390.520     4403.180     4420.000
    35:     5721.910     5722.570     5722.720     6360.990     6465.660
    40:     6466.930     6467.500     7131.430     7146.530     8140.050
    45:     8140.320     8140.730     8140.920     8141.540     8142.310
    50:     8142.950     8143.520     8144.410     8145.050     8145.170
    55:     8199.590     9817.740
P:
     0:     7137.090     7137.440     7139.220     8212.460
Q:
     0:   140418.000   203823.000   164768.000    88899.000       30.000
     5:       12.000       57.000        4.000
\Box2_Comments:



Start Date: 01/19/22
End Date: 01/19/22
Subject: 18
Experiment: heroinSA
Group: heroin
Box: 3
Start Time: 11:36:21
End Time: 14:55:15
MSN: FR_SCRIPT
D:       0.833
E:       0.167
F:      28.000
I:     170.000
J:       0.000
K:   10800.010
L:       1.000
R:       0.000
S:       0.000
T:    9892.000
U:       0.000
V:       0.000
W:       0.000
X:       0.000
Y:       0.000
Z:       0.000
A:
     0:        2.000        3.000      500.000     1000.000      180.000
     5:        1.000        1.000        2.000        1.000        0.000
    10:      234.000        0.000
B:
     0:       72.000       60.000       12.000        0.000        0.000
     5:        0.000        0.000
C:
     0:        0.500      114.100        0.200        0.700        0.800
     5:      857.600        0.500        3.600        0.500        7.600
    10:        0.500        3.600        0.500     2058.100        0.200
    15:        0.700        0.800     3102.100        0.200        0.700
    20:       98.100        0.800       24.100        0.200        0.700
    25:       14.100       19.100        0.800      343.100        0.200
    30:        0.700       34.100        0.800     1396.100        0.200
    35:        0.700        0.800     6047.600        0.500      313.100
    40:        0.200        0.700        0.800     8136.100        0.200
    45:        0.700        0.800      562.100        0.200        0.700
    50:        7.100       28.100       34.100       30.100        0.800
    55:     5759.100        0.200        0.700       27.100       26.100
    60:        0.800     5283.600        0.500        4.600        0.500
    65:     7050.100        0.200        0.700       48.100        0.800
    70:       52.100        0.200        0.700        0.800     7202.100
    75:        0.200        0.700       14.100       22.100       15.100
    80:       12.100        0.800       63.100        0.200        0.700
    85:       26.100        0.800     9036.600        0.500      481.100
    90:        0.200        0.700       97.100        0.800      132.100
    95:        0.200        0.700       33.100        4.100       28.100
   100:        0.800      448.100        0.200        0.700        0.800
   105:     5628.100        0.200        0.700        4.100        0.800
   110:      103.100        0.200        0.700        0.800     6989.100
   115:        0.200        0.700       13.100       13.100        0.800
   120:     3674.100        0.200        0.700       17.100       58.100
   125:        0.800      336.600        0.500      168.100        0.200
   130:        0.700        7.100        0.800    10904.100        0.200
   135:        0.700        0.800     1428.100        0.200        0.700
   140:        0.800     2269.100        0.200        0.700       11.100
   145:        0.800     7056.100        0.200        0.700        6.100
   150:       10.100       61.100        0.800       23.100        0.200
   155:        0.700        9.100        0.800      114.600        0.500
   160:       15.600        0.500       11.600        0.500       83.100
   165:        0.200        0.700        7.100        0.800     9892.300
G:
     0:       11.430      304.200      614.400      624.210      626.620
     5:      628.060      629.900      664.280      667.590      807.200
    10:     1443.240     2256.870     2313.030     2313.750     2316.580
    15:     2319.900     2322.970     2898.850     2901.490     2904.120
    20:     4137.830     4142.660     4147.850     4868.060     4869.450
    25:     4871.680     4873.150     4874.340     4880.620     4883.250
    30:     5834.930     5844.630     5857.860     5861.120     5861.500
    35:     5864.320     5909.110     6471.920     6472.310     6482.590
    40:     7181.570     7182.830     7184.150     7551.510     7553.280
    45:     7559.080     7609.400     7610.160     8700.570     8843.330
    50:     9070.220     9071.310     9776.940     9777.510     9778.550
    55:     9784.650     9786.950     9787.870     9810.120     9810.870
H:
     0:       97.170       97.430       98.130       98.450     1411.900
     5:     3432.410     3432.850     5786.840     7592.660     9799.270
    10:     9800.710     9801.820
M:
     0:       11.430      304.200      614.400      626.620      664.280
     5:      807.200     1443.240     2256.870     2313.030     2898.850
    10:     4137.830     4147.850     4868.060     4880.620     5834.930
    15:     5857.860     5909.110     6471.920     6482.590     7181.570
    20:     7551.510     7609.400     8700.570     8843.330     9070.220
    25:     9776.940     9786.950     9810.120
N:
     0:       97.170       97.430       98.130       98.450     1411.900
     5:     3432.410     3432.850     5786.840     7592.660     9799.270
    10:     9800.710     9801.820
O:
     0:      624.210      628.060      629.900      667.590     2313.750
     5:     2316.580     2319.900     2322.970     2901.490     2904.120
    10:     4142.660     4869.450     4871.680     4873.150     4874.340
    15:     4883.250     5844.630     5861.120     5861.500     5864.320
    20:     6472.310     7182.830     7184.150     7553.280     7559.080
    25:     7610.160     9071.310     9777.510     9778.550     9784.650
    30:     9787.870     9810.870
P:
Q:
     0:   212854.000   216869.000    75347.000    17525.000       28.000
     5:       12.000       32.000        0.000
\Box3_Comments:



Start Date: 01/19/22
End Date: 01/19/22
Subject: 19
Experiment: heroinSA
Group: heroin
Box: 4
Start Time: 11:36:21
End Time: 14:55:15
MSN: FR_SCRIPT
D:       0.976
E:       0.024
F:      26.000
I:     123.000
J:       0.000
K:   10800.010
L:       2.000
R:       0.000
S:       0.000
T:   12014.000
U:       0.000
V:       0.000
W:       0.000
X:       0.000
Y:       0.000
Z:       0.000
A:
     0:        1.000        3.000      500.000     1000.000      180.000
     5:        1.000        1.000        2.000        1.000        0.000
    10:      242.000        0.000
B:
     0:       42.000       41.000        1.000        0.000        0.000
     5:        0.000        0.000
C:
     0:        0.500      204.100        0.200        0.700        0.800
     5:      291.100        0.200        0.700        0.800     4830.100
    10:        0.200        0.700       16.100        5.100        0.800
    15:     1445.100        0.200        0.700        0.800     2619.100
    20:        0.200        0.700       40.100       51.100        0.800
    25:     1413.100        0.200        0.700        0.800     2334.100
    30:        0.200        0.700        0.800      384.100        0.200
    35:        0.700        0.800     4515.100        0.200        0.700
    40:       34.100        0.800     1802.100        0.200        0.700
    45:       42.100       44.100        0.800     5074.100        0.200
    50:        0.700        0.800     4727.100        0.200        0.700
    55:        0.800      197.100        0.200        0.700        0.800
    60:     6499.100        0.200        0.700        0.800    13053.100
    65:        0.200        0.700        0.800     7639.100        0.200
    70:        0.700       29.100       11.100        0.800      236.600
    75:        0.500     5597.100        0.200        0.700       32.100
    80:        0.800    11251.100        0.200        0.700        0.800
    85:     3946.100        0.200        0.700        0.800      189.100
    90:        0.200        0.700        0.800      241.100        0.200
    95:        0.700        0.800      173.100        0.200        0.700
   100:        0.800     9827.100        0.200        0.700       76.100
   105:        0.800     6737.100        0.200        0.700       70.100
   110:        0.800       34.100        0.200        0.700       35.100
   115:        0.800      162.100        0.200        0.700       43.100
   120:       39.100        0.800    12014.300
G:
     0:       20.410       49.560      532.560      534.180      534.680
     5:      679.180      940.990      945.030      950.110     1091.420
    10:     1324.840     1363.210     1814.730     1818.110     1998.350
    15:     2002.490     2006.920     2514.370     2987.050     3006.760
    20:     3656.660     4961.890     5725.820     5728.780     5729.850
    25:     6313.130     6316.380     7441.420     7836.030     7854.940
    30:     7879.060     7896.290     8879.070     8886.650     9560.330
    35:     9567.380     9570.720     9574.210     9590.420     9594.750
    40:     9598.610
H:
     0:     5753.420
M:
     0:       20.410       49.560      532.560      679.180      940.990
     5:     1091.420     1324.840     1363.210     1814.730     1998.350
    10:     2514.370     2987.050     3006.760     3656.660     4961.890
    15:     5725.820     6313.130     7441.420     7836.030     7854.940
    20:     7879.060     7896.290     8879.070     9560.330     9570.720
    25:     9590.420
N:
     0:     5753.420
O:
     0:      534.180      534.680      945.030      950.110     1818.110
     5:     2002.490     2006.920     5728.780     5729.850     6316.380
    10:     8886.650     9567.380     9574.210     9594.750     9598.610
P:
Q:
     0:   206146.000   198759.000    77281.000    30308.000       26.000
     5:        1.000       15.000        0.000
\Box4_Comments:



Start Date: 01/19/22
End Date: 01/19/22
Subject: 20
Experiment: heroinSA
Group: heroin
Box: 5
Start Time: 11:36:21
End Time: 14:55:15
MSN: FR_SCRIPT
D:       0.964
E:       0.036
F:      32.000
I:     156.000
J:       0.000
K:   10800.010
L:       0.000
R:       0.000
S:       0.000
T:    1600.000
U:       0.000
V:       0.000
W:       1.000
X:       0.000
Y:       0.000
Z:       0.000
A:
     0:        2.000        3.000      500.000     1000.000      180.000
     5:        1.000        1.000        2.000        1.000        0.000
    10:      258.000        0.000
B:
     0:       56.000       54.000        2.000        0.000        0.000
     5:        0.000        0.000
C:
     0:        0.500      204.600        0.500      850.100        0.200
     5:        0.700        0.800      115.600        0.500     1181.100
    10:        0.200        0.700        8.100        0.800      508.100
    15:        0.200        0.700        0.800      453.100        0.200
    20:        0.700        0.800     2141.100        0.200        0.700
    25:        0.800      838.100        0.200        0.700        0.800
    30:     8823.100        0.200        0.700       17.100        0.800
    35:     1699.100        0.200        0.700        0.800      592.100
    40:        0.200        0.700       32.100        0.800      257.100
    45:        0.200        0.700        0.800     1052.100        0.200
    50:        0.700        0.800    12066.100        0.200        0.700
    55:       31.100       12.100        8.100        0.800      102.100
    60:        0.200        0.700       69.100        0.800     7325.100
    65:        0.200        0.700        0.800      194.100        0.200
    70:        0.700       43.100        0.800     5745.100        0.200
    75:        0.700        0.800     5250.100        0.200        0.700
    80:        0.800     5427.100        0.200        0.700       13.100
    85:       13.100        0.800     4120.100        0.200        0.700
    90:       16.100        6.100        0.800     3369.100        0.200
    95:        0.700        1.100        3.100        0.800     2790.100
   100:        0.200        0.700        0.800     4572.100        0.200
   105:        0.700       14.100        6.100       44.100        0.800
   110:      173.100        0.200        0.700        0.800     5811.100
   115:        0.200        0.700        8.100        0.800     9514.100
   120:        0.200        0.700        7.100        0.800     2483.100
   125:        0.200        0.700       45.100        0.800      101.100
   130:        0.200        0.700        0.800      123.100        0.200
   135:        0.700       22.100        0.800    11676.100        0.200
   140:        0.700        0.800      536.100        0.200        0.700
   145:       11.100        0.800     3511.100        0.200        0.700
   150:        0.800     2370.100        0.200        0.700        0.800
   155:     1600.300
G:
     0:      105.390      235.000      235.790      286.670      331.960
     5:      546.000      629.790     1512.140     1513.800     1683.750
    10:     1742.920     1746.170     1771.790     1877.060     3083.590
    15:     3086.720     3087.900     3088.750     3098.940     3105.860
    20:     3838.320     3857.780     3862.010     4436.550     4961.490
    25:     5504.210     5505.540     5506.870     5918.820     5920.400
    30:     5921.060     6257.950     6258.030     6258.320     6537.350
    35:     6994.530     6995.950     6996.560     7000.900     7018.200
    40:     7599.320     7600.150     8551.570     8552.190     8800.580
    45:     8805.040     8815.090     8827.470     8829.640     9997.190
    50:    10050.850    10051.970    10403.030    10640.010
H:
     0:       20.440      116.970
M:
     0:      105.390      235.000      286.670      331.960      546.000
     5:      629.790     1512.140     1683.750     1742.920     1771.790
    10:     1877.060     3083.590     3098.940     3838.320     3857.780
    15:     4436.550     4961.490     5504.210     5918.820     6257.950
    20:     6537.350     6994.530     7018.200     7599.320     8551.570
    25:     8800.580     8815.090     8827.470     9997.190    10050.850
    30:    10403.030    10640.010
N:
     0:       20.440      116.970
O:
     0:      235.790     1513.800     1746.170     3086.720     3087.900
     5:     3088.750     3105.860     3862.010     5505.540     5506.870
    10:     5920.400     5921.060     6258.030     6258.320     6995.950
    15:     6996.560     7000.900     7600.150     8552.190     8805.040
    20:     8829.640    10051.970
P:
Q:
     0:   209617.000   185260.000   366696.000    34210.000       32.000
     5:        2.000       22.000        0.000
\Box5_Comments:



Start Date: 01/19/22
End Date: 01/19/22
Subject: 21
Experiment: heroinSA
Group: heroin
Box: 6
Start Time: 11:36:21
End Time: 14:55:15
MSN: FR_SCRIPT
D:       0.944
E:       0.056
F:      61.000
I:     279.000
J:       0.000
K:   10800.010
L:       0.000
R:       0.000
S:       0.000
T:     952.000
U:       0.000
V:       0.000
W:       0.000
X:       0.000
Y:       0.000
Z:       0.000
A:
     0:        1.000        3.000      500.000     1000.000      180.000
     5:        1.000        1.000        2.000        1.000        0.000
    10:      261.000        0.000
B:
     0:       89.000       84.000        5.000        0.000        0.000
     5:        0.000        0.000
C:
     0:        0.500      183.100        0.200        0.700        9.100
     5:        0.800     1983.600        0.500       18.600        0.500
    10:      477.600        0.500      619.100        0.200        0.700
    15:       39.100        9.100        4.100        0.800      480.600
    20:        0.500      193.100        0.200        0.700        0.800
    25:     2146.100        0.200        0.700        0.800      202.100
    30:        0.200        0.700        0.800      176.100        0.200
    35:        0.700        6.100        0.800      118.100        0.200
    40:        0.700        6.100        0.800     3060.100        0.200
    45:        0.700        0.800      245.100        0.200        0.700
    50:        0.800      518.100        0.200        0.700        0.800
    55:     2506.100        0.200        0.700        0.800     4401.100
    60:        0.200        0.700        0.800      169.100        0.200
    65:        0.700       70.100        0.800      108.100        0.200
    70:        0.700        0.800     2771.100        0.200        0.700
    75:        0.800      491.100        0.200        0.700        8.100
    80:        0.800      304.100        0.200        0.700        0.800
    85:      286.100        0.200        0.700        0.800      460.100
    90:        0.200        0.700       40.100        4.100        0.800
    95:      229.100        0.200        0.700       14.100       73.100
   100:        0.800      392.100        0.200        0.700       98.100
   105:        0.800      368.100        0.200        0.700       33.100
   110:       10.100       26.100        0.800    11001.100        0.200
   115:        0.700        0.800      141.100        0.200        0.700
   120:        0.800      155.100        0.200        0.700        0.800
   125:     2447.100        0.200        0.700       49.100        0.800
   130:     5816.100        0.200        0.700        0.800      252.100
   135:        0.200        0.700       40.100        0.800     1973.100
   140:        0.200        0.700        0.800     2867.100        0.200
   145:        0.700        0.800      161.100        0.200        0.700
   150:        0.800     1421.100        0.200        0.700        0.800
   155:      306.100        0.200        0.700        0.800      189.100
   160:        0.200        0.700        0.800      361.100        0.200
   165:        0.700       19.100        0.800      335.100        0.200
   170:        0.700        0.800      331.100        0.200        0.700
   175:        0.800     3344.100        0.200        0.700        0.800
   180:     7470.100        0.200        0.700        7.100        0.800
   185:      116.100        0.200        0.700        0.800      188.100
   190:        0.200        0.700       70.100        0.800       67.100
   195:        0.200        0.700        0.800      128.100        0.200
   200:        0.700        0.800      379.100        0.200        0.700
   205:        0.800      179.100        0.200        0.700       78.100
   210:        0.800    11529.100        0.200        0.700        0.800
   215:      700.100        0.200        0.700        0.800     3617.100
   220:        0.200        0.700        0.800      538.100        0.200
   225:        0.700        0.800      544.100        0.200        0.700
   230:        0.800      639.100        0.200        0.700        0.800
   235:     9037.100        0.200        0.700        0.800     2188.100
   240:        0.200        0.700        0.800     5296.100        0.200
   245:        0.700       87.600        0.500        0.800      346.100
   250:        0.200        0.700        0.800      557.100        0.200
   255:        0.700        0.800      206.100        0.200        0.700
   260:        0.800     2309.100        0.200        0.700       30.100
   265:        0.800      647.100        0.200        0.700        0.800
   270:     3729.100        0.200        0.700        0.800     1807.100
   275:        0.200        0.700        0.800      952.300
G:
     0:       18.350       19.200      328.900      332.880      333.740
     5:      334.160      401.470      616.010      636.250      653.860
    10:      654.410      666.190      666.880      972.800      997.340
    15:     1049.140     1299.750     1739.800     1756.700     1763.700
    20:     1774.540     2051.640     2100.700     2101.570     2131.960
    25:     2160.570     2206.510     2210.550     2210.960     2233.810
    30:     2235.210     2242.510     2281.710     2291.540     2328.340
    35:     2331.630     2332.600     2335.240     3435.360     3449.450
    40:     3464.950     3709.590     3714.530     4296.180     4321.360
    45:     4325.380     4522.600     4809.310     4825.470     4967.540
    50:     4998.120     5017.080     5053.100     5055.000     5088.560
    55:     5121.640     5456.040     6203.040     6203.780     6215.300
    60:     6234.170     6241.130     6247.860     6260.640     6298.510
    65:     6316.390     6324.200     7477.110     7547.120     7908.870
    70:     7962.680     8016.990     8080.960     8984.600     9203.410
    75:     9733.060     9776.300     9832.040     9852.650    10083.580
    80:    10086.490    10151.200    10524.140    10704.870
H:
     0:      217.490      219.350      267.070      382.130     9741.690
M:
     0:       18.350      328.900      401.470      616.010      636.250
     5:      653.860      666.190      972.800      997.340     1049.140
    10:     1299.750     1739.800     1756.700     1774.540     2051.640
    15:     2100.700     2131.960     2160.570     2206.510     2233.810
    20:     2281.710     2328.340     3435.360     3449.450     3464.950
    25:     3709.590     4296.180     4321.360     4522.600     4809.310
    30:     4825.470     4967.540     4998.120     5017.080     5053.100
    35:     5088.560     5121.640     5456.040     6203.040     6215.300
    40:     6234.170     6247.860     6260.640     6298.510     6316.390
    45:     7477.110     7547.120     7908.870     7962.680     8016.990
    50:     8080.960     8984.600     9203.410     9733.060     9776.300
    55:     9832.040     9852.650    10083.580    10151.200    10524.140
    60:    10704.870
N:
     0:      217.490      219.350      267.070      382.130
O:
     0:       19.200      332.880      333.740      334.160      654.410
     5:      666.880     1763.700     2101.570     2210.550     2210.960
    10:     2235.210     2242.510     2291.540     2331.630     2332.600
    15:     2335.240     3714.530     4325.380     5055.000     6203.780
    20:     6241.130     6324.200    10086.490
P:
     0:     9741.690
Q:
     0:   366731.000   244782.000    17011.000     5280.000       61.000
     5:        4.000       23.000        1.000
\Box6_Comments:



Start Date: 01/19/22
End Date: 01/19/22
Subject: 22
Experiment: heroinSA
Group: heroin
Box: 7
Start Time: 11:36:21
End Time: 14:55:15
MSN: FR_SCRIPT_box7
D:       0.933
E:       0.067
F:      33.000
I:     165.000
J:       0.000
K:   10800.010
L:       5.000
R:       0.000
S:       0.000
T:    2311.000
U:       0.000
V:       0.000
W:       0.000
X:       0.000
Y:       1.000
Z:       0.000
A:
     0:        2.000        3.000      500.000     1000.000      180.000
     5:        1.000        1.000        2.000        1.000        0.000
    10:      260.000        0.000
B:
     0:       60.000       56.000        4.000        0.000        0.000
     5:        0.000        0.000
C:
     0:        0.500      127.600        0.500      174.100        0.200
     5:        0.700       23.100        0.800     1756.100        0.200
    10:        0.700        6.100       75.100        0.800     3393.100
    15:        0.200        0.700        0.800     1608.100        0.200
    20:        0.700        0.800      604.100        0.200        0.700
    25:        0.800     5070.100        0.200        0.700       25.100
    30:        0.800      846.100        0.200        0.700        4.100
    35:       43.600        0.500        0.800     3547.100        0.200
    40:        0.700       21.100        0.800     3999.100        0.200
    45:        0.700        0.800      169.100        0.200        0.700
    50:        6.100        0.800     2216.100        0.200        0.700
    55:        0.800      118.100        0.200        0.700        0.800
    60:     8758.100        0.200        0.700       81.100        0.800
    65:     3959.100        0.200        0.700       32.100        0.800
    70:     5436.100        0.200        0.700        0.800     4249.100
    75:        0.200        0.700       23.100        0.800     3177.100
    80:        0.200        0.700        0.800     4715.100        0.200
    85:        0.700        0.800      493.100        0.200        0.700
    90:       28.100        0.800     5646.100        0.200        0.700
    95:        3.100        0.800      194.100        0.200        0.700
   100:        0.800     8843.100        0.200        0.700       99.100
   105:        0.800      212.100        0.200        0.700        0.800
   110:     5898.100        0.200        0.700       29.100        0.800
   115:     5684.100        0.200        0.700       92.100        0.800
   120:       48.100        0.200        0.700        0.800      242.600
   125:        0.500        4.600        0.500     6900.100        0.200
   130:        0.700        0.800      229.100        0.200        0.700
   135:        0.800     5764.100        0.200        0.700       19.100
   140:        2.100        6.100        0.800      359.100        0.200
   145:        0.700        0.800     6514.100        0.200        0.700
   150:        0.800     3786.100        0.200        0.700        0.800
   155:      244.100        0.200        0.700       28.100        4.100
   160:       14.100       15.100       30.100        0.800     2311.300
G:
     0:       30.180       32.480      208.000      208.600      216.170
     5:      555.480      716.230      776.680     1283.630     1286.150
    10:     1370.740     1371.120     1730.130     1732.210     2132.170
    15:     2148.990     2149.590     2371.270     2383.030     3258.880
    20:     3266.930     3662.810     3666.000     4209.640     4634.550
    25:     4636.810     4954.530     5425.990     5475.340     5478.120
    30:     6042.720     6043.070     6062.440     6946.740     6956.620
    35:     6977.840     7567.650     7570.500     8138.920     8148.100
    40:     8152.930     8867.510     8890.400     9466.790     9468.730
    45:     9468.930     9469.510     9505.390    10156.870    10535.390
    50:    10559.850    10562.670    10563.050    10564.430    10565.900
    55:    10568.910
H:
     0:       12.750     1375.430     8177.110     8177.550
M:
     0:       30.180      208.000      555.480      716.230      776.680
     5:     1283.630     1370.740     1730.130     2132.170     2148.990
    10:     2371.270     2383.030     3258.880     3662.810     4209.640
    15:     4634.550     4954.530     5425.990     5475.340     6042.720
    20:     6062.440     6946.740     6977.840     7567.650     8138.920
    25:     8152.930     8867.510     8890.400     9466.790     9505.390
    30:    10156.870    10535.390    10559.850
N:
     0:       12.750     8177.110     8177.550
O:
     0:       32.480      208.600      216.170     1286.150     1371.120
     5:     1732.210     2149.590     3266.930     3666.000     4636.810
    10:     5478.120     6043.070     6956.620     7570.500     8148.100
    15:     9468.730     9468.930     9469.510    10562.670    10563.050
    20:    10564.430    10565.900    10568.910
P:
     0:     1375.430
Q:
     0:   202565.000   257734.000    98357.000    33227.000       33.000
     5:        3.000       23.000        1.000
\Box7_Comments:



Start Date: 01/19/22
End Date: 01/19/22
Subject: 23
Experiment: heroinSA
Group: saline
Box: 8
Start Time: 11:36:21
End Time: 14:55:15
MSN: FR_SCRIPT
D:       0.841
E:       0.159
F:      27.000
I:     156.000
J:       0.000
K:   10800.010
L:       3.000
R:       0.000
S:       0.000
T:     470.000
U:       0.000
V:       1.000
W:       0.000
X:       0.000
Y:       0.000
Z:       0.000
A:
     0:        1.000        3.000      500.000     1000.000      180.000
     5:        1.000        1.000        2.000        1.000        0.000
    10:      260.000        0.000
B:
     0:       63.000       53.000       10.000        0.000        0.000
     5:        0.000        0.000
C:
     0:        0.500      420.100        0.200        0.700        0.800
     5:      475.100        0.200        0.700       24.100        0.800
    10:     1481.100        0.200        0.700        1.100       80.100
    15:        0.800     2944.100        0.200        0.700        0.800
    20:      179.100        0.200        0.700        0.800      130.100
    25:        0.200        0.700       56.100        0.800       78.100
    30:        0.200        0.700       10.100       14.100       49.100
    35:        0.800      182.100        0.200        0.700        0.800
    40:      768.600        0.500       21.600        0.500       24.100
    45:        0.200        0.700        0.800      155.100        0.200
    50:        0.700        2.100        1.100       18.100        5.100
    55:        4.100       24.100        0.800       78.100        0.200
    60:        0.700       18.100        0.800      508.100        0.200
    65:        0.700        0.800      655.100        0.200        0.700
    70:        0.800      102.600        0.500      449.100        0.200
    75:        0.700        0.800     4224.100        0.200        0.700
    80:        2.100        0.800    10128.100        0.200        0.700
    85:       17.100       13.100        0.800       86.100        0.200
    90:        0.700        7.100        0.800     9592.600        0.500
    95:      258.600        0.500       17.600        0.500       35.600
   100:        0.500       46.600        0.500       17.600        0.500
   105:     2448.100        0.200        0.700        7.100        0.800
   110:    14968.100        0.200        0.700        2.100        0.800
   115:     1750.100        0.200        0.700        5.100       57.100
   120:        0.800      113.100        0.200        0.700       46.100
   125:        0.800    23081.100        0.200        0.700        0.800
   130:    11193.600        0.500      509.100        0.200        0.700
   135:        0.800    16218.100        0.200        0.700        0.800
   140:      539.100        0.200        0.700        0.800     2950.100
   145:        0.200        0.700        0.800      156.100        0.200
   150:        0.700       25.100       30.100       36.100        0.800
   155:      470.300
G:
     0:       42.030       89.500       91.950      240.060      240.130
     5:      248.120      542.580      560.450      573.410      579.010
    10:      586.860      587.860      589.280      594.140      612.310
    15:      693.630      709.160      709.310      709.440      711.270
    20:      711.720      712.160      714.580      722.380      724.160
    25:      774.980      840.460      895.530     1317.920     1318.170
    30:     2330.950     2332.670     2333.930     2342.500     2343.210
    35:     3584.550     3585.270     5082.010     5082.250     5257.230
    40:     5257.720     5263.480     5274.770     5279.310     7587.440
    45:     8757.590    10379.420    10433.290    10728.340    10743.890
    50:    10746.470    10749.390    10753.010
H:
     0:      689.120      691.270      850.600     3302.390     3328.250
     5:     3329.920     3333.390     3338.070     3339.760     8706.720
M:
     0:       42.030       89.500      240.060      542.580      560.450
     5:      573.410      586.860      612.310      693.630      709.160
    10:      722.380      774.980      840.460      895.530     1317.920
    15:     2330.950     2342.500     3584.550     5082.010     5257.230
    20:     5274.770     7587.440     8757.590    10379.420    10433.290
    25:    10728.340    10743.890
N:
     0:      689.120      691.270      850.600     3302.390     3328.250
     5:     3329.920     3333.390     3338.070     3339.760     8706.720
O:
     0:       91.950      240.130      248.120      579.010      587.860
     5:      589.280      594.140      709.310      709.440      711.270
    10:      711.720      712.160      714.580      724.160     1318.170
    15:     2332.670     2333.930     2343.210     3585.270     5082.250
    20:     5257.720     5263.480     5279.310    10746.470    10749.390
    25:    10753.010
P:
Q:
     0:   290270.000   100915.000    47475.000    33808.000       27.000
     5:       10.000       26.000        0.000
\Box8_Comments:



Start Date: 01/19/22
End Date: 01/19/22
Subject: 24
Experiment: heroinSA
Group: saline
Box: 9
Start Time: 11:36:21
End Time: 14:55:15
MSN: FR_SCRIPT
D:       0.668
E:       0.332
F:      50.000
I:     401.000
J:       0.000
K:   10800.010
L:       2.000
R:       0.000
S:       0.000
T:    4531.000
U:       0.000
V:       0.000
W:       0.000
X:       0.000
Y:       0.000
Z:       0.000
A:
     0:        2.000        3.000      500.000     1000.000      180.000
     5:        1.000        1.000        2.000        1.000        0.000
    10:      252.000        0.000
B:
     0:      187.000      125.000       62.000        0.000        0.000
     5:        0.000        0.000
C:
     0:        0.500      133.100        0.200        0.700        2.100
     5:        1.100        0.800     2162.600        0.500      115.100
    10:        0.200        0.700        0.800     1025.600        0.500
    15:       32.100        0.200        0.700        3.100        5.100
    20:        3.100        0.800      414.100        0.200        0.700
    25:       42.600        0.500        0.800     1465.100        0.200
    30:        0.700       20.100       25.100       16.100        6.100
    35:        0.800      139.100        0.200        0.700       22.100
    40:        2.100        2.100        0.800      294.100        0.200
    45:        0.700        7.100        0.800      140.600        0.500
    50:        2.600        0.500     2072.600        0.500     1303.100
    55:        0.200        0.700        9.100        4.100        2.100
    60:        7.100        0.800      126.100        0.200        0.700
    65:        3.100       70.100        0.800       97.600        0.500
    70:        3.600        0.500      547.100        0.200        0.700
    75:        9.100        4.100        0.800      228.600        0.500
    80:      152.100        0.200        0.700       72.100        0.800
    85:       71.600        0.500      430.100        0.200        0.700
    90:        0.800      673.100        0.200        0.700       11.100
    95:        0.800     1571.100        0.200        0.700        3.100
   100:        8.100        0.800     5774.600        0.500       25.600
   105:        0.500      117.100        0.200        0.700        9.100
   110:       14.100       11.100        0.800      289.100        0.200
   115:        0.700       97.100        0.800       22.100        0.200
   120:        0.700       15.100       11.100       26.100       19.100
   125:       13.100        4.100        0.800       23.100        0.200
   130:        0.700       19.100       47.100       19.100        5.100
   135:        0.800       53.100        0.200        0.700        0.800
   140:     2970.600        0.500     2354.100        0.200        0.700
   145:        0.800     2562.100        0.200        0.700        0.800
   150:      500.100        0.200        0.700        3.100        5.100
   155:        0.800     1021.100        0.200        0.700        4.100
   160:       34.100       33.100        0.800    11110.100        0.200
   165:        0.700        0.800      178.100        0.200        0.700
   170:       18.100        0.800      522.600        0.500     5629.100
   175:        0.200        0.700        4.100       16.100       23.100
   180:        0.800      743.100        0.200        0.700        0.800
   185:      821.600        0.500       22.600        0.500       15.600
   190:        0.500      382.100        0.200        0.700       49.100
   195:        0.800      225.600        0.500        3.600        0.500
   200:      349.100        0.200        0.700       94.100        0.800
   205:     6332.100        0.200        0.700        0.800      123.600
   210:        0.500     4358.100        0.200        0.700        0.800
   215:      674.100        0.200        0.700       35.100       10.100
   220:        0.800      403.100        0.200        0.700        9.100
   225:       12.100        0.800      119.100        0.200        0.700
   230:       81.600        0.500        0.800      519.100        0.200
   235:        0.700        0.800      221.600        0.500      295.100
   240:        0.200        0.700       12.100        0.800    12635.600
   245:        0.500        2.600        0.500      381.100        0.200
   250:        0.700        0.800      783.100        0.200        0.700
   255:        0.800      656.600        0.500       92.600        0.500
   260:        5.600        0.500        7.600        0.500       31.600
   265:        0.500       14.600        0.500        7.600        0.500
   270:        4.600        0.500       14.600        0.500        7.600
   275:        0.500      253.600        0.500        1.600        0.500
   280:       10.600        0.500      211.600        0.500        3.600
   285:        0.500      346.100        0.200        0.700        0.800
   290:      152.100        0.200        0.700       58.100       15.100
   295:        0.800       37.100        0.200        0.700       28.100
   300:        7.100       17.100        0.800      297.600        0.500
   305:       22.600        0.500     2804.600        0.500      579.100
   310:        0.200        0.700        0.800      128.100        0.200
   315:        0.700       82.100        0.800       66.600        0.500
   320:        6.600        0.500      166.600        0.500        8.600
   325:        0.500        1.600        0.500        5.600        0.500
   330:        1.600        0.500       84.100        0.200        0.700
   335:       12.100       18.600        0.500       24.600        0.500
   340:       37.600        0.500        0.800       45.100        0.200
   345:        0.700        5.100        7.100        6.100       32.600
   350:        0.500        0.800      252.100        0.200        0.700
   355:       40.100       47.100        6.100        3.100        0.800
   360:       10.100        0.200        0.700        8.100        2.100
   365:       22.100        0.800    15986.600        0.500      117.600
   370:        0.500       88.100        0.200        0.700       26.100
   375:        0.800      395.100        0.200        0.700        0.800
   380:     2392.600        0.500      638.100        0.200        0.700
   385:       11.100        4.100        0.800      132.600        0.500
   390:        6.600        0.500        5.600        0.500        8.600
   395:        0.500        2.600        0.500        2.600        0.500
   400:     4531.300
G:
     0:       13.360       13.490       13.660      241.340      347.000
     5:      347.310      347.830      348.140      389.490      540.220
    10:      542.220      544.690      546.310      546.970      560.820
    15:      563.000      563.220      563.480      592.790      593.510
    20:      945.240      946.110      946.520      946.730      947.440
    25:      960.070      960.310      967.330     1032.080     1032.890
    30:     1033.370     1071.310     1078.520     1128.610     1195.910
    35:     1197.060     1354.100     1354.420     1355.220     1946.860
    40:     1947.780     1949.120     1950.210     1979.140     1988.860
    45:     1991.000     1992.520     1993.640     1996.280     1998.150
    50:     1999.440     1999.830     2002.090     2004.080     2008.730
    55:     2010.680     2011.110     2016.440     2548.870     2805.030
    60:     2855.020     2855.320     2855.840     2957.920     2958.290
    65:     2961.700     2965.080     4076.060     4093.860     4095.670
    70:     4710.720     4711.150     4712.780     4715.060     4789.360
    75:     4913.290     4918.280     4975.980     4985.340     5618.530
    80:     6066.630     6134.040     6137.540     6138.580     6178.830
    85:     6179.700     6180.970     6192.830     6252.860     6304.480
    90:     6305.650     7607.390     7685.720     7851.840     7867.040
    95:     7872.820     7874.330     7877.990     7880.820     7881.530
   100:     7883.210     8253.460     8266.240     8274.450     8308.150
   105:     8309.340     8321.770     8322.200     8322.980     8323.550
   110:     8351.970     8355.920     8360.680     8361.210     8361.580
   115:     8362.510     8363.290     8363.550     8365.710     9984.870
   120:     9987.480    10026.920    10329.930    10331.080    10331.450
H:
     0:      229.830      343.880      393.760      607.520      607.750
     5:      814.910      977.050      977.370     1056.120     1085.610
    10:     1932.670     1935.090     2313.430     4147.830     4871.470
    15:     4873.620     4875.140     4940.770     4941.030     5630.870
    20:     6200.930     6274.900     7569.090     7569.360     7751.380
    25:     7760.500     7761.080     7761.710     7764.820     7766.280
    30:     7766.960     7767.320     7768.700     7769.400     7794.700
    35:     7794.870     7795.790     7816.930     7817.230     7912.900
    40:     7915.120     8195.580     8281.020     8281.620     8298.240
    45:     8298.990     8299.160     8299.610     8299.730     8311.100
    50:     8313.570     8317.200     8326.740     9964.310     9975.990
    55:    10266.090    10344.600    10345.220    10345.770    10346.520
    60:    10346.740    10346.890
M:
     0:       13.360      241.340      347.000      389.490      540.220
     5:      560.820      592.790      945.240      960.070     1032.080
    10:     1071.310     1128.610     1195.910     1354.100     1946.860
    15:     1979.140     1991.000     2002.090     2016.440     2548.870
    20:     2805.030     2855.020     2957.920     4076.060     4093.860
    25:     4710.720     4789.360     4913.290     4975.980     5618.530
    30:     6066.630     6134.040     6178.830     6192.830     6252.860
    35:     6304.480     7607.390     7685.720     7851.840     7867.040
    40:     7877.990     8253.460     8266.240     8308.150     8321.770
    45:     8351.970     8362.510     9984.870    10026.920    10329.930
N:
     0:      229.830      343.880      607.520      607.750      814.910
     5:      977.050      977.370     1056.120     1085.610     1932.670
    10:     1935.090     2313.430     4147.830     4871.470     4873.620
    15:     4875.140     4940.770     4941.030     5630.870     6274.900
    20:     7569.090     7569.360     7751.380     7760.500     7761.080
    25:     7761.710     7764.820     7766.280     7766.960     7767.320
    30:     7768.700     7769.400     7794.700     7794.870     7795.790
    35:     7816.930     7817.230     7912.900     7915.120     8195.580
    40:     8281.020     8281.620     8298.240     8298.990     8299.160
    45:     8299.610     8299.730     9964.310     9975.990    10266.090
    50:    10344.600    10345.220    10345.770    10346.520    10346.740
    55:    10346.890
O:
     0:       13.490       13.660      347.310      347.830      348.140
     5:      542.220      544.690      546.310      546.970      563.000
    10:      563.220      563.480      593.510      946.110      946.520
    15:      946.730      947.440      960.310      967.330     1032.890
    20:     1033.370     1078.520     1197.060     1354.420     1355.220
    25:     1947.780     1949.120     1950.210     1988.860     1992.520
    30:     1993.640     1996.280     1998.150     1999.440     1999.830
    35:     2004.080     2008.730     2010.680     2011.110     2855.320
    40:     2855.840     2958.290     2961.700     2965.080     4095.670
    45:     4711.150     4712.780     4715.060     4918.280     4985.340
    50:     6137.540     6138.580     6179.700     6180.970     6305.650
    55:     7872.820     7874.330     7880.820     7881.530     7883.210
    60:     8274.450     8309.340     8322.200     8322.980     8323.550
    65:     8355.920     8360.680     8361.210     8361.580     8363.290
    70:     8363.550     8365.710     9987.480    10331.080    10331.450
P:
     0:      393.760     6200.930     8311.100     8313.570     8317.200
     5:     8326.740
Q:
     0:   263242.000   120025.000   369087.000    30420.000       50.000
     5:       56.000       75.000        6.000
\Box9_Comments:



Start Date: 01/19/22
End Date: 01/19/22
Subject: 25
Experiment: heroinSA
Group: heroin
Box: 10
Start Time: 11:36:21
End Time: 14:55:15
MSN: FR_SCRIPT
D:       0.768
E:       0.232
F:      50.000
I:     322.000
J:       0.000
K:   10800.010
L:       1.000
R:       0.000
S:       0.000
T:    2354.000
U:       0.000
V:       0.000
W:       1.000
X:       0.000
Y:       0.000
Z:       0.000
A:
     0:        1.000        3.000      500.000     1000.000      180.000
     5:        1.000        1.000        2.000        1.000        0.000
    10:      283.000        0.000
B:
     0:      138.000      106.000       32.000        0.000        0.000
     5:        0.000        0.000
C:
     0:        0.500      346.100        0.200        0.700       21.100
     5:        0.800       93.600        0.500       16.600        0.500
    10:      135.600        0.500       99.100        0.200        0.700
    15:       78.600        0.500        0.800      251.100        0.200
    20:        0.700        0.800     1461.100        0.200        0.700
    25:        8.100       58.600        0.500        0.800     1291.100
    30:        0.200        0.700        0.800      393.100        0.200
    35:        0.700        3.100       48.100        0.800      529.600
    40:        0.500      310.100        0.200        0.700        0.800
    45:      906.100        0.200        0.700       19.100        0.800
    50:      802.600        0.500      180.100        0.200        0.700
    55:       18.100        0.800     2637.100        0.200        0.700
    60:       17.100       23.100        0.800     1587.100        0.200
    65:        0.700       14.100        0.800      354.100        0.200
    70:        0.700        5.100       12.100        4.100       39.600
    75:        0.500        0.800     1587.100        0.200        0.700
    80:        0.800      321.100        0.200        0.700        7.100
    85:        0.800     3281.100        0.200        0.700        5.100
    90:        0.800     3454.100        0.200        0.700       23.100
    95:        0.800     2500.100        0.200        0.700       13.100
   100:        0.800     2326.100        0.200        0.700        0.800
   105:      108.100        0.200        0.700        0.800      263.100
   110:        0.200        0.700        8.100       10.100        0.800
   115:     6481.100        0.200        0.700       67.100       12.100
   120:        0.800      670.600        0.500       39.100        0.200
   125:        0.700       63.100        0.800     3049.600        0.500
   130:       26.600        0.500       44.100        0.200        0.700
   135:        0.800      925.100        0.200        0.700        0.800
   140:     2131.600        0.500     2325.100        0.200        0.700
   145:        7.100       17.100        0.800     4011.100        0.200
   150:        0.700       95.100        0.800       77.100        0.200
   155:        0.700       48.600        0.500        0.800       78.100
   160:        0.200        0.700       10.100        0.800     4632.100
   165:        0.200        0.700        0.800     5383.100        0.200
   170:        0.700       11.100       11.100       13.100        1.100
   175:        6.100       12.100        0.800      287.600        0.500
   180:       40.600        0.500       17.600        0.500       13.600
   185:        0.500       20.600        0.500       23.600        0.500
   190:        9.600        0.500     2446.100        0.200        0.700
   195:       44.100        8.100        0.800       84.600        0.500
   200:        7.600        0.500       26.600        0.500     2439.100
   205:        0.200        0.700        0.800     1427.100        0.200
   210:        0.700        0.800      174.600        0.500     2999.100
   215:        0.200        0.700       19.100       12.100        0.800
   220:       96.100        0.200        0.700       11.100       54.100
   225:       18.100        0.800       24.100        0.200        0.700
   230:       13.100        0.800     7109.100        0.200        0.700
   235:        0.800      263.100        0.200        0.700        0.800
   240:      101.600        0.500       66.600        0.500     4591.100
   245:        0.200        0.700        0.800     1166.100        0.200
   250:        0.700        0.800      399.600        0.500      341.100
   255:        0.200        0.700        8.100       24.600        0.500
   260:        0.800     6178.100        0.200        0.700        0.800
   265:     1758.600        0.500      155.600        0.500     1463.100
   270:        0.200        0.700       23.100        2.100        0.800
   275:      206.100        0.200        0.700       51.100        1.100
   280:       39.100        0.800       19.100        0.200        0.700
   285:       44.100       15.100        0.800     7081.100        0.200
   290:        0.700        2.100        1.100        3.100       18.100
   295:        0.800     2355.100        0.200        0.700       73.100
   300:       10.100        4.100        0.800      466.600        0.500
   305:       56.600        0.500      167.100        0.200        0.700
   310:        1.100        0.800     5032.100        0.200        0.700
   315:        0.800      119.100        0.200        0.700       19.100
   320:        0.800     2354.300
G:
     0:       34.660       36.780       71.080      103.910      250.080
     5:      250.860      385.740      425.020      425.350      430.090
    10:      513.990      604.590      606.570      704.700      706.550
    15:      970.270      971.950      974.260     1132.980     1134.350
    20:     1169.720     1170.240     1171.460     1171.870     1334.480
    25:     1366.510     1367.230     1695.360     1695.840     2041.230
    30:     2043.540     2293.570     2294.820     2527.400     2538.240
    35:     2564.540     2565.350     2566.330     3214.430     3221.170
    40:     3222.370     3293.240     3299.510     3611.410     3703.910
    45:     4149.490     4150.240     4151.920     4553.000     4562.500
    50:     4570.190     4582.810     4583.860     5047.080     5585.370
    55:     5586.390     5587.580     5588.790     5588.940     5589.560
    60:     5590.700     5876.260     5880.620     5881.420     6137.070
    65:     6279.730     6597.040     6598.930     6600.140     6609.720
    70:     6610.840     6616.190     6618.050     6620.460     6621.750
    75:     7332.620     7358.920     7834.710     7951.360     8025.330
    80:     8026.150     8646.340     8983.930     8986.230     8986.410
    85:     9006.990     9012.160     9012.270     9016.090     9018.060
    90:     9022.450     9023.910     9732.000     9732.200     9732.330
    95:     9732.620     9734.420     9969.900     9977.240     9978.190
   100:     9978.600    10047.500    10047.600    10550.790    10562.700
   105:    10564.600
H:
     0:       45.990       47.630       61.130       78.860      256.610
     5:      483.000      686.730     1175.770     3289.290     3604.470
    10:     3607.070     3917.050     4574.990     5619.470     5623.390
    15:     5625.090     5626.410     5628.400     5630.760     5631.670
    20:     5889.840     5890.520     5893.160     6297.160     7369.040
    25:     7375.610     7991.250     8028.510     8822.110     8837.600
    30:    10025.190    10030.800
M:
     0:       34.660       71.080      103.910      250.080      385.740
     5:      425.020      513.990      604.590      704.700      970.270
    10:     1132.980     1169.720     1334.480     1366.510     1695.360
    15:     2041.230     2293.570     2527.400     2538.240     2564.540
    20:     3214.430     3293.240     3611.410     3703.910     4149.490
    25:     4553.000     4570.190     4582.810     5047.080     5585.370
    30:     5876.260     6137.070     6279.730     6597.040     6609.720
    35:     6620.460     7332.620     7358.920     7834.710     7951.360
    40:     8025.330     8646.340     8983.930     9006.990     9018.060
    45:     9732.000     9969.900    10047.500    10550.790    10562.700
N:
     0:       45.990       47.630       61.130      483.000      686.730
     5:     3289.290     3604.470     3607.070     3917.050     5619.470
    10:     5623.390     5625.090     5626.410     5628.400     5630.760
    15:     5631.670     5889.840     5890.520     5893.160     6297.160
    20:     7369.040     7375.610     7991.250     8822.110     8837.600
    25:    10025.190    10030.800
O:
     0:       36.780      250.860      425.350      430.090      606.570
     5:      706.550      971.950      974.260     1134.350     1170.240
    10:     1171.460     1171.870     1367.230     1695.840     2043.540
    15:     2294.820     2565.350     2566.330     3221.170     3222.370
    20:     3299.510     4150.240     4151.920     4562.500     4583.860
    25:     5586.390     5587.580     5588.790     5588.940     5589.560
    30:     5590.700     5880.620     5881.420     6598.930     6600.140
    35:     6610.840     6616.190     6618.050     6621.750     8026.150
    40:     8986.230     8986.410     9012.160     9012.270     9016.090
    45:     9022.450     9023.910     9732.200     9732.330     9732.620
    50:     9734.420     9977.240     9978.190     9978.600    10047.600
    55:    10564.600
P:
     0:       78.860      256.610     1175.770     4574.990     8028.510
Q:
     0:   102110.000   158940.000   172816.000   135690.000       50.000
     5:       27.000       56.000        5.000
\Box10_Comments:



Start Date: 01/19/22
End Date: 01/19/22
Subject: 26
Experiment: heroinSA
Group: saline
Box: 11
Start Time: 11:36:21
End Time: 14:55:15
MSN: FR_SCRIPT_5choice
D:       0.806
E:       0.194
F:      23.000
I:     114.000
J:       0.000
K:   10800.010
L:       0.000
R:       0.000
S:       0.000
T:     659.000
U:       0.000
V:       0.000
W:       0.000
X:       0.000
Y:       0.000
Z:       0.000
A:
     0:        2.000        3.000      500.000     1000.000      180.000
     5:        1.000        1.000        2.000        2.000        0.000
    10:      236.000        0.000
B:
     0:       36.000       29.000        7.000        0.000        0.000
     5:        0.000        0.000
C:
     0:        0.500      141.100        0.200        0.700        0.800
     5:     3548.600        0.500      911.100        0.200        0.700
    10:       25.100        0.800      197.100        0.200        0.700
    15:        0.800     1266.100        0.200        0.700        0.800
    20:      315.100        0.200        0.700       22.100       41.100
    25:        0.800     1064.100        0.200        0.700        0.800
    30:      125.100        0.200        0.700        0.800      496.100
    35:        0.200        0.700        0.800      541.100        0.200
    40:        0.700        0.800      935.100        0.200        0.700
    45:       98.100        0.800      299.100        0.200        0.700
    50:        6.100        0.800      417.600        0.500      281.100
    55:        0.200        0.700        0.800      121.100        0.200
    60:        0.700        0.800      237.100        0.200        0.700
    65:        0.800      437.100        0.200        0.700        0.800
    70:     4582.100        0.200        0.700        0.800      366.100
    75:        0.200        0.700       69.100        0.800     5643.100
    80:        0.200        0.700        0.800      500.100        0.200
    85:        0.700        0.800    11787.100        0.200        0.700
    90:        0.800    31320.100        0.200        0.700        0.800
    95:     1655.600        0.500       95.600        0.500     3521.600
   100:        0.500       21.600        0.500      366.600        0.500
   105:    17049.100        0.200        0.700        0.800    18844.100
   110:        0.200        0.700        0.800      659.300
G:
     0:       14.130      460.070      462.510      482.270      608.820
     5:      640.330      642.520      646.590      753.000      765.580
    10:      815.110      869.220      962.780      972.490     1002.450
    15:     1003.030     1072.860     1084.970     1108.610     1152.320
    20:     1610.570     1647.140     1654.020     2218.350     2268.360
    25:     3447.060     6579.040     8849.770    10734.180
H:
     0:      368.960     1044.780     6744.560     6754.050     7106.120
     5:     7108.200     7144.810
M:
     0:       14.130      460.070      482.270      608.820      640.330
     5:      753.000      765.580      815.110      869.220      962.780
    10:     1002.450     1072.860     1084.970     1108.610     1152.320
    15:     1610.570     1647.140     2218.350     2268.360     3447.060
    20:     6579.040     8849.770    10734.180
N:
     0:      368.960     1044.780     6744.560     6754.050     7106.120
     5:     7108.200     7144.810
O:
     0:      462.510      642.520      646.590      972.490     1003.030
     5:     1654.020
P:
Q:
     0:        0.000        0.000        0.000        0.000       23.000
     5:        7.000        6.000        0.000
\Box11_Comments:



Start Date: 01/19/22
End Date: 01/19/22
Subject: 27
Experiment: heroinSA
Group: saline
Box: 12
Start Time: 11:36:21
End Time: 14:55:15
MSN: FR_SCRIPT_5choice
D:       0.391
E:       0.609
F:       9.000
I:      66.000
J:       0.000
K:   10800.010
L:       0.000
R:       0.000
S:       0.000
T:   13195.000
U:       0.000
V:       0.000
W:       0.000
X:       0.000
Y:       0.000
Z:       0.000
A:
     0:        1.000        3.000      500.000     1000.000      180.000
     5:        1.000        1.000        2.000        2.000        0.000
    10:      272.000        0.000
B:
     0:       23.000        9.000       14.000        0.000        0.000
     5:        0.000        0.000
C:
     0:        0.500       34.100        0.200        0.700        0.800
     5:      873.100        0.200        0.700        0.800      672.600
    10:        0.500     3107.100        0.200        0.700        0.800
    15:     1870.600        0.500       23.600        0.500     5763.100
    20:        0.200        0.700        0.800     9836.100        0.200
    25:        0.700        0.800     6128.600        0.500        7.600
    30:        0.500      289.100        0.200        0.700        0.800
    35:     1042.600        0.500     2015.600        0.500       32.600
    40:        0.500      176.100        0.200        0.700        0.800
    45:     5227.600        0.500       44.600        0.500       10.600
    50:        0.500        9.600        0.500    26252.100        0.200
    55:        0.700        0.800     8741.100        0.200        0.700
    60:        0.800     4901.600        0.500    17754.600        0.500
    65:    13195.300
G:
     0:        3.430       90.760      468.590     1234.200     2217.820
     5:     2860.260     3186.700     6340.950     7215.010
H:
     0:      157.920      655.660      657.900     2830.620     2831.370
     5:     2964.480     3165.970     3169.180     3709.470     3713.820
    10:     3714.810     3715.740     7705.170     9480.560
M:
     0:        3.430       90.760      468.590     1234.200     2217.820
     5:     2860.260     3186.700     6340.950     7215.010
N:
     0:      157.920      655.660      657.900     2830.620     2831.370
     5:     2964.480     3165.970     3169.180     3709.470     3713.820
    10:     3714.810     3715.740     7705.170     9480.560
O:
P:
Q:
     0:        0.000        0.000        0.000        0.000        9.000
     5:       14.000        0.000        0.000
\Box12_Comments:



Start Date: 01/19/22
End Date: 01/19/22
Subject: 28
Experiment: heroinSA
Group: saline
Box: 13
Start Time: 11:36:21
End Time: 14:55:15
MSN: FR_SCRIPT_5choice
D:       0.800
E:       0.200
F:      20.000
I:     104.000
J:       0.000
K:   10800.010
L:       0.000
R:       0.000
S:       0.000
T:    3170.000
U:       0.000
V:       0.000
W:       0.000
X:       0.000
Y:       0.000
Z:       0.000
A:
     0:        2.000        3.000      500.000     1000.000      180.000
     5:        1.000        1.000        2.000        2.000        0.000
    10:      282.000        0.000
B:
     0:       35.000       28.000        7.000        0.000        0.000
     5:        0.000        0.000
C:
     0:        0.500      888.100        0.200        0.700        2.100
     5:       15.100       56.100        0.800       48.100        0.200
    10:        0.700        4.100        0.800     2929.100        0.200
    15:        0.700       92.100        0.800     1412.100        0.200
    20:        0.700        0.800      115.100        0.200        0.700
    25:        0.800     1060.100        0.200        0.700        0.800
    30:     1383.100        0.200        0.700        0.800     1074.100
    35:        0.200        0.700        0.800     2257.100        0.200
    40:        0.700        0.800      113.600        0.500       43.600
    45:        0.500    11307.100        0.200        0.700        0.800
    50:      126.100        0.200        0.700        0.800    17754.100
    55:        0.200        0.700        0.800      644.100        0.200
    60:        0.700        0.800      515.600        0.500     7263.100
    65:        0.200        0.700        0.800     2968.100        0.200
    70:        0.700        0.800      582.600        0.500      115.600
    75:        0.500     1576.600        0.500     8578.100        0.200
    80:        0.700        0.800    20758.100        0.200        0.700
    85:       22.100       58.100        0.800       82.100        0.200
    90:        0.700        2.100        0.800     4909.100        0.200
    95:        0.700        0.800    15155.600        0.500      925.100
   100:        0.200        0.700        0.800     3170.300
G:
     0:       88.820       89.030       90.580       96.180      100.940
     5:      101.340      394.230      403.450      544.600      556.130
    10:      662.140      800.440      907.850     1133.500     2279.790
    15:     2292.450     4067.840     4132.220     4910.000     5206.840
    20:     6291.890     8367.710     8369.930     8375.690     8383.920
    25:     8384.120     8875.020    10483.010
H:
     0:     1144.850     1149.140     4183.690     5265.060     5276.530
     5:     5434.140    10390.500
M:
     0:       88.820      100.940      394.230      544.600      556.130
     5:      662.140      800.440      907.850     1133.500     2279.790
    10:     2292.450     4067.840     4132.220     4910.000     5206.840
    15:     6291.890     8367.710     8383.920     8875.020    10483.010
N:
     0:     1144.850     1149.140     4183.690     5265.060     5276.530
     5:     5434.140    10390.500
O:
     0:       89.030       90.580       96.180      101.340      403.450
     5:     8369.930     8375.690     8384.120
P:
Q:
     0:        0.000        0.000        0.000        0.000       20.000
     5:        7.000        8.000        0.000
\Box13_Comments:



Start Date: 01/19/22
End Date: 01/19/22
Subject: 29
Experiment: heroinSA
Group: saline
Box: 14
Start Time: 11:36:21
End Time: 14:55:15
MSN: FR_SCRIPT_5choice
D:       0.744
E:       0.256
F:      31.000
I:     203.000
J:       0.000
K:   10800.010
L:       2.000
R:       0.000
S:       0.000
T:   15553.000
U:       0.000
V:       0.000
W:       0.000
X:       0.000
Y:       0.000
Z:       0.000
A:
     0:        1.000        3.000      500.000     1000.000      180.000
     5:        1.000        1.000        2.000        2.000        0.000
    10:      275.000        0.000
B:
     0:       86.000       64.000       22.000        0.000        0.000
     5:        0.000        0.000
C:
     0:        0.500      457.100        0.200        0.700       11.100
     5:       29.100        0.800      135.600        0.500      250.600
    10:        0.500       25.600        0.500        2.600        0.500
    15:     1629.100        0.200        0.700       46.600        0.500
    20:       28.600        0.500        0.800       41.600        0.500
    25:        3.600        0.500     1338.100        0.200        0.700
    30:       28.100        0.800      509.100        0.200        0.700
    35:       67.600        0.500        0.800      943.100        0.200
    40:        0.700        0.800      290.100        0.200        0.700
    45:       63.100        0.800       55.100        0.200        0.700
    50:        0.800      139.100        0.200        0.700       26.100
    55:       43.100       13.100        0.800      443.600        0.500
    60:       28.100        0.200        0.700       36.100       16.100
    65:        0.800      859.100        0.200        0.700        0.800
    70:     2927.100        0.200        0.700        0.800      544.100
    75:        0.200        0.700        0.800      716.100        0.200
    80:        0.700        6.100        8.100       28.100        0.800
    85:      362.600        0.500        3.600        0.500      169.600
    90:        0.500     1876.600        0.500      591.100        0.200
    95:        0.700       82.100        0.800       63.100        0.200
   100:        0.700        0.800     8397.600        0.500      168.600
   105:        0.500      312.100        0.200        0.700        0.800
   110:     1185.100        0.200        0.700      100.100        0.800
   115:       14.100        0.200        0.700       62.100       19.100
   120:        0.800     1989.100        0.200        0.700       32.600
   125:        0.500       61.100        0.800    10978.100        0.200
   130:        0.700       70.100        0.800     2307.600        0.500
   135:    24538.100        0.200        0.700       41.100        0.800
   140:     5935.100        0.200        0.700       38.100       33.100
   145:        0.800       82.100        0.200        0.700        0.800
   150:      632.100        0.200        0.700       27.100        7.100
   155:        0.800      339.100        0.200        0.700       22.100
   160:        0.800      144.100        0.200        0.700        7.100
   165:        0.800     5697.100        0.200        0.700       24.100
   170:        0.800    11158.100        0.200        0.700        7.100
   175:       20.100       25.100        0.800      584.600        0.500
   180:      675.600        0.500       12.600        0.500     1204.100
   185:        0.200        0.700       62.100       24.100        0.800
   190:       76.100        0.200        0.700        0.800      189.600
   195:        0.500      161.100        0.200        0.700       59.100
   200:        4.100        0.800    15553.300
G:
     0:       45.750       46.870       49.740      253.850      399.420
     5:      402.200      453.180      554.160      583.120      589.480
    10:      594.900      608.830      611.400      615.740      617.020
    15:      664.160      667.700      669.350      755.240     1047.980
    20:     1102.350     1173.910     1174.580     1175.370     1178.110
    25:     1478.250     1486.410     1492.780     2380.390     2498.970
    30:     2508.950     2510.370     2516.520     2518.420     2717.290
    35:     2726.670     3824.410     3831.440     6515.970     6520.010
    40:     7113.540     7117.290     7120.620     7128.810     7192.030
    45:     7194.750     7195.480     7229.370     7231.580     7245.950
    50:     7246.670     7816.360     7818.760     8934.530     8935.280
    55:     8937.190     8939.780     9187.240     9193.430     9195.810
    60:     9203.390     9238.410     9244.340     9244.770
H:
     0:       63.230       88.240       90.740       90.910      258.430
     5:      261.270      265.300      265.660      459.870      661.300
    10:     1214.310     1214.620     1231.580     1419.120     2332.430
    15:     2349.210     2720.520     4062.140     8998.120     9065.630
    20:     9066.880     9222.350
M:
     0:       45.750      253.850      399.420      453.180      554.160
     5:      583.120      594.900      608.830      664.160      755.240
    10:     1047.980     1102.350     1173.910     1478.250     1492.780
    15:     2380.390     2498.970     2510.370     2717.290     3824.410
    20:     6515.970     7113.540     7128.810     7192.030     7229.370
    25:     7245.950     7816.360     8934.530     9187.240     9203.390
    30:     9238.410
N:
     0:       63.230       88.240       90.740       90.910      265.300
     5:      265.660      661.300     1214.310     1214.620     1231.580
    10:     1419.120     2332.430     2349.210     4062.140     8998.120
    15:     9065.630     9066.880     9222.350
O:
     0:       46.870       49.740      402.200      589.480      611.400
     5:      615.740      617.020      667.700      669.350     1174.580
    10:     1175.370     1178.110     1486.410     2508.950     2516.520
    15:     2518.420     2726.670     3831.440     6520.010     7117.290
    20:     7120.620     7194.750     7195.480     7231.580     7246.670
    25:     7818.760     8935.280     8937.190     8939.780     9193.430
    30:     9195.810     9244.340     9244.770
P:
     0:      258.430      261.270      459.870     2720.520
Q:
     0:        0.000        0.000        0.000        0.000       31.000
     5:       18.000       33.000        4.000
\Box14_Comments:



Start Date: 01/19/22
End Date: 01/19/22
Subject: 30
Experiment: heroinSA
Group: saline
Box: 15
Start Time: 11:36:21
End Time: 14:55:15
MSN: FR_SCRIPT_5choice
D:       0.526
E:       0.474
F:      18.000
I:     112.000
J:       0.000
K:   10800.010
L:       0.000
R:       0.000
S:       0.000
T:   10503.000
U:       0.000
V:       0.000
W:       0.000
X:       0.000
Y:       0.000
Z:       0.000
A:
     0:        2.000        3.000      500.000     1000.000      180.000
     5:        1.000        1.000        2.000        2.000        0.000
    10:      250.000        0.000
B:
     0:       38.000       20.000       18.000        0.000        0.000
     5:        0.000        0.000
C:
     0:        0.500       62.100        0.200        0.700        0.800
     5:     5384.100        0.200        0.700       15.100        0.800
    10:       98.100        0.200        0.700        0.100        0.800
    15:      132.100        0.200        0.700        0.800      210.100
    20:        0.200        0.700        0.800      601.100        0.200
    25:        0.700        0.800     1138.600        0.500      610.600
    30:        0.500        8.600        0.500        2.600        0.500
    35:        4.600        0.500      197.100        0.200        0.700
    40:        0.800     4400.600        0.500     1298.100        0.200
    45:        0.700        0.800      776.100        0.200        0.700
    50:        0.800      114.100        0.200        0.700        0.800
    55:    17578.600        0.500        4.600        0.500    13297.600
    60:        0.500       67.100        0.200        0.700        0.800
    65:      228.600        0.500      273.100        0.200        0.700
    70:        0.800      848.100        0.200        0.700        0.800
    75:      119.100        0.200        0.700        0.800    17494.600
    80:        0.500     7883.600        0.500        2.600        0.500
    85:       10.600        0.500      621.600        0.500        8.600
    90:        0.500    19711.100        0.200        0.700        0.800
    95:      108.100        0.200        0.700        0.800      146.100
   100:        0.200        0.700        0.800     1650.600        0.500
   105:      927.100        0.200        0.700        0.800     1474.600
   110:        0.500    10503.300
G:
     0:        6.220      544.600      546.100      555.900      555.940
     5:      569.100      590.160      650.280      846.120     1415.970
    10:     1493.530     1504.900     4599.490     4649.600     4734.410
    15:     4746.360     9319.220     9330.000     9344.680     9602.360
H:
     0:      764.080      825.010      825.820      826.020      826.390
     5:     1286.180     3262.780     3263.150     4592.820     4622.360
    10:     6495.780     7284.060     7284.280     7285.200     7347.380
    15:     7348.120     9509.650     9749.710
M:
     0:        6.220      544.600      555.900      569.100      590.160
     5:      650.280      846.120     1415.970     1493.530     1504.900
    10:     4599.490     4649.600     4734.410     4746.360     9319.220
    15:     9330.000     9344.680     9602.360
N:
     0:      764.080      825.010      825.820      826.020      826.390
     5:     1286.180     3262.780     3263.150     4592.820     4622.360
    10:     6495.780     7284.060     7284.280     7285.200     7347.380
    15:     7348.120     9509.650     9749.710
O:
     0:      546.100      555.940
P:
Q:
     0:        0.000        0.000        0.000        0.000       18.000
     5:       18.000        2.000        0.000
\Box15_Comments:
