File: C:\Users\hurdlab\Desktop\data_rme\JS\heroinSA\20220118\ heroinSA_FR1_roomE_20220125



Start Date: 01/25/22
End Date: 01/25/22
Subject: 1
Experiment: heroinSA
Group: heroin
Box: 1
Start Time: 11:27:56
End Time: 14:59:32
MSN: FR_SCRIPT
D:       0.217
E:       0.783
F:      15.000
I:     171.000
J:       0.000
K:   10800.010
L:       0.000
R:       0.000
S:       0.000
T:     710.000
U:       0.000
V:       0.000
W:       0.000
X:       0.000
Y:       0.000
Z:       0.000
A:
     0:        1.000        3.000      500.000     1000.000      180.000
     5:        1.000        1.000        1.000        1.000        0.000
    10:      248.000        0.000
B:
     0:       69.000       15.000       54.000        0.000        0.000
     5:        0.000        0.000
C:
     0:        0.500      179.600        0.500       69.600        0.500
     5:      757.600        0.500      113.100        0.200        0.700
    10:        0.800      748.600        0.500        3.600        0.500
    15:        8.600        0.500      106.100        0.200        0.700
    20:        0.800      618.100        0.200        0.700        2.100
    25:        0.800      254.600        0.500       27.600        0.500
    30:     3627.600        0.500       53.600        0.500     1188.600
    35:        0.500     1394.600        0.500      198.100        0.200
    40:        0.700        0.800     7962.600        0.500      120.600
    45:        0.500        3.600        0.500        5.600        0.500
    50:      250.600        0.500     3787.600        0.500        9.600
    55:        0.500      207.100        0.200        0.700        0.800
    60:     3189.600        0.500        1.600        0.500     8355.100
    65:        0.200        0.700        0.800      106.100        0.200
    70:        0.700        0.800     3467.600        0.500      125.600
    75:        0.500      151.600        0.500        4.600        0.500
    80:        6.600        0.500        3.600        0.500       52.600
    85:        0.500     2600.600        0.500       41.600        0.500
    90:       92.600        0.500      723.600        0.500        7.600
    95:        0.500     2019.100        0.200        0.700        0.800
   100:     3436.600        0.500      149.600        0.500       16.600
   105:        0.500     8016.100        0.200        0.700        0.800
   110:      122.600        0.500     5188.600        0.500       12.600
   115:        0.500      927.100        0.200        0.700        0.800
   120:     2121.600        0.500      131.600        0.500       29.600
   125:        0.500      449.100        0.200        0.700        0.800
   130:     2999.600        0.500      306.600        0.500        3.600
   135:        0.500      503.600        0.500       53.600        0.500
   140:     7335.600        0.500       17.600        0.500     3933.600
   145:        0.500     1511.100        0.200        0.700        0.800
   150:     5724.600        0.500       48.100        0.200        0.700
   155:        0.800    10389.100        0.200        0.700        0.800
   160:     7579.600        0.500     3340.600        0.500       11.600
   165:        0.500      315.100        0.200        0.700        0.800
   170:      710.300
G:
     0:      111.880      198.300      260.350      934.410     2168.720
     5:     3323.200     3333.800     4262.860     5424.570     6049.450
    10:     6322.440     7988.420     8565.600     9604.550    10729.040
H:
     0:       17.900       24.880      100.500      186.650      186.900
     5:      187.710      285.750      288.460      651.160      656.420
    10:      775.200      914.660     1730.640     1742.620     1742.890
    15:     1743.430     1768.470     2147.120     2148.070     2487.600
    20:     2487.780     3680.510     3693.050     3708.150     3708.490
    25:     3709.160     3709.430     3714.650     3974.630     3978.720
    30:     3987.960     4060.210     4060.960     4606.390     4621.320
    35:     4622.920     5436.760     5955.570     5956.690     6261.520
    40:     6274.670     6277.550     6622.310     6652.930     6653.220
    45:     6703.570     6708.870     7442.330     7444.040     7837.320
    50:     8560.820    10362.450    10696.420    10697.490
M:
     0:      111.880      198.300      260.160      934.410     2168.720
     5:     3323.200     3333.800     4262.860     5424.570     6049.450
    10:     6322.440     7988.420     8565.600     9604.550    10729.040
N:
     0:       17.900       24.880      100.500      186.650      186.900
     5:      187.710      285.750      288.460      651.160      656.420
    10:      775.200      914.660     1730.640     1742.620     1742.890
    15:     1743.430     1768.470     2147.120     2148.070     2487.600
    20:     2487.780     3680.510     3693.050     3708.150     3708.490
    25:     3709.160     3709.430     3714.650     3974.630     3978.720
    30:     3987.960     4060.210     4060.960     4606.390     4621.320
    35:     4622.920     5436.760     5955.570     5956.690     6261.520
    40:     6274.670     6277.550     6622.310     6652.930     6653.220
    45:     6703.570     6708.870     7442.330     7444.040     7837.320
    50:     8560.820    10362.450    10696.420    10697.490
O:
     0:      260.350
P:
Q:
     0:   119938.000   277203.000   168930.000    40124.000       15.000
     5:       54.000        1.000        0.000
\Box1_Comments:



Start Date: 01/25/22
End Date: 01/25/22
Subject: 2
Experiment: heroinSA
Group: heroin
Box: 2
Start Time: 11:27:56
End Time: 14:59:32
MSN: FR_SCRIPT
D:       0.806
E:       0.194
F:      54.000
I:     252.000
J:       0.000
K:   10800.010
L:       0.000
R:       0.000
S:       0.000
T:    5379.000
U:       0.000
V:       0.000
W:       0.000
X:       0.000
Y:       0.000
Z:       0.000
A:
     0:        2.000        3.000      500.000     1000.000      180.000
     5:        1.000        1.000        1.000        1.000        0.000
    10:      274.000        0.000
B:
     0:       67.000       54.000       13.000        0.000        0.000
     5:        0.000        0.000
C:
     0:        0.500      208.100        0.200        0.700        0.800
     5:      618.600        0.500        5.600        0.500        4.600
    10:        0.500       99.100        0.200        0.700        0.800
    15:      969.100        0.200        0.700        0.800      110.600
    20:        0.500        9.600        0.500        5.600        0.500
    25:      241.100        0.200        0.700        0.800     2115.100
    30:        0.200        0.700        0.800     5993.100        0.200
    35:        0.700        0.800      620.100        0.200        0.700
    40:        0.800      377.600        0.500      426.100        0.200
    45:        0.700        0.800     4628.600        0.500      232.100
    50:        0.200        0.700        0.800      140.100        0.200
    55:        0.700        8.100        0.800      142.100        0.200
    60:        0.700        0.800      120.100        0.200        0.700
    65:        4.100        0.800     6780.100        0.200        0.700
    70:        0.800      287.100        0.200        0.700        0.800
    75:      180.100        0.200        0.700        1.100        0.800
    80:      162.100        0.200        0.700        0.800     7155.100
    85:        0.200        0.700        0.800      212.100        0.200
    90:        0.700        0.800      196.100        0.200        0.700
    95:        0.800      187.100        0.200        0.700        0.800
   100:     9344.100        0.200        0.700        8.100       62.100
   105:        0.800       78.100        0.200        0.700        0.800
   110:      138.100        0.200        0.700        6.100        0.800
   115:      278.100        0.200        0.700        4.100        0.800
   120:      222.100        0.200        0.700        0.800    13257.100
   125:        0.200        0.700        0.800      122.600        0.500
   130:     2607.600        0.500        1.600        0.500       50.100
   135:        0.200        0.700        4.100        0.800      264.100
   140:        0.200        0.700        0.800      155.100        0.200
   145:        0.700        0.800      156.100        0.200        0.700
   150:        0.800     6739.100        0.200        0.700        0.800
   155:      233.100        0.200        0.700        0.800      280.100
   160:        0.200        0.700        0.800     5259.100        0.200
   165:        0.700        0.800      167.100        0.200        0.700
   170:        0.800      159.100        0.200        0.700        0.800
   175:     6352.100        0.200        0.700        0.800      106.100
   180:        0.200        0.700        0.800      151.100        0.200
   185:        0.700        0.800      105.600        0.500       32.100
   190:        0.200        0.700        0.800     4984.600        0.500
   195:      282.100        0.200        0.700        0.800      314.100
   200:        0.200        0.700        0.800      190.100        0.200
   205:        0.700        0.800      146.100        0.200        0.700
   210:        0.800     5702.100        0.200        0.700        0.800
   215:      112.100        0.200        0.700        0.800     6717.100
   220:        0.200        0.700        0.800      366.100        0.200
   225:        0.700        0.800     3040.100        0.200        0.700
   230:        0.800     1302.100        0.200        0.700        0.800
   235:      509.100        0.200        0.700        0.800      121.100
   240:        0.200        0.700        0.800      163.100        0.200
   245:        0.700        0.800      101.100        0.200        0.700
   250:        0.800     5379.300
G:
     0:       20.800       93.390      190.370      226.860      438.380
     5:     1037.620     1099.680     1179.920     1665.960     1680.770
    10:     1694.920     1707.340     2385.300     2414.040     2432.160
    15:     2448.360     3163.800     3185.040     3204.610     3223.340
    20:     4164.750     4172.540     4186.970     4215.140     4237.330
    25:     5563.040     5841.440     5867.850     5883.360     5898.980
    30:     6572.840     6596.150     6624.130     7150.000     7166.740
    35:     7182.650     7817.810     7828.480     7843.540     7857.270
    40:     8383.870     8415.260     8434.250     8448.860     9018.990
    45:     9030.230     9701.960     9738.560    10042.530    10172.710
    50:    10223.600    10235.760    10252.010    10262.140
H:
     0:       82.650       83.130       83.540      201.350      202.220
     5:      202.700     1137.360     1642.730     5575.190     5835.930
    10:     5835.990     7854.010     8355.630
M:
     0:       20.800       93.390      190.370      226.860      438.380
     5:     1037.620     1099.680     1179.920     1665.960     1679.910
    10:     1694.920     1706.900     2385.300     2414.040     2432.000
    15:     2448.360     3163.800     3185.040     3204.610     3223.340
    20:     4157.760     4172.540     4186.380     4214.690     4237.330
    25:     5563.040     5841.060     5867.850     5883.360     5898.980
    30:     6572.840     6596.150     6624.130     7150.000     7166.740
    35:     7182.650     7817.810     7828.480     7843.540     7857.270
    40:     8383.870     8415.260     8434.250     8448.860     9018.990
    45:     9030.230     9701.960     9738.560    10042.530    10172.710
    50:    10223.600    10235.760    10252.010    10262.140
N:
     0:       82.650       83.130       83.540      201.350      202.220
     5:      202.700     1137.360     1642.730     5575.190     5835.930
    10:     5835.990     7854.010     8355.630
O:
     0:     1680.770     1707.340     2432.160     4158.580     4164.750
     5:     4186.970     4215.140     5841.440
P:
Q:
     0:    86895.000   239447.000   205345.000    59188.000       54.000
     5:       13.000        8.000        0.000
\Box2_Comments:



Start Date: 01/25/22
End Date: 01/25/22
Subject: 3
Experiment: heroinSA
Group: heroin
Box: 3
Start Time: 11:27:56
End Time: 14:59:32
MSN: FR_SCRIPT_box3
D:       0.806
E:       0.194
F:      29.000
I:     133.000
J:       0.000
K:   10800.010
L:       0.000
R:       0.000
S:       0.000
T:    1016.000
U:       0.000
V:       0.000
W:       0.000
X:       0.000
Y:       0.000
Z:       0.000
A:
     0:        1.000        3.000      500.000     1000.000      180.000
     5:        1.000        1.000        1.000        1.000        0.000
    10:      260.000        0.000
B:
     0:       36.000       29.000        7.000        0.000        0.000
     5:        0.000        0.000
C:
     0:        0.500      260.100        0.200        0.700        0.800
     5:     2542.600        0.500     1452.100        0.200        0.700
    10:        0.800      110.100        0.200        0.700        0.800
    15:     5910.600        0.500      224.100        0.200        0.700
    20:        0.800      151.100        0.200        0.700        0.800
    25:     5282.100        0.200        0.700        0.800     5622.100
    30:        0.200        0.700        0.800     3816.100        0.200
    35:        0.700        0.800      242.600        0.500      142.100
    40:        0.200        0.700        0.800      114.600        0.500
    45:        3.600        0.500      182.100        0.200        0.700
    50:        0.800    10115.100        0.200        0.700        0.800
    55:      234.100        0.200        0.700        0.800     5916.100
    60:        0.200        0.700        0.800    13938.100        0.200
    65:        0.700        0.800     2466.100        0.200        0.700
    70:        0.800     5033.600        0.500        9.600        0.500
    75:     1269.100        0.200        0.700        0.800     1254.100
    80:        0.200        0.700        0.800     4934.100        0.200
    85:        0.700        0.800     4389.100        0.200        0.700
    90:        0.800      120.100        0.200        0.700        0.800
    95:     2355.100        0.200        0.700        0.800     4403.100
   100:        0.200        0.700        0.800     3004.100        0.200
   105:        0.700        2.100        0.800      227.100        0.200
   110:        0.700        0.800      103.100        0.200        0.700
   115:        0.800     7413.100        0.200        0.700        0.800
   120:     4734.100        0.200        0.700        0.800     4847.100
   125:        0.200        0.700        0.800     4167.100        0.200
   130:        0.700        0.800     1016.300
G:
     0:       26.050      425.420      436.430     1049.870     1064.960
     5:     1593.110     2155.330     2536.900     2575.320     2605.190
    10:     3616.770     3640.140     4231.780     5625.540     5872.130
    15:     6503.280     6628.610     7122.020     7560.910     7572.960
    20:     7808.420     8248.740     8549.290     8572.070     8582.290
    25:     9323.620     9797.030    10281.730    10698.400
H:
     0:      280.210     1027.390     2561.130     2586.710     2587.010
     5:     6375.390     6376.360
M:
     0:       26.050      425.420      436.430     1049.870     1064.960
     5:     1593.110     2155.330     2536.900     2575.320     2605.190
    10:     3616.770     3640.140     4231.780     5625.540     5872.130
    15:     6503.280     6628.610     7122.020     7560.910     7572.960
    20:     7808.420     8248.740     8549.170     8572.070     8582.290
    25:     9323.620     9797.030    10281.730    10698.400
N:
     0:      280.210     1027.390     2561.130     2586.710     2587.010
     5:     6375.390     6376.360
O:
     0:     8549.290
P:
Q:
     0:        0.000   258518.000   213840.000    28979.000       29.000
     5:        7.000        1.000        0.000
\Box3_Comments:



Start Date: 01/25/22
End Date: 01/25/22
Subject: 4
Experiment: heroinSA
Group: heroin
Box: 4
Start Time: 11:27:56
End Time: 14:59:32
MSN: FR_SCRIPT_box4
D:       0.567
E:       0.433
F:      17.000
I:      96.000
J:       0.000
K:   10800.010
L:       0.000
R:       0.000
S:       0.000
T:    3492.000
U:       0.000
V:       0.000
W:       0.000
X:       0.000
Y:       1.000
Z:       0.000
A:
     0:        2.000        3.000      500.000     1000.000      180.000
     5:        1.000        1.000        1.000        1.000        0.000
    10:      234.000        0.000
B:
     0:       30.000       17.000       13.000        0.000        0.000
     5:        0.000        0.000
C:
     0:        0.500      327.100        0.200        0.700        0.800
     5:     1614.100        0.200        0.700        0.800      387.100
    10:        0.200        0.700        0.800      113.100        0.200
    15:        0.700        0.800     6988.600        0.500     6411.100
    20:        0.200        0.700        0.800      133.100        0.200
    25:        0.700        0.800    10992.600        0.500     1802.600
    30:        0.500       15.600        0.500        2.600        0.500
    35:       17.600        0.500       49.100        0.200        0.700
    40:        0.800      334.100        0.200        0.700        0.800
    45:    14437.600        0.500      703.600        0.500      534.600
    50:        0.500      146.100        0.200        0.700        0.800
    55:      108.100        0.200        0.700        0.800    11340.600
    60:        0.500     1361.100        0.200        0.700        0.800
    65:    11568.600        0.500       70.100        0.200        0.700
    70:        0.800     9122.600        0.500      831.100        0.200
    75:        0.700        0.800     5803.100        0.200        0.700
    80:        0.800      105.100        0.200        0.700        0.800
    85:    11315.600        0.500      244.100        0.200        0.700
    90:        0.800     7637.100        0.200        0.700        0.800
    95:     3492.300
G:
     0:       32.700      194.180      232.860      244.090     1584.030
     5:     1597.340     2884.990     2918.440     4500.430     4511.280
    10:     5781.350     6945.130     7940.390     8520.720     8531.230
    15:     9687.140    10450.870
H:
     0:      942.900     2696.570     2876.730     2878.200     2878.390
     5:     2880.120     4362.170     4432.450     4485.790     5645.220
    10:     6938.120     7857.370     9662.770
M:
     0:       32.700      194.180      232.860      244.090     1584.030
     5:     1597.340     2884.990     2918.440     4500.430     4511.280
    10:     5781.350     6945.130     7940.390     8520.720     8531.230
    15:     9687.140    10450.870
N:
     0:      942.900     2696.570     2876.730     2878.200     2878.390
     5:     2880.120     4362.170     4432.450     4485.790     5645.220
    10:     6938.120     7857.370     9662.770
O:
P:
Q:
     0:    65751.000   199078.000   216048.000    70447.000       17.000
     5:       13.000        0.000        0.000
\Box4_Comments:



Start Date: 01/25/22
End Date: 01/25/22
Subject: 5
Experiment: heroinSA
Group: heroin
Box: 5
Start Time: 11:27:56
End Time: 14:59:32
MSN: FR_SCRIPT
D:       0.305
E:       0.695
F:      18.000
I:     157.000
J:       0.000
K:   10800.010
L:       0.000
R:       0.000
S:       0.000
T:    4970.000
U:       0.000
V:       0.000
W:       0.000
X:       0.000
Y:       0.000
Z:       0.000
A:
     0:        1.000        3.000      500.000     1000.000      180.000
     5:        1.000        1.000        1.000        1.000        0.000
    10:      264.000        0.000
B:
     0:       59.000       18.000       41.000        0.000        0.000
     5:        0.000        0.000
C:
     0:        0.500      172.100        0.200        0.700        0.800
     5:      269.600        0.500       19.600        0.500        5.600
    10:        0.500     4821.600        0.500     3041.600        0.500
    15:      133.100        0.200        0.700        0.800      172.100
    20:        0.200        0.700        0.800    10118.100        0.200
    25:        0.700        0.800      196.100        0.200        0.700
    30:        0.800     3633.600        0.500       66.600        0.500
    35:       18.600        0.500       36.600        0.500       12.600
    40:        0.500       30.600        0.500     2264.100        0.200
    45:        0.700        0.800      137.600        0.500     4420.100
    50:        0.200        0.700        0.800     2194.100        0.200
    55:        0.700        0.800     4086.100        0.200        0.700
    60:        0.800    13073.600        0.500       19.600        0.500
    65:       24.600        0.500       30.600        0.500       40.600
    70:        0.500     1435.100        0.200        0.700        0.800
    75:     5949.600        0.500      301.100        0.200        0.700
    80:        2.100        0.800      289.100        0.200        0.700
    85:        0.800    11138.100        0.200        0.700        0.800
    90:     7279.600        0.500        5.600        0.500     6343.100
    95:        0.200        0.700        0.800     3624.600        0.500
   100:        1.600        0.500       30.600        0.500     1276.100
   105:        0.200        0.700        0.800      108.600        0.500
   110:     3285.600        0.500       83.600        0.500       23.600
   115:        0.500        5.600        0.500        6.600        0.500
   120:       11.600        0.500       26.600        0.500       13.600
   125:        0.500       36.600        0.500       11.600        0.500
   130:       23.600        0.500       24.600        0.500       21.600
   135:        0.500        8.600        0.500      867.100        0.200
   140:        0.700        0.800     5223.600        0.500     1999.600
   145:        0.500       69.100        0.200        0.700        0.800
   150:     4359.100        0.200        0.700        0.800      130.600
   155:        0.500     4970.300
G:
     0:       17.250      846.060      863.220     1875.030     1894.650
     5:     2500.580     2956.200     3175.670     3584.220     5046.350
    10:     5671.490     5700.440     6814.200     8176.940     8670.080
    15:     9125.020     9854.140    10290.000
H:
     0:       44.150       46.070       46.490      528.590      832.730
     5:     2257.920     2264.550     2266.330     2269.980     2271.150
    10:     2274.140     2514.230     4891.490     4893.460     4895.810
    15:     4898.840     4902.840     5641.210     7542.100     7542.590
    20:     8539.370     8539.450     8542.430     8680.790     9009.330
    25:     9017.670     9019.890     9020.390     9021.080     9022.140
    30:     9024.780     9026.030     9029.600     9030.690     9033.020
    35:     9035.400     9037.510     9038.310     9647.290     9847.230
    40:    10303.010
M:
     0:       17.250      846.060      863.220     1875.030     1894.650
     5:     2500.580     2956.200     3175.670     3584.220     5046.350
    10:     5671.360     5700.440     6814.200     8176.940     8670.080
    15:     9125.020     9854.140    10290.000
N:
     0:       44.150       46.070       46.490      528.590      832.730
     5:     2257.920     2264.550     2266.330     2269.980     2271.150
    10:     2274.140     2514.230     4891.490     4893.460     4895.810
    15:     4898.840     4902.840     5641.210     7542.100     7542.590
    20:     8539.370     8539.450     8542.430     8680.790     9009.330
    25:     9017.670     9019.890     9020.390     9021.080     9022.140
    30:     9024.780     9026.030     9029.600     9030.690     9033.020
    35:     9035.400     9037.510     9038.310     9647.290     9847.230
    40:    10303.010
O:
     0:     5671.490
P:
Q:
     0:    99244.000   228803.000   220026.000    82670.000       18.000
     5:       41.000        1.000        0.000
\Box5_Comments:



Start Date: 01/25/22
End Date: 01/25/22
Subject: 6
Experiment: heroinSA
Group: heroin
Box: 6
Start Time: 11:27:56
End Time: 14:59:32
MSN: FR_SCRIPT
D:       0.971
E:       0.029
F:      34.000
I:     140.000
J:       0.000
K:   10800.010
L:       0.000
R:       0.000
S:       0.000
T:    1880.000
U:       0.000
V:       0.000
W:       0.000
X:       0.000
Y:       0.000
Z:       0.000
A:
     0:        2.000        3.000      500.000     1000.000      180.000
     5:        1.000        1.000        1.000        1.000        0.000
    10:      254.000        0.000
B:
     0:       35.000       34.000        1.000        0.000        0.000
     5:        0.000        0.000
C:
     0:        0.500     1830.100        0.200        0.700        0.800
     5:      107.100        0.200        0.700        0.800     1964.100
    10:        0.200        0.700        0.800     1983.100        0.200
    15:        0.700        0.800     6911.100        0.200        0.700
    20:        0.800     1901.100        0.200        0.700        0.800
    25:     5171.100        0.200        0.700        0.800      132.100
    30:        0.200        0.700        0.800      664.100        0.200
    35:        0.700        0.800      233.100        0.200        0.700
    40:        0.800      115.100        0.200        0.700        0.800
    45:      111.100        0.200        0.700        0.800     1420.100
    50:        0.200        0.700        0.800     8519.600        0.500
    55:      937.100        0.200        0.700        0.800      846.100
    60:        0.200        0.700        0.800      103.100        0.200
    65:        0.700        0.800     4174.100        0.200        0.700
    70:        0.800      140.100        0.200        0.700        0.800
    75:     8040.100        0.200        0.700        0.800     4829.100
    80:        0.200        0.700        0.800      126.100        0.200
    85:        0.700        0.800     6401.100        0.200        0.700
    90:        0.800     6526.100        0.200        0.700        0.800
    95:      283.100        0.200        0.700        0.800     8448.100
   100:        0.200        0.700        0.800     7221.100        0.200
   105:        0.700        0.800      146.100        0.200        0.700
   110:        0.800      205.100        0.200        0.700        0.800
   115:     9772.100        0.200        0.700        0.800     4608.100
   120:        0.200        0.700        0.800      689.100        0.200
   125:        0.700        0.800     3923.100        0.200        0.700
   130:        0.800     3282.100        0.200        0.700        0.800
   135:     4360.100        0.200        0.700        0.800     1880.300
G:
     0:      183.030      193.730      390.090      588.440     1279.560
     5:     1469.620     1986.780     1999.980     2066.320     2089.650
    10:     2101.150     2112.240     2254.260     3199.820     3284.430
    15:     3294.730     3712.140     3726.150     4530.100     5013.010
    20:     5025.600     5665.740     6318.350     6346.650     7191.420
    25:     7913.550     7928.130     7948.640     8925.820     9386.590
    30:     9455.540     9847.840    10176.080    10612.030
H:
     0:     3106.090
M:
     0:      183.030      193.730      390.090      588.440     1279.560
     5:     1469.620     1986.780     1999.980     2066.320     2089.650
    10:     2101.150     2112.240     2254.260     3199.820     3284.430
    15:     3294.730     3712.140     3726.150     4530.100     5013.010
    20:     5025.600     5665.740     6318.350     6346.650     7191.420
    25:     7913.550     7928.130     7948.640     8925.820     9386.590
    30:     9455.540     9847.840    10176.080    10612.030
N:
     0:     3106.090
O:
P:
Q:
     0:   249265.000   331392.000    63117.000     8477.000       34.000
     5:        1.000        0.000        0.000
\Box6_Comments:



Start Date: 01/25/22
End Date: 01/25/22
Subject: 7
Experiment: heroinSA
Group: heroin
Box: 7
Start Time: 11:27:56
End Time: 14:59:32
MSN: FR_SCRIPT
D:       0.765
E:       0.235
F:      39.000
I:     183.000
J:       0.000
K:   10800.010
L:       0.000
R:       0.000
S:       0.000
T:    1390.000
U:       0.000
V:       0.000
W:       0.000
X:       0.000
Y:       0.000
Z:       0.000
A:
     0:        1.000        3.000      500.000     1000.000      180.000
     5:        1.000        1.000        1.000        1.000        0.000
    10:      275.000        0.000
B:
     0:       51.000       39.000       12.000        0.000        0.000
     5:        0.000        0.000
C:
     0:        0.500      523.600        0.500       39.600        0.500
     5:        2.600        0.500      288.100        0.200        0.700
    10:        2.100        0.800      390.600        0.500        8.600
    15:        0.500        5.600        0.500        1.600        0.500
    20:       22.100        0.200        0.700        0.800     1418.600
    25:        0.500       37.100        0.200        0.700        0.800
    30:     1660.600        0.500        7.100        0.200        0.700
    35:        0.800     1060.100        0.200        0.700        0.800
    40:     2841.600        0.500      749.100        0.200        0.700
    45:        0.800     2227.100        0.200        0.700        0.800
    50:     2381.100        0.200        0.700        0.800     1943.100
    55:        0.200        0.700        0.800     1915.100        0.200
    60:        0.700        0.800     5053.100        0.200        0.700
    65:        0.800      515.100        0.200        0.700        0.800
    70:     3918.100        0.200        0.700        0.800      239.100
    75:        0.200        0.700        0.800     4798.100        0.200
    80:        0.700        0.800     6392.600        0.500       14.600
    85:        0.500       20.100        0.200        0.700        0.800
    90:     3714.100        0.200        0.700        0.800     2893.100
    95:        0.200        0.700        0.800     6635.100        0.200
   100:        0.700        0.800     5516.100        0.200        0.700
   105:        0.800      394.100        0.200        0.700        0.800
   110:     3060.100        0.200        0.700        0.800     2892.100
   115:        0.200        0.700        0.800     2457.100        0.200
   120:        0.700        0.800     2672.100        0.200        0.700
   125:        0.800     5039.100        0.200        0.700        0.800
   130:      254.100        0.200        0.700        0.800     3980.100
   135:        0.200        0.700        0.800     3761.100        0.200
   140:        0.700        0.800     2163.100        0.200        0.700
   145:        0.800     2200.100        0.200        0.700        0.800
   150:     3952.100        0.200        0.700        0.800     3268.100
   155:        0.200        0.700        0.800     2845.100        0.200
   160:        0.700        0.800     2003.100        0.200        0.700
   165:        0.800     2510.100        0.200        0.700        0.800
   170:     2651.100        0.200        0.700        0.800      265.100
   175:        0.200        0.700        0.800     3019.100        0.200
   180:        0.700        0.800     1390.300
G:
     0:       85.470      127.990      273.540      440.270      546.220
     5:      905.210     1127.920     1366.080     1560.360     1751.790
    10:     2257.120     2308.620     2700.430     2724.310     3204.130
    15:     3846.740     4218.110     4507.400     5170.970     5722.580
    20:     5761.890     6067.980     6357.110     6602.840     6870.050
    25:     7373.970     7399.350     7797.350     8173.450     8389.740
    30:     8609.730     9004.900     9331.690     9616.260     9816.560
    35:    10067.520    10332.650    10359.180    10661.030
H:
     0:       52.310       56.220       56.480      124.440      125.270
     5:      125.700      125.790      269.800      439.500      830.290
    10:     3843.290     3844.690
M:
     0:       85.220      127.990      273.540      440.270      546.220
     5:      905.210     1127.920     1366.080     1560.360     1751.790
    10:     2257.120     2308.620     2700.430     2724.310     3204.130
    15:     3846.740     4218.110     4507.400     5170.970     5722.580
    20:     5761.890     6067.980     6357.110     6602.840     6870.050
    25:     7373.970     7399.350     7797.350     8173.450     8389.740
    30:     8609.730     9004.900     9331.690     9616.260     9816.560
    35:    10067.520    10332.650    10359.180    10661.030
N:
     0:       52.310       56.220       56.480      124.440      125.270
     5:      125.700      125.790      269.800      439.500      830.290
    10:     3843.290     3844.690
O:
     0:       85.470
P:
Q:
     0:   285706.000   129664.000    33914.000    29349.000       39.000
     5:       12.000        1.000        0.000
\Box7_Comments:



Start Date: 01/25/22
End Date: 01/25/22
Subject: 8
Experiment: heroinSA
Group: heroin
Box: 8
Start Time: 11:27:56
End Time: 14:59:32
MSN: FR_SCRIPT
D:       0.723
E:       0.277
F:      34.000
I:     165.000
J:       0.000
K:   10800.010
L:       0.000
R:       0.000
S:       0.000
T:    5309.000
U:       0.000
V:       0.000
W:       1.000
X:       0.000
Y:       0.000
Z:       0.000
A:
     0:        2.000        3.000      500.000     1000.000      180.000
     5:        1.000        1.000        1.000        1.000        0.000
    10:      250.000        0.000
B:
     0:       47.000       34.000       13.000        0.000        0.000
     5:        0.000        0.000
C:
     0:        0.500     1797.600        0.500      252.100        0.200
     5:        0.700        0.800     1366.600        0.500     1750.100
    10:        0.200        0.700        0.800     2395.600        0.500
    15:        2.600        0.500      177.600        0.500        8.600
    20:        0.500     2517.100        0.200        0.700        0.800
    25:     5467.100        0.200        0.700        0.800      234.100
    30:        0.200        0.700        0.800      202.100        0.200
    35:        0.700        0.800      207.100        0.200        0.700
    40:        0.800      276.100        0.200        0.700        0.800
    45:      177.100        0.200        0.700        0.800     9688.100
    50:        0.200        0.700        0.800      647.100        0.200
    55:        0.700        0.800     3152.100        0.200        0.700
    60:        0.800     4104.100        0.200        0.700        0.800
    65:     7076.100        0.200        0.700        0.800      286.100
    70:        0.200        0.700        0.800      102.100        0.200
    75:        0.700        0.800      128.100        0.200        0.700
    80:        0.800      124.100        0.200        0.700        0.800
    85:    12930.100        0.200        0.700        0.800     2425.100
    90:        0.200        0.700        0.800     5591.600        0.500
    95:        3.600        0.500        3.600        0.500        6.600
   100:        0.500        5.600        0.500        8.600        0.500
   105:       91.100        0.200        0.700        0.800     2894.600
   110:        0.500     1024.100        0.200        0.700        0.800
   115:      198.100        0.200        0.700        0.800      114.100
   120:        0.200        0.700        2.100        0.800     5952.100
   125:        0.200        0.700        0.800     4553.100        0.200
   130:        0.700        0.800      441.100        0.200        0.700
   135:        0.800     2585.100        0.200        0.700        0.800
   140:      173.100        0.200        0.700        0.800      106.100
   145:        0.200        0.700        0.800      181.100        0.200
   150:        0.700        0.800    13396.100        0.200        0.700
   155:        0.800      107.100        0.200        0.700        0.800
   160:     7769.100        0.200        0.700        0.800     5309.300
G:
     0:      204.950      516.550     1026.460     1573.100     1596.510
     5:     1616.720     1637.470     1665.060     1682.730     2651.490
    10:     2716.250     3031.460     3441.800     4149.480     4178.040
    15:     4188.210     4200.990     4213.410     5506.420     5748.890
    20:     6319.630     6711.400     6731.270     6742.880     7338.000
    25:     7793.330     7837.460     8095.900     8113.240     8123.820
    30:     8141.970     9481.510     9492.260    10269.140
H:
     0:      179.740      341.500      756.070      756.270      773.950
     5:      774.710     6308.030     6308.290     6308.590     6309.240
    10:     6309.750     6310.580     6609.070
M:
     0:      204.950      516.550     1026.460     1573.100     1596.510
     5:     1616.720     1637.470     1665.060     1682.730     2651.490
    10:     2716.250     3031.460     3441.800     4149.480     4178.040
    15:     4188.210     4200.990     4213.410     5506.420     5748.890
    20:     6319.630     6711.400     6731.270     6742.680     7338.000
    25:     7793.330     7837.460     8095.900     8113.240     8123.820
    30:     8141.970     9481.510     9492.260    10269.140
N:
     0:      179.740      341.500      756.070      756.270      773.950
     5:      774.710     6308.030     6308.290     6308.590     6309.240
    10:     6309.750     6310.580     6609.070
O:
     0:     6742.880
P:
Q:
     0:   140640.000   183331.000   155979.000    81024.000       34.000
     5:       13.000        1.000        0.000
\Box8_Comments:



Start Date: 01/25/22
End Date: 01/25/22
Subject: 9
Experiment: heroinSA
Group: heroin
Box: 9
Start Time: 11:27:56
End Time: 14:59:32
MSN: FR_SCRIPT
D:       0.551
E:       0.449
F:      43.000
I:     248.000
J:       0.000
K:   10800.010
L:       0.000
R:       0.000
S:       0.000
T:    3233.000
U:       0.000
V:       0.000
W:       0.000
X:       0.000
Y:       0.000
Z:       0.000
A:
     0:        1.000        3.000      500.000     1000.000      180.000
     5:        1.000        1.000        1.000        1.000        0.000
    10:      260.000        0.000
B:
     0:       78.000       43.000       35.000        0.000        0.000
     5:        0.000        0.000
C:
     0:        0.500      424.600        0.500        4.600        0.500
     5:       70.600        0.500       91.100        0.200        0.700
    10:        2.100        0.800      800.600        0.500       66.100
    15:        0.200        0.700        0.800      178.600        0.500
    20:     1287.100        0.200        0.700        0.800      128.100
    25:        0.200        0.700        0.800      129.100        0.200
    30:        0.700        0.800      147.600        0.500        9.600
    35:        0.500       19.600        0.500     3420.600        0.500
    40:        2.600        0.500      786.600        0.500      575.100
    45:        0.200        0.700        0.800      149.600        0.500
    50:        6.600        0.500     2816.600        0.500      319.600
    55:        0.500     1086.600        0.500       28.100        0.200
    60:        0.700        0.800      250.100        0.200        0.700
    65:        0.800     2561.100        0.200        0.700        0.800
    70:      219.100        0.200        0.700        0.800     2829.100
    75:        0.200        0.700        0.800      965.100        0.200
    80:        0.700        0.800     2248.100        0.200        0.700
    85:        0.800     2093.100        0.200        0.700        0.800
    90:     3872.100        0.200        0.700        0.800     1249.100
    95:        0.200        0.700        0.100        0.800     2725.600
   100:        0.500      171.100        0.200        0.700        0.800
   105:     3982.100        0.200        0.700        0.800      700.100
   110:        0.200        0.700        0.800     1002.100        0.200
   115:        0.700        0.800     1934.100        0.200        0.700
   120:        0.800      107.100        0.200        0.700        1.100
   125:        0.800      161.100        0.200        0.700        0.800
   130:     7259.100        0.200        0.700        0.800     6736.600
   135:        0.500       34.100        0.200        0.700        0.800
   140:      173.600        0.500        7.600        0.500     2663.600
   145:        0.500     1756.600        0.500     1658.600        0.500
   150:      144.600        0.500      102.100        0.200        0.700
   155:        0.800     1390.600        0.500     2563.100        0.200
   160:        0.700        0.800      170.600        0.500     1872.600
   165:        0.500     1648.100        0.200        0.700        0.800
   170:     5106.600        0.500      492.100        0.200        0.700
   175:        0.800     1779.600        0.500        9.600        0.500
   180:      501.100        0.200        0.700        0.800     3007.100
   185:        0.200        0.700        0.800     3011.100        0.200
   190:        0.700        0.800     1420.100        0.200        0.700
   195:        0.800     3163.600        0.500     3170.600        0.500
   200:       21.100        0.200        0.700        0.800     2171.600
   205:        0.500     1944.100        0.200        0.700        0.800
   210:      195.100        0.200        0.700        0.800     1258.100
   215:        0.200        0.700        0.800     2042.100        0.200
   220:        0.700        0.800     1976.100        0.200        0.700
   225:        0.800     1598.600        0.500        1.600        0.500
   230:      854.100        0.200        0.700        0.800     2575.100
   235:        0.200        0.700        1.100        0.800      458.100
   240:        0.200        0.700        0.800      230.100        0.200
   245:        0.700        0.800     3233.300
G:
     0:       59.100      145.750      292.220      305.050      317.940
     5:      813.690     1254.120     1279.130     1535.240     1557.170
    10:     1840.040     1936.550     2161.290     2370.660     2757.850
    15:     2882.770     3172.290     3570.510     3640.560     3740.710
    20:     3934.140     3944.910     3961.010     4686.910     5363.930
    25:     6014.270     6409.500     6778.530     7338.350     7567.190
    30:     7867.980     8169.010     8311.060     8946.450     9357.940
    35:     9377.420     9503.200     9707.410     9905.040    10150.320
    40:    10407.940    10453.780    10476.740
H:
     0:       42.450       42.820       49.840      139.180      163.560
     5:      332.640      333.540      335.390      677.430      677.660
    10:      756.210      828.600      829.250     1110.880     1142.760
    15:     1251.310     3155.280     5360.530     5381.210     5381.890
    20:     5648.270     5823.870     5989.660     6004.070     6153.250
    25:     6426.530     6613.780     7289.160     7516.260     7517.180
    30:     8627.310     8944.360     9163.540    10064.800    10064.960
M:
     0:       58.950      145.750      292.220      305.050      317.940
     5:      813.690     1254.120     1279.130     1535.240     1557.170
    10:     1840.040     1936.550     2161.290     2370.660     2757.850
    15:     2882.710     3172.290     3570.510     3640.560     3740.710
    20:     3934.140     3944.810     3961.010     4686.910     5363.930
    25:     6014.270     6409.500     6778.530     7338.350     7567.190
    30:     7867.980     8169.010     8311.060     8946.450     9357.940
    35:     9377.420     9503.200     9707.410     9905.040    10150.320
    40:    10407.850    10453.780    10476.740
N:
     0:       42.450       42.820       49.840      139.180      163.560
     5:      332.640      333.540      335.390      677.430      677.660
    10:      756.210      828.600      829.250     1110.880     1142.760
    15:     1251.310     3155.280     5360.530     5381.210     5381.890
    20:     5648.270     5823.870     5989.660     6004.070     6153.250
    25:     6426.530     6613.780     7289.160     7516.260     7517.180
    30:     8627.310     8944.360     9163.540    10064.800    10064.960
O:
     0:       59.100     2882.770     3944.910    10407.940
P:
Q:
     0:   113937.000   258728.000   209672.000    72927.000       43.000
     5:       35.000        4.000        0.000
\Box9_Comments:



Start Date: 01/25/22
End Date: 01/25/22
Subject: 10
Experiment: heroinSA
Group: saline
Box: 10
Start Time: 11:27:56
End Time: 14:59:32
MSN: FR_SCRIPT
D:       0.463
E:       0.537
F:      19.000
I:     122.000
J:       0.000
K:   10800.010
L:       0.000
R:       0.000
S:       0.000
T:    7174.000
U:       0.000
V:       0.000
W:       0.000
X:       0.000
Y:       0.000
Z:       0.000
A:
     0:        2.000        3.000      500.000     1000.000      180.000
     5:        1.000        1.000        1.000        1.000        0.000
    10:      253.000        0.000
B:
     0:       41.000       19.000       22.000        0.000        0.000
     5:        0.000        0.000
C:
     0:        0.500      485.100        0.200        0.700        0.800
     5:      118.100        0.200        0.700        0.800      368.600
    10:        0.500      519.100        0.200        0.700        0.800
    15:     2651.600        0.500        8.600        0.500        7.600
    20:        0.500       57.100        0.200        0.700        0.800
    25:      240.100        0.200        0.700        0.800     8292.100
    30:        0.200        0.700        0.800     1513.100        0.200
    35:        0.700        0.800      105.100        0.200        0.700
    40:        0.800     4743.100        0.200        0.700        0.800
    45:     7063.100        0.200        0.700        0.800      117.600
    50:        0.500      427.100        0.200        0.700        0.800
    55:      104.600        0.500        4.600        0.500       58.600
    60:        0.500       25.600        0.500       12.600        0.500
    65:       13.600        0.500      131.600        0.500      109.600
    70:        0.500      767.600        0.500        5.600        0.500
    75:      794.600        0.500       19.600        0.500       17.600
    80:        0.500       76.600        0.500        7.600        0.500
    85:    17825.100        0.200        0.700        0.800     3177.100
    90:        0.200        0.700        0.800      629.100        0.200
    95:        0.700        0.800      174.600        0.500      234.100
   100:        0.200        0.700        0.800      107.100        0.200
   105:        0.700        0.800    25838.100        0.200        0.700
   110:        0.800    20687.100        0.200        0.700        0.800
   115:     3007.600        0.500      294.100        0.200        0.700
   120:        0.800     7174.300
G:
     0:       48.500       60.380      148.990      421.320      445.290
     5:     1274.550     1425.880     1436.330     1910.620     2616.960
    10:     2671.310     4667.950     4985.590     5048.510     5089.320
    15:     5100.080     7683.790     9752.520    10082.670
H:
     0:       97.090      414.130      414.920      415.620     2628.600
     5:     2681.760     2682.150     2687.950     2690.440     2691.680
    10:     2692.970     2706.000     2716.970     2793.600     2794.150
    15:     2873.510     2875.410     2877.130     2884.760     2885.440
    20:     5065.980    10053.230
M:
     0:       48.500       60.380      148.990      421.320      445.290
     5:     1274.550     1425.880     1436.330     1910.620     2616.960
    10:     2671.310     4667.950     4985.590     5048.510     5089.320
    15:     5100.080     7683.790     9752.520    10082.670
N:
     0:       97.090      414.130      414.920      415.620     2628.600
     5:     2681.760     2682.150     2687.950     2690.440     2691.680
    10:     2692.970     2706.000     2716.970     2793.600     2794.150
    15:     2873.510     2875.410     2877.130     2884.760     2885.440
    20:     5065.980    10053.230
O:
P:
Q:
     0:   148951.000   131494.000   127370.000   117792.000       19.000
     5:       22.000        0.000        0.000
\Box10_Comments:



Start Date: 01/25/22
End Date: 01/25/22
Subject: 11
Experiment: heroinSA
Group: saline
Box: 11
Start Time: 11:27:56
End Time: 14:59:32
MSN: FR_SCRIPT_5choice
D:       0.406
E:       0.594
F:      13.000
I:      92.000
J:       0.000
K:   10800.010
L:       0.000
R:       0.000
S:       0.000
T:    1218.000
U:       0.000
V:       0.000
W:       0.000
X:       0.000
Y:       0.000
Z:       0.000
A:
     0:        1.000        3.000      500.000     1000.000      180.000
     5:        1.000        1.000        1.000        2.000        0.000
    10:      279.000        0.000
B:
     0:       32.000       13.000       19.000        0.000        0.000
     5:        0.000        0.000
C:
     0:        0.500       29.600        0.500        3.600        0.500
     5:       13.600        0.500       38.100        0.200        0.700
    10:        0.800      667.100        0.200        0.700        0.800
    15:      133.100        0.200        0.700        0.800    10839.600
    20:        0.500       40.600        0.500       12.600        0.500
    25:     2759.100        0.200        0.700        0.800      200.100
    30:        0.200        0.700        0.800      148.600        0.500
    35:       61.100        0.200        0.700        0.800      546.600
    40:        0.500    10276.600        0.500     2169.100        0.200
    45:        0.700        0.800    25987.600        0.500       23.600
    50:        0.500      125.600        0.500      612.100        0.200
    55:        0.700        0.800      558.100        0.200        0.700
    60:        0.800     4293.100        0.200        0.700        0.800
    65:      517.600        0.500    14611.600        0.500     2443.600
    70:        0.500      409.600        0.500     2144.600        0.500
    75:       79.100        0.200        0.700        0.800     9916.100
    80:        0.200        0.700        0.800     3896.100        0.200
    85:        0.700        0.800    10220.600        0.500     3016.600
    90:        0.500     1218.300
G:
     0:        8.380       75.070       88.300     1453.290     1473.360
     5:     1494.190     2793.290     5468.050     5523.800     5953.140
    10:     7973.440     8965.020     9354.600
H:
     0:        2.960        3.220        4.490     1172.270     1176.220
     5:     1177.430     1488.140     1548.800     2576.470     5392.010
    10:     5394.310     5406.790     6004.820     7465.980     7710.260
    15:     7751.140     7965.510    10376.590    10678.280
M:
     0:        8.380       75.070       88.300     1453.290     1473.360
     5:     1494.190     2793.290     5468.050     5523.800     5953.140
    10:     7973.440     8965.020     9354.600
N:
     0:        2.960        3.220        4.490     1172.270     1176.220
     5:     1177.430     1488.140     1548.800     2576.470     5392.010
    10:     5394.310     5406.790     6004.820     7465.980     7710.260
    15:     7751.140     7965.510    10376.590    10678.280
O:
P:
Q:
     0:        0.000        0.000        0.000        0.000       13.000
     5:       19.000        0.000        0.000
\Box11_Comments:



Start Date: 01/25/22
End Date: 01/25/22
Subject: 12
Experiment: heroinSA
Group: saline
Box: 12
Start Time: 11:27:56
End Time: 14:59:32
MSN: FR_SCRIPT_5choice
D:       1.000
E:       0.000
F:       1.000
I:       6.000
J:       0.000
K:   10800.010
L:       0.000
R:       0.000
S:       0.000
T:  103423.000
U:       0.000
V:       0.000
W:       0.000
X:       0.000
Y:       0.000
Z:       0.000
A:
     0:        2.000        3.000      500.000     1000.000      180.000
     5:        1.000        1.000        1.000        2.000        0.000
    10:      269.000        0.000
B:
     0:        1.000        1.000        0.000        0.000        0.000
     5:        0.000        0.000
C:
     0:        0.500     4577.100        0.200        0.700        0.800
     5:   103423.300
G:
     0:      457.730
H:
M:
     0:      457.730
N:
O:
P:
Q:
     0:        0.000        0.000        0.000        0.000        1.000
     5:        0.000        0.000        0.000
\Box12_Comments:



Start Date: 01/25/22
End Date: 01/25/22
Subject: 13
Experiment: heroinSA
Group: saline
Box: 13
Start Time: 11:27:56
End Time: 14:59:32
MSN: FR_SCRIPT_5choice
D:       0.679
E:       0.321
F:      19.000
I:      96.000
J:       0.000
K:   10800.010
L:       0.000
R:       0.000
S:       0.000
T:    2440.000
U:       0.000
V:       0.000
W:       0.000
X:       0.000
Y:       0.000
Z:       0.000
A:
     0:        1.000        3.000      500.000     1000.000      180.000
     5:        1.000        1.000        1.000        2.000        0.000
    10:      250.000        0.000
B:
     0:       28.000       19.000        9.000        0.000        0.000
     5:        0.000        0.000
C:
     0:        0.500     2275.600        0.500     9526.100        0.200
     5:        0.700        0.800      160.100        0.200        0.700
    10:        0.800      458.100        0.200        0.700        0.800
    15:      114.100        0.200        0.700        0.800      186.100
    20:        0.200        0.700        0.800     6072.100        0.200
    25:        0.700        0.800      330.100        0.200        0.700
    30:        0.800     1784.100        0.200        0.700        0.800
    35:     4877.100        0.200        0.700        0.800      122.100
    40:        0.200        0.700        0.800      349.100        0.200
    45:        0.700        0.800     1088.600        0.500       12.600
    50:        0.500    14003.100        0.200        0.700        0.800
    55:     7317.100        0.200        0.700        0.800    20779.100
    60:        0.200        0.700        0.800      136.600        0.500
    65:       34.600        0.500      200.100        0.200        0.700
    70:        0.800      112.600        0.500      373.100        0.200
    75:        0.700        0.800      208.600        0.500    23998.100
    80:        0.200        0.700        0.800      263.100        0.200
    85:        0.700        0.800    10494.600        0.500      209.600
    90:        0.500       81.100        0.200        0.700        0.800
    95:     2440.300
G:
     0:     1180.090     1196.180     1241.930     1253.370     1271.920
     5:     1879.140     1912.150     2090.490     2578.210     2590.420
    10:     2625.330     4135.630     4867.290     6945.260     6982.190
    15:     7030.720     9451.360     9477.590    10556.030
H:
     0:      227.540     2734.140     2735.340     6958.810     6962.250
     5:     6993.390     7051.510    10527.010    10547.910
M:
     0:     1180.090     1196.180     1241.930     1253.370     1271.920
     5:     1879.140     1912.150     2090.490     2578.210     2590.420
    10:     2625.330     4135.630     4867.290     6945.260     6982.190
    15:     7030.720     9451.360     9477.590    10556.030
N:
     0:      227.540     2734.140     2735.340     6958.810     6962.250
     5:     6993.390     7051.510    10527.010    10547.910
O:
P:
Q:
     0:        0.000        0.000        0.000        0.000       19.000
     5:        9.000        0.000        0.000
\Box13_Comments:



Start Date: 01/25/22
End Date: 01/25/22
Subject: 14
Experiment: heroinSA
Group: saline
Box: 14
Start Time: 11:27:56
End Time: 14:59:32
MSN: FR_SCRIPT_5choice
D:       0.500
E:       0.500
F:       4.000
I:      26.000
J:       0.000
K:   10800.010
L:       0.000
R:       0.000
S:       0.000
T:   69146.000
U:       0.000
V:       0.000
W:       0.000
X:       0.000
Y:       0.000
Z:       0.000
A:
     0:        2.000        3.000      500.000     1000.000      180.000
     5:        1.000        1.000        1.000        2.000        0.000
    10:      275.000        0.000
B:
     0:        8.000        4.000        4.000        0.000        0.000
     5:        0.000        0.000
C:
     0:        0.500     2754.600        0.500    12305.100        0.200
     5:        0.700        0.800      480.600        0.500       11.600
    10:        0.500      662.100        0.200        0.700        0.800
    15:      866.100        0.200        0.700        0.800    14536.100
    20:        0.200        0.700        0.800     7240.600        0.500
    25:    69146.300
G:
     0:     1505.970     1621.190     1707.820     3161.420
H:
     0:      275.440     1553.980     1555.020     3885.450
M:
     0:     1505.970     1621.190     1707.820     3161.420
N:
     0:      275.440     1553.980     1555.020     3885.450
O:
P:
Q:
     0:        0.000        0.000        0.000        0.000        4.000
     5:        4.000        0.000        0.000
\Box14_Comments:



Start Date: 01/25/22
End Date: 01/25/22
Subject: 15
Experiment: heroinSA
Group: saline
Box: 15
Start Time: 11:27:56
End Time: 14:59:32
MSN: FR_SCRIPT_5choice
D:       0.750
E:       0.250
F:       3.000
I:      16.000
J:       0.000
K:   10800.010
L:       0.000
R:       0.000
S:       0.000
T:   71745.000
U:       0.000
V:       0.000
W:       0.000
X:       0.000
Y:       0.000
Z:       0.000
A:
     0:        1.000        3.000      500.000     1000.000      180.000
     5:        1.000        1.000        1.000        2.000        0.000
    10:      260.000        0.000
B:
     0:        4.000        3.000        1.000        0.000        0.000
     5:        0.000        0.000
C:
     0:        0.500      632.100        0.200        0.700        0.800
     5:    12188.600        0.500    15940.100        0.200        0.700
    10:        0.800     7495.100        0.200        0.700        0.800
    15:    71745.300
G:
     0:       63.260     2876.040     3625.560
H:
     0:     1282.050
M:
     0:       63.260     2876.040     3625.560
N:
     0:     1282.050
O:
P:
Q:
     0:        0.000        0.000        0.000        0.000        3.000
     5:        1.000        0.000        0.000
\Box15_Comments:
