File: C:\Users\Joseph Landry\Desktop\data_rmf\js\heroin_sa_20220118\ heroinSA_FR1_roomF_20220201



Start Date: 02/01/22
End Date: 02/02/22
Subject: 16
Experiment: heroinSA
Group: heroin
Box: 1
Start Time: 12:34:43
End Time:  8:58:47
MSN: FR_SCRIPT
D:       0.865
E:       0.135
F:     109.000
I:     481.000
J:       0.000
K:   10800.010
L:       0.000
R:       0.000
S:       0.000
T:     459.000
U:       0.000
V:       0.000
W:       0.000
X:       0.000
Y:       0.000
Z:       0.000
A:
     0:        2.000        3.000      500.000     1000.000      180.000
     5:        1.000        1.000        1.000        1.000        0.000
    10:      294.000        0.000
B:
     0:      126.000      109.000       17.000        0.000        0.000
     5:        0.000        0.000
C:
     0:        0.500      474.600        0.500        3.600        0.500
     5:        5.600        0.500       27.100        0.200        0.700
    10:        0.800      443.600        0.500      103.100        0.200
    15:        0.700        0.800      142.100        0.200        0.700
    20:        0.800     1350.600        0.500      128.600        0.500
    25:        7.600        0.500       28.100        0.200        0.700
    30:        0.800      909.600        0.500       24.600        0.500
    35:        6.600        0.500      776.100        0.200        0.700
    40:        0.100        0.800      459.100        0.200        0.700
    45:        0.800      247.100        0.200        0.700        0.800
    50:     3651.600        0.500       17.600        0.500        4.600
    55:        0.500       22.600        0.500        3.600        0.500
    60:       23.600        0.500        7.100        0.200        0.700
    65:        0.800      233.100        0.200        0.700        1.100
    70:        0.800      406.600        0.500      542.100        0.200
    75:        0.700        0.800      111.100        0.200        0.700
    80:        1.100        0.800      888.100        0.200        0.700
    85:        0.800      439.100        0.200        0.700        0.800
    90:      213.100        0.200        0.700        0.800      219.100
    95:        0.200        0.700        0.800      233.100        0.200
   100:        0.700        0.800      297.100        0.200        0.700
   105:        0.800      307.100        0.200        0.700        0.800
   110:      101.100        0.200        0.700        0.800      252.100
   115:        0.200        0.700        0.800      101.100        0.200
   120:        0.700        0.800      101.100        0.200        0.700
   125:        0.800      273.100        0.200        0.700        0.800
   130:      260.100        0.200        0.700        0.800      721.100
   135:        0.200        0.700        0.800      202.100        0.200
   140:        0.700        0.800      106.100        0.200        0.700
   145:        0.800     1091.100        0.200        0.700        0.800
   150:      832.100        0.200        0.700        0.800      199.100
   155:        0.200        0.700        0.800      100.100        0.200
   160:        0.700        0.800      472.100        0.200        0.700
   165:        0.800     1226.100        0.200        0.700        0.800
   170:      406.100        0.200        0.700        0.800      100.100
   175:        0.200        0.700        0.100        0.800      356.100
   180:        0.200        0.700        0.800      414.100        0.200
   185:        0.700        0.800     1104.100        0.200        0.700
   190:        0.800      242.100        0.200        0.700        0.800
   195:      378.100        0.200        0.700        0.800     3236.100
   200:        0.200        0.700        0.800     6510.100        0.200
   205:        0.700        0.800      286.100        0.200        0.700
   210:        0.800     6060.100        0.200        0.700        0.800
   215:      264.100        0.200        0.700        0.800      311.100
   220:        0.200        0.700        0.800      360.100        0.200
   225:        0.700        0.800      143.100        0.200        0.700
   230:        0.800     7564.100        0.200        0.700        0.800
   235:      101.100        0.200        0.700        0.800      372.100
   240:        0.200        0.700        0.800      237.100        0.200
   245:        0.700        0.800      288.100        0.200        0.700
   250:        0.800      156.100        0.200        0.700        0.800
   255:      597.100        0.200        0.700       16.100        0.800
   260:      298.100        0.200        0.700        0.800     1564.100
   265:        0.200        0.700        0.800      875.100        0.200
   270:        0.700        0.800      109.100        0.200        0.700
   275:        0.800      141.100        0.200        0.700        0.800
   280:     3089.100        0.200        0.700        0.800     1715.100
   285:        0.200        0.700        0.800     1047.100        0.200
   290:        0.700        0.800      888.100        0.200        0.700
   295:        0.800     2435.100        0.200        0.700        0.800
   300:     1669.100        0.200        0.700        0.800     1470.100
   305:        0.200        0.700        0.800     1206.100        0.200
   310:        0.700        1.100        0.800     3010.100        0.200
   315:        0.700        0.800      274.100        0.200        0.700
   320:        0.800     1589.100        0.200        0.700        0.800
   325:      101.100        0.200        0.700        0.800     1532.100
   330:        0.200        0.700        1.100        0.800       99.100
   335:        0.200        0.700        0.800      101.100        0.200
   340:        0.700        0.800     1161.100        0.200        0.700
   345:        0.800     1266.100        0.200        0.700        0.800
   350:     7821.100        0.200        0.700        0.800     6045.100
   355:        0.200        0.700        0.800      534.100        0.200
   360:        0.700        0.800      199.100        0.200        0.700
   365:        0.800      100.100        0.200        0.700        0.800
   370:      247.100        0.200        0.700        0.800      465.100
   375:        0.200        0.700        0.800      661.100        0.200
   380:        0.700        0.800     1744.100        0.200        0.700
   385:        0.800      585.100        0.200        0.700        0.800
   390:      101.100        0.200        0.700        0.800      397.100
   395:        0.200        0.700        0.800      212.100        0.200
   400:        0.700        0.800      408.100        0.200        0.700
   405:        0.800     1908.100        0.200        0.700        0.800
   410:     1511.100        0.200        0.700        0.800      274.100
   415:        0.200        0.700        0.800     1547.100        0.200
   420:        0.700        0.800      527.100        0.200        0.700
   425:        0.800     1008.100        0.200        0.700        0.800
   430:      621.100        0.200        0.700        0.800      451.100
   435:        0.200        0.700        0.800      360.100        0.200
   440:        0.700        0.800      426.100        0.200        0.700
   445:        0.800      101.100        0.200        0.700        0.800
   450:     2045.100        0.200        0.700        0.800      867.100
   455:        0.200        0.700        0.800      751.100        0.200
   460:        0.700        1.100        0.800      485.100        0.200
   465:        0.700        0.800      100.100        0.200        0.700
   470:        0.800      101.100        0.200        0.700        0.800
   475:     1010.100        0.200        0.700        1.100        0.800
   480:      459.300
G:
     0:       50.940      105.540      119.710      271.000      442.550
     5:      488.480      513.150      885.820      909.230     1004.000
    10:     1015.200     1104.000     1147.950     1169.220     1191.150
    15:     1214.440     1244.090     1274.840     1284.900     1310.140
    20:     1320.260     1330.370     1357.620     1383.660     1455.700
    25:     1475.980     1486.580     1595.650     1678.880     1698.690
    30:     1708.750     1755.900     1878.540     1919.100     1929.180
    35:     1964.700     2006.170     2116.500     2140.720     2178.520
    40:     2502.110     3153.090     3181.690     3787.730     3814.090
    45:     3845.220     3881.240     3895.540     4651.960     4662.020
    50:     4699.220     4722.970     4751.690     4767.380     4828.640
    55:     4858.430     5014.810     5102.300     5113.220     5127.320
    60:     5436.250     5607.700     5712.430     5801.280     6044.750
    65:     6211.610     6358.620     6479.350     6780.300     6807.770
    70:     6966.630     6976.690     7130.040     7139.940     7150.000
    75:     7266.170     7392.760     8174.840     8779.350     8832.710
    80:     8852.590     8862.640     8887.340     8933.850     8999.890
    85:     9174.300     9232.850     9242.920     9282.620     9303.830
    90:     9344.670     9535.430     9686.550     9713.940     9868.620
    95:     9921.380    10022.100    10084.270    10129.300    10165.340
   100:    10207.970    10218.030    10422.550    10509.270    10584.420
   105:    10632.930    10642.980    10653.040    10754.130
H:
     0:       47.390       47.710       48.230       95.190      254.700
     5:      267.580      268.250      361.970      364.350      364.970
    10:      878.190      879.960      880.370      882.570      882.870
    15:      885.120      949.860
M:
     0:       50.940      105.540      119.710      271.000      442.500
     5:      488.480      513.150      885.820      909.170     1004.000
    10:     1015.160     1104.000     1147.950     1169.220     1191.150
    15:     1214.440     1244.090     1274.840     1284.900     1310.140
    20:     1320.260     1330.370     1357.620     1383.660     1455.700
    25:     1475.980     1486.580     1595.650     1678.880     1698.690
    30:     1708.750     1755.900     1878.540     1919.100     1929.160
    35:     1964.700     2006.170     2116.500     2140.720     2178.520
    40:     2502.110     3153.090     3181.690     3787.730     3814.090
    45:     3845.220     3881.240     3895.540     4651.960     4662.020
    50:     4699.220     4722.970     4751.690     4767.380     4827.040
    55:     4858.430     5014.810     5102.300     5113.220     5127.320
    60:     5436.250     5607.700     5712.430     5801.280     6044.750
    65:     6211.610     6358.620     6479.250     6780.300     6807.770
    70:     6966.630     6976.690     7129.890     7139.940     7150.000
    75:     7266.170     7392.760     8174.840     8779.350     8832.710
    80:     8852.590     8862.640     8887.340     8933.850     8999.890
    85:     9174.300     9232.850     9242.920     9282.620     9303.830
    90:     9344.670     9535.430     9686.550     9713.940     9868.620
    95:     9921.380    10022.100    10084.270    10129.300    10165.340
   100:    10207.970    10218.030    10422.550    10509.270    10584.320
   105:    10632.930    10642.980    10653.040    10754.050
N:
     0:       47.390       47.710       48.230       95.190      254.700
     5:      267.580      268.250      361.970      364.350      364.970
    10:      878.190      879.960      880.370      882.570      882.870
    15:      885.120      949.860
O:
     0:      442.550      909.230     1015.200     1929.180     4828.640
     5:     6479.350     7130.040    10584.420    10754.130
P:
Q:
     0:   280820.000   282201.000    55262.000    13772.000      109.000
     5:       17.000        9.000        0.000
\Box1_Comments:



Start Date: 02/01/22
End Date: 02/02/22
Subject: 17
Experiment: heroinSA
Group: heroin
Box: 2
Start Time: 12:34:43
End Time:  8:58:47
MSN: FR_SCRIPT
D:       0.988
E:       0.012
F:      83.000
I:     351.000
J:       0.000
K:   10800.010
L:       0.000
R:       0.000
S:       0.000
T:    6942.000
U:       0.000
V:       1.000
W:       0.000
X:       0.000
Y:       0.000
Z:       0.000
A:
     0:        1.000        3.000      500.000     1000.000      180.000
     5:        1.000        1.000        1.000        1.000        0.000
    10:      275.000        0.000
B:
     0:       84.000       83.000        1.000        0.000        0.000
     5:        0.000        0.000
C:
     0:        0.500       31.100        0.200        0.700        0.800
     5:      124.100        0.200        0.700        4.100        0.800
    10:      116.600        0.500     1637.100        0.200        0.700
    15:        0.800      125.100        0.200        0.700        0.800
    20:      120.100        0.200        0.700        0.800      101.100
    25:        0.200        0.700        0.800      106.100        0.200
    30:        0.700        0.800     1909.100        0.200        0.700
    35:        0.800      113.100        0.200        0.700        0.800
    40:      103.100        0.200        0.700        0.800      169.100
    45:        0.200        0.700        0.800      260.100        0.200
    50:        0.700        0.800      182.100        0.200        0.700
    55:        0.800     1170.100        0.200        0.700        0.800
    60:      727.100        0.200        0.700        0.800     6786.100
    65:        0.200        0.700        0.800      284.100        0.200
    70:        0.700        0.800      103.100        0.200        0.700
    75:        2.100        0.800      297.100        0.200        0.700
    80:        0.800      113.100        0.200        0.700        0.800
    85:      854.100        0.200        0.700        0.800      101.100
    90:        0.200        0.700        0.800     8859.100        0.200
    95:        0.700        0.800      106.100        0.200        0.700
   100:        0.800      182.100        0.200        0.700        0.800
   105:     4521.100        0.200        0.700        0.800      306.100
   110:        0.200        0.700        0.800      107.100        0.200
   115:        0.700        0.800      273.100        0.200        0.700
   120:        2.100        0.800      101.100        0.200        0.700
   125:        0.800      193.100        0.200        0.700        0.800
   130:     5112.100        0.200        0.700        0.800      258.100
   135:        0.200        0.700        0.800     7493.100        0.200
   140:        0.700        0.800      195.100        0.200        0.700
   145:        0.800      241.100        0.200        0.700        0.800
   150:      105.100        0.200        0.700        0.800      107.100
   155:        0.200        0.700        0.800      152.100        0.200
   160:        0.700        0.800      107.100        0.200        0.700
   165:        0.800      114.100        0.200        0.700        0.800
   170:      132.100        0.200        0.700        0.800      104.100
   175:        0.200        0.700        0.800      141.100        0.200
   180:        0.700        0.800      194.100        0.200        0.700
   185:        1.100        0.800      116.100        0.200        0.700
   190:        0.800      155.100        0.200        0.700        0.800
   195:      106.100        0.200        0.700        0.800    14411.100
   200:        0.200        0.700        0.800      172.100        0.200
   205:        0.700        0.800      411.100        0.200        0.700
   210:       45.100        0.800       60.100        0.200        0.700
   215:        0.800      246.100        0.200        0.700        2.100
   220:        0.800     6754.100        0.200        0.700        0.800
   225:      159.100        0.200        0.700       71.100        0.800
   230:      207.100        0.200        0.700        0.800      173.100
   235:        0.200        0.700        0.800      197.100        0.200
   240:        0.700        0.800      295.100        0.200        0.700
   245:        0.800      110.100        0.200        0.700        0.800
   250:      107.100        0.200        0.700        0.800      120.100
   255:        0.200        0.700        0.800      159.100        0.200
   260:        0.700        3.100        0.800     5760.100        0.200
   265:        0.700        0.800      394.100        0.200        0.700
   270:        0.800     9682.100        0.200        0.700        0.800
   275:      428.100        0.200        0.700        0.800      162.100
   280:        0.200        0.700        0.800      141.100        0.200
   285:        0.700        0.800      107.100        0.200        0.700
   290:        2.100       59.100        0.800       40.100        0.200
   295:        0.700        0.800      544.100        0.200        0.700
   300:        0.800     7350.100        0.200        0.700        0.800
   305:      118.100        0.200        0.700        4.100        0.800
   310:      140.100        0.200        0.700       62.100       35.100
   315:        0.800        5.100        0.200        0.700       45.100
   320:        0.800       70.100        0.200        0.700        0.800
   325:      542.100        0.200        0.700        0.800      124.100
   330:        0.200        0.700        0.800     2855.100        0.200
   335:        0.700        0.800      164.100        0.200        0.700
   340:        1.100        0.800     2846.100        0.200        0.700
   345:        0.800      656.100        0.200        0.700        0.800
   350:     6942.300
G:
     0:        3.090       15.970      191.280      203.700      215.710
     5:      225.820      236.390      427.370      438.620      448.950
    10:      465.880      491.860      510.050      627.020      699.760
    15:     1378.320     1406.740     1417.220     1446.970     1458.190
    20:     1543.650     1553.780     2439.620     2450.280     2468.440
    25:     2920.490     2951.120     2961.800     2989.320     2999.470
    30:     3018.710     3529.950     3555.720     4305.050     4324.530
    35:     4348.660     4359.180     4369.800     4385.050     4395.750
    40:     4407.110     4420.300     4430.720     4444.800     4464.320
    45:     4475.900     4491.420     4502.010     5943.110     5960.360
    50:     6005.960     6011.920     6036.700     6712.120     6735.170
    55:     6755.810     6773.170     6792.840     6822.330     6833.380
    60:     6844.060     6856.050     6872.230     7448.240     7487.590
    65:     8455.880     8498.650     8514.840     8528.970     8545.750
    70:     8549.740     8604.100     9339.160     9351.360     9375.020
    75:     9380.040     9387.040     9441.200     9453.640     9739.130
    80:     9755.660    10040.240    10105.800
H:
     0:       27.540
M:
     0:        3.090       15.490      191.280      203.700      215.710
     5:      225.820      236.390      427.370      438.620      448.950
    10:      465.880      491.860      510.050      627.020      699.760
    15:     1378.320     1406.740     1417.080     1446.970     1458.190
    20:     1543.650     1553.780     2439.620     2450.280     2468.440
    25:     2920.490     2951.120     2961.800     2989.180     2999.470
    30:     3018.710     3529.950     3555.720     4305.050     4324.530
    35:     4348.660     4359.180     4369.800     4385.050     4395.750
    40:     4407.110     4420.300     4430.720     4444.800     4464.210
    45:     4475.900     4491.420     4502.010     5943.110     5960.360
    50:     6001.400     6011.920     6036.550     6712.120     6728.080
    55:     6755.810     6773.170     6792.840     6822.330     6833.380
    60:     6844.060     6856.050     6871.960     7448.240     7487.590
    65:     8455.880     8498.650     8514.840     8528.970     8539.610
    70:     8549.740     8604.100     9339.160     9350.930     9365.370
    75:     9375.500     9387.040     9441.200     9453.640     9739.130
    80:     9755.550    10040.240    10105.800
N:
     0:       27.540
O:
     0:       15.970     1417.220     2989.320     4464.320     6005.960
     5:     6036.700     6735.170     6872.230     8539.790     8545.750
    10:     9351.360     9371.500     9375.020     9380.040     9755.660
P:
Q:
     0:   151347.000   204708.000   161298.000    93449.000       83.000
     5:        1.000       15.000        0.000
\Box2_Comments:



Start Date: 02/01/22
End Date: 02/02/22
Subject: 18
Experiment: heroinSA
Group: heroin
Box: 3
Start Time: 12:34:43
End Time:  8:58:47
MSN: FR_SCRIPT
D:       0.531
E:       0.469
F:      17.000
I:     109.000
J:       0.000
K:   10800.010
L:       0.000
R:       0.000
S:       0.000
T:    7386.000
U:       0.000
V:       0.000
W:       0.000
X:       0.000
Y:       0.000
Z:       0.000
A:
     0:        2.000        3.000      500.000     1000.000      180.000
     5:        1.000        1.000        1.000        1.000        0.000
    10:      260.000        0.000
B:
     0:       32.000       17.000       15.000        0.000        0.000
     5:        0.000        0.000
C:
     0:        0.500      752.100        0.200        0.700        3.100
     5:        0.800      388.100        0.200        0.700        0.800
    10:     1428.100        0.600        0.500        0.200        0.700
    15:        0.800    10391.600        0.500     4436.100        0.200
    20:        0.700        0.800     3982.100        0.200        0.700
    25:        5.100        0.800      174.100        0.200        0.700
    30:        0.800    11241.600        0.500        3.600        0.500
    35:        5.600        0.500        6.600        0.500        5.600
    40:        0.500       10.600        0.500      208.100        0.200
    45:        0.700        0.800     5755.600        0.500      991.600
    50:        0.500      110.100        0.200        0.700        1.100
    55:        2.100        0.800      175.600        0.500        2.600
    60:        0.500        4.600        0.500     6122.100        0.200
    65:        0.700        0.800     5953.100        0.200        0.700
    70:        3.100        0.800     7762.100        0.200        0.700
    75:        2.100        0.800     6760.100        0.200        0.700
    80:        0.800    14903.600        0.500       12.600        0.500
    85:      410.600        0.500     1166.100        0.200        0.700
    90:        0.800      273.100        0.200        0.700        2.100
    95:        0.800    11295.100        0.200        0.700        0.800
   100:     5694.100        0.200        0.700        0.800      180.100
   105:        0.200        0.700        0.800     7386.300
G:
     0:       75.520      114.290      257.180     1739.790     2138.530
     5:     2155.930     3303.690     3989.630     4619.940     5215.580
    10:     5991.930     6667.940     8317.070     8344.540     9473.990
    15:    10043.390    10061.400
H:
     0:     1296.230     3279.990     3280.290     3280.790     3281.470
     5:     3281.920     3282.940     3879.280     3978.350     4007.100
    10:     4007.360     4007.690     8158.240     8159.420     8200.450
M:
     0:       75.240      114.290      257.180     1739.790     2138.060
     5:     2155.930     3303.690     3989.310     4619.940     5215.270
    10:     5991.730     6667.940     8317.070     8344.340     9473.990
    15:    10043.390    10061.400
N:
     0:     1296.230     3279.990     3280.290     3280.790     3281.470
     5:     3281.920     3282.940     3879.280     3978.350     4007.100
    10:     4007.360     4007.690     8158.240     8159.420     8200.450
O:
     0:       75.520     2138.530     3989.470     3989.630     5215.580
     5:     5991.930     8344.540
P:
Q:
     0:   198736.000    92507.000    99597.000   217816.000       17.000
     5:       15.000        7.000        0.000
\Box3_Comments:



Start Date: 02/01/22
End Date: 02/02/22
Subject: 19
Experiment: heroinSA
Group: heroin
Box: 4
Start Time: 12:34:43
End Time:  8:58:47
MSN: FR_SCRIPT
D:       1.000
E:       0.000
F:      35.000
I:     145.000
J:       0.000
K:   10800.010
L:       0.000
R:       0.000
S:       0.000
T:    3819.000
U:       0.000
V:       0.000
W:       0.000
X:       0.000
Y:       1.000
Z:       1.000
A:
     0:        1.000        3.000      500.000     1000.000      180.000
     5:        1.000        1.000        1.000        1.000        0.000
    10:      251.000        0.000
B:
     0:       35.000       35.000        0.000        0.000        0.000
     5:        0.000        0.000
C:
     0:        0.500      245.100        0.200        0.700        0.800
     5:      905.100        0.200        0.700        0.800      308.100
    10:        0.200        0.700        0.800      147.100        0.200
    15:        0.700        0.800      103.100        0.200        0.700
    20:        0.800      272.100        0.200        0.700       14.100
    25:        0.600        0.500        0.800     3112.100        0.200
    30:        0.700        0.800     1771.100        0.200        0.700
    35:        0.800     5825.100        0.200        0.700        0.800
    40:     3547.100        0.200        0.700        0.800      108.100
    45:        0.200        0.700        0.800     5368.100        0.200
    50:        0.700        0.800     3898.100        0.200        0.700
    55:        0.800     4005.100        0.200        0.700        0.800
    60:     4448.100        0.200        0.700        0.800      139.100
    65:        0.200        0.700        0.800     7708.100        0.200
    70:        0.700        0.800      183.100        0.200        0.700
    75:        0.800     5959.100        0.200        0.700        0.800
    80:     3377.100        0.200        0.700        0.800     3497.100
    85:        0.200        0.700        0.800     3853.100        0.200
    90:        0.700        0.800     2875.100        0.200        0.700
    95:        0.800     5337.100        0.200        0.700        0.800
   100:     2310.100        0.200        0.700        0.800     6864.100
   105:        0.200        0.700        0.800     4033.100        0.200
   110:        0.700        0.800      117.100        0.200        0.700
   115:        0.800     3155.100        0.200        0.700        0.800
   120:     4527.100        0.200        0.700        0.800     3530.100
   125:        0.200        0.700        0.800     3900.100        0.200
   130:        0.700        0.800     4706.100        0.200        0.700
   135:        0.800      107.100        0.200        0.700        0.800
   140:     3928.100        0.200        0.700        0.800     3819.300
G:
     0:       24.500      115.030      145.860      160.540      170.800
     5:      199.470      510.680      687.750     1270.200     1624.900
    10:     1635.690     2172.530     2562.290     2962.800     3407.620
    15:     3421.560     4192.300     4210.590     4806.570     5144.270
    20:     5493.920     5879.250     6166.770     6700.420     6931.470
    25:     7617.800     8021.090     8032.870     8348.370     8801.050
    30:     9154.020     9544.060    10014.610    10025.340    10418.140
H:
M:
     0:       24.500      115.030      145.860      160.540      170.800
     5:      198.050      510.680      687.750     1270.200     1624.900
    10:     1635.690     2172.530     2562.290     2962.800     3407.620
    15:     3421.560     4192.300     4210.590     4806.570     5144.270
    20:     5493.920     5879.250     6166.770     6700.420     6931.470
    25:     7617.800     8021.090     8032.870     8348.370     8801.050
    30:     9154.020     9544.060    10014.610    10025.340    10418.140
N:
O:
     0:      199.470
P:
Q:
     0:   154362.000   238130.000   112663.000    45740.000       35.000
     5:        0.000        1.000        0.000
\Box4_Comments:



Start Date: 02/01/22
End Date: 02/02/22
Subject: 20
Experiment: heroinSA
Group: heroin
Box: 5
Start Time: 12:34:43
End Time:  8:58:47
MSN: FR_SCRIPT
D:       1.000
E:       0.000
F:      53.000
I:     216.000
J:       0.000
K:   10800.010
L:       0.000
R:       0.000
S:       0.000
T:    1661.000
U:       0.000
V:       0.000
W:       1.000
X:       0.000
Y:       1.000
Z:       0.000
A:
     0:        2.000        3.000      500.000     1000.000      180.000
     5:        1.000        1.000        1.000        1.000        0.000
    10:      272.000        0.000
B:
     0:       53.000       53.000        0.000        0.000        0.000
     5:        0.000        0.000
C:
     0:        0.500      839.100        0.200        0.700        0.800
     5:      257.100        0.200        0.700        0.800      897.100
    10:        0.600        0.500        0.200        0.700        0.800
    15:     1964.100        0.200        0.700        0.800      129.100
    20:        0.200        0.700        0.800     3195.100        0.200
    25:        0.700        0.800     2447.100        0.200        0.700
    30:        0.800      205.100        0.200        0.700        0.800
    35:     5184.100        0.200        0.700        0.800      118.100
    40:        0.200        0.700        0.800     2746.100        0.200
    45:        0.700        0.800     2213.100        0.200        0.700
    50:        0.800      724.100        0.200        0.700        0.800
    55:     3379.100        0.200        0.700        0.800     2682.100
    60:        0.200        0.700        0.800      129.100        0.200
    65:        0.700        0.800     4768.100        0.200        0.700
    70:        0.800      242.100        0.200        0.700        0.800
    75:     3942.100        0.200        0.700        0.800      697.100
    80:        0.200        0.700        0.800     3458.100        0.200
    85:        0.700        0.800     3053.100        0.200        0.700
    90:        0.800     2368.100        0.200        0.700        0.800
    95:     3141.100        0.200        0.700        0.800      130.100
   100:        0.200        0.700        0.800     3189.100        0.200
   105:        0.700        0.800     2056.100        0.200        0.700
   110:        0.800      999.100        0.200        0.700        0.800
   115:     2652.100        0.200        0.700        0.800      794.100
   120:        0.200        0.700        0.800     3468.100        0.200
   125:        0.700        0.800     3618.100        0.200        0.700
   130:        0.800     2074.100        0.200        0.700        0.800
   135:      524.100        0.200        0.700        0.800     2599.100
   140:        0.200        0.700        0.800     5639.100        0.200
   145:        0.700        0.800      140.100        0.200        0.700
   150:        0.800     3674.100        0.200        0.700        0.800
   155:      310.100        0.200        0.700        0.800     5495.100
   160:        0.200        0.700        0.800      647.100        0.200
   165:        0.700        0.800     3089.100        0.200        0.700
   170:        0.800      659.100        0.200        0.700        0.800
   175:     2048.100        0.200        0.700        0.800      244.100
   180:        0.200        0.700        0.800     2617.100        0.200
   185:        0.700        0.800      630.100        0.200        0.700
   190:        0.800      180.100        0.200        0.700        0.800
   195:     3896.100        0.200        0.700        0.800     2384.100
   200:        0.200        0.700        0.800     1596.100        0.200
   205:        0.700        0.800     1800.100        0.200        0.700
   210:        0.800      411.100        0.200        0.700        0.800
   215:     1661.300
G:
     0:       83.950      109.660      199.290      395.730      408.610
     5:      728.140      972.870      993.330     1511.770     1523.550
    10:     1798.110     2019.480     2091.850     2429.750     2697.950
    15:     2710.800     3187.640     3211.830     3606.030     3675.690
    20:     4021.580     4326.850     4563.600     4877.740     4890.740
    25:     5209.670     5415.230     5515.110     5780.290     5859.720
    30:     6206.570     6568.290     6775.750     6828.130     7088.020
    35:     7651.930     7665.980     8033.340     8064.370     8613.850
    40:     8678.530     8987.430     9053.380     9258.100     9282.500
    45:     9544.260     9607.220     9625.280    10014.860    10253.190
    50:    10412.880    10592.800    10633.970
H:
M:
     0:       83.950      109.660      199.290      395.730      408.610
     5:      728.140      972.870      993.330     1511.770     1523.550
    10:     1798.110     2019.480     2091.850     2429.750     2697.950
    15:     2710.800     3187.640     3211.830     3606.030     3675.690
    20:     4021.580     4326.850     4563.600     4877.740     4890.740
    25:     5209.670     5415.230     5515.110     5780.290     5859.720
    30:     6206.570     6568.290     6775.750     6828.130     7088.020
    35:     7651.930     7665.980     8033.340     8064.370     8613.850
    40:     8678.530     8987.430     9053.380     9258.100     9282.500
    45:     9544.260     9607.220     9625.280    10014.860    10253.190
    50:    10412.880    10592.800    10633.970
N:
O:
P:
Q:
     0:   141578.000   177001.000   365735.000   102165.000       53.000
     5:        0.000        0.000        0.000
\Box5_Comments:



Start Date: 02/01/22
End Date: 02/02/22
Subject: 21
Experiment: heroinSA
Group: heroin
Box: 6
Start Time: 12:34:43
End Time:  8:58:47
MSN: FR_SCRIPT
D:       0.536
E:       0.464
F:     112.000
I:     649.000
J:       0.000
K:   10800.010
L:       0.000
R:       0.000
S:       0.000
T:    1187.000
U:       0.000
V:       1.000
W:       0.000
X:       0.000
Y:       0.000
Z:       0.000
A:
     0:        1.000        3.000      500.000     1000.000      180.000
     5:        1.000        1.000        1.000        1.000        0.000
    10:      261.000        0.000
B:
     0:      209.000      112.000       97.000        0.000        0.000
     5:        0.000        0.000
C:
     0:        0.500      476.600        0.500        4.600        0.500
     5:      698.100        0.200        0.700        0.800      538.600
    10:        0.500       41.600        0.500       11.600        0.500
    15:       32.600        0.500        1.600        0.500       95.600
    20:        0.500       13.600        0.500        4.600        0.500
    25:        4.600        0.500       39.600        0.500        4.600
    30:        0.500        4.600        0.500       31.600        0.500
    35:        4.600        0.500        3.600        0.500        4.600
    40:        0.500       64.600        0.500        7.600        0.500
    45:       32.600        0.500        8.600        0.500       17.600
    50:        0.500       14.600        0.500       12.100        0.200
    55:        0.700        0.800      106.100        0.200        0.700
    60:        0.800      270.100        0.200        0.700       10.100
    65:       13.100       41.100        0.800       37.100        0.200
    70:        0.700        0.800      107.100        0.200        0.700
    75:        0.800      104.100        0.200        0.700        0.800
    80:      104.100        0.200        0.700        0.800      102.100
    85:        0.200        0.700        0.800      113.100        0.200
    90:        0.700        0.800      101.100        0.200        0.700
    95:        0.800     1233.100        0.200        0.700        0.800
   100:     1975.100        0.200        0.700        0.800      102.100
   105:        0.200        0.700        0.800     2718.100        0.200
   110:        0.700        0.800      103.100        0.200        0.700
   115:        0.800      292.100        0.200        0.700        0.800
   120:     1743.100        0.200        0.700        0.800      760.100
   125:        0.200        0.700        0.800      102.100        0.200
   130:        0.700        0.800     1089.600        0.500       14.600
   135:        0.500      286.600        0.500       54.600        0.500
   140:      588.600        0.500      158.600        0.500      162.600
   145:        0.500      122.600        0.500       76.600        0.500
   150:       36.600        0.500      156.600        0.500       60.600
   155:        0.500      193.600        0.500      163.600        0.500
   160:       50.600        0.500       50.600        0.500       81.600
   165:        0.500      112.600        0.500     1601.100        0.200
   170:        0.700        0.800      102.100        0.200        0.700
   175:        0.800      114.100        0.200        0.700        0.800
   180:      874.100        0.200        0.700        0.800      953.100
   185:        0.200        0.700        0.800     2062.100        0.200
   190:        0.700        0.800     1222.100        0.200        0.700
   195:        0.800      645.100        0.200        0.700        0.800
   200:      335.100        0.200        0.700        0.800     3961.100
   205:        0.200        0.700        0.800      838.100        0.200
   210:        0.700        0.800     1337.100        0.200        0.700
   215:        0.800     1699.100        0.200        0.700        0.800
   220:      102.100        0.200        0.700        0.800      109.100
   225:        0.200        0.700        0.800     4332.100        0.200
   230:        0.700        0.800     1121.600        0.500       91.600
   235:        0.500       50.600        0.500       11.600        0.500
   240:      148.600        0.500       16.600        0.500        9.600
   245:        0.500      144.600        0.500        9.600        0.500
   250:       16.600        0.500        4.600        0.500       46.600
   255:        0.500       31.600        0.500      151.600        0.500
   260:       62.600        0.500        4.600        0.500        3.600
   265:        0.500       57.600        0.500        8.600        0.500
   270:      305.600        0.500       48.600        0.500       30.600
   275:        0.500       37.600        0.500       67.600        0.500
   280:       18.600        0.500       58.600        0.500       59.600
   285:        0.500       29.600        0.500        7.600        0.500
   290:       16.600        0.500       19.600        0.500       14.600
   295:        0.500        6.600        0.500       61.100        0.200
   300:        0.700        0.800      552.100        0.200        0.700
   305:        0.800      127.100        0.200        0.700        0.800
   310:      111.100        0.200        0.700        0.800      269.100
   315:        0.200        0.700        0.800      102.100        0.200
   320:        0.700        0.800     1438.100        0.200        0.700
   325:        0.800     3825.100        0.200        0.700        0.800
   330:      463.100        0.200        0.700        0.800      533.100
   335:        0.200        0.700        0.800      282.100        0.200
   340:        0.700        0.800     2968.100        0.200        0.700
   345:        0.800      102.100        0.200        0.700        0.800
   350:      102.100        0.200        0.700        0.800      530.100
   355:        0.200        0.700        0.800     1018.100        0.200
   360:        0.700        0.800      924.100        0.200        0.700
   365:        0.800      102.100        0.200        0.700        0.800
   370:      103.100        0.200        0.700        0.800     2156.100
   375:        0.200        0.700        0.800     6308.600        0.500
   380:       22.600        0.500       17.600        0.500       26.600
   385:        0.500      117.600        0.500       42.600        0.500
   390:       30.600        0.500       12.600        0.500       12.600
   395:        0.500       38.600        0.500       72.600        0.500
   400:       34.600        0.500       38.600        0.500       11.600
   405:        0.500       93.600        0.500       40.600        0.500
   410:       16.600        0.500        8.600        0.500      221.100
   415:        0.200        0.700        0.800      143.100        0.200
   420:        0.700        0.800      593.100        0.200        0.700
   425:        0.800     4235.100        0.200        0.700        0.800
   430:     1204.600        0.500       13.600        0.500       10.600
   435:        0.500        8.600        0.500      847.100        0.200
   440:        0.700        0.800     4023.100        0.200        0.700
   445:        0.800     2140.100        0.200        0.700        0.800
   450:     1016.100        0.200        0.700        0.800      248.100
   455:        0.200        0.700        0.800     2290.100        0.200
   460:        0.700        0.800     4561.100        0.200        0.700
   465:        0.800      364.100        0.200        0.700        0.800
   470:     3336.100        0.200        0.700        0.800      770.100
   475:        0.200        0.700        0.800      271.100        0.200
   480:        0.700        0.800      102.100        0.200        0.700
   485:        0.800      200.100        0.200        0.700        0.800
   490:      308.100        0.200        0.700        0.800     4643.100
   495:        0.200        0.700        0.800      383.100        0.200
   500:        0.700        0.800     2415.100        0.200        0.700
   505:        0.800     3130.100        0.200        0.700        0.800
   510:     1318.100        0.200        0.700        0.800      181.100
   515:        0.200        0.700        0.800      116.100        0.200
   520:        0.700        0.800      103.100        0.200        0.700
   525:        0.800      102.100        0.200        0.700        0.800
   530:      273.100        0.200        0.700        0.800      120.100
   535:        0.200        0.700        0.800      376.100        0.200
   540:        0.700        0.800      142.100        0.200        0.700
   545:        0.800      376.100        0.200        0.700        0.800
   550:      346.100        0.200        0.700        0.800      238.100
   555:        0.200        0.700        0.800      150.100        0.200
   560:        0.700        0.800      170.100        0.200        0.700
   565:        0.800      171.100        0.200        0.700        0.800
   570:      125.100        0.200        0.700        0.800      127.100
   575:        0.200        0.700        0.800      120.100        0.200
   580:        0.700        0.800      136.100        0.200        0.700
   585:       79.100        0.800       45.100        0.200        0.700
   590:        0.800      112.100        0.200        0.700        0.800
   595:      123.100        0.200        0.700       49.100        0.800
   600:       59.100        0.200        0.700        0.800     1463.100
   605:        0.200        0.700        0.800      149.100        0.200
   610:        0.700        0.800      130.100        0.200        0.700
   615:        0.800      122.100        0.200        0.700        0.800
   620:      123.100        0.200        0.700        0.800      148.100
   625:        0.200        0.700        0.800      119.100        0.200
   630:        0.700        0.800      140.100        0.200        0.700
   635:        0.800      102.100        0.200        0.700        0.800
   640:      148.100        0.200        0.700        0.800      108.100
   645:        0.200        0.700        0.800     1187.300
G:
     0:      117.810      216.050      226.620      260.060      263.750
     5:      274.460      284.870      295.250      305.450      316.780
    10:      326.830      450.140      647.680      657.830      929.670
    15:      939.940      969.160     1143.390     1219.470     1229.670
    20:     1734.690     1744.910     1756.300     1843.700     1939.030
    25:     2145.220     2267.470     2331.980     2365.450     2761.540
    30:     2845.350     2979.060     3148.930     3159.130     3170.060
    35:     3603.220     3878.750     3933.930     3946.590     3957.750
    40:     3984.640     3994.850     4138.670     4521.110     4567.400
    45:     4620.740     4648.950     4945.710     4955.920     4966.130
    50:     5019.100     5120.960     5213.300     5223.490     5233.820
    55:     5449.430     6165.090     6179.390     6238.770     6662.280
    60:     6870.470     7272.690     7486.710     7588.380     7613.180
    65:     7842.140     8298.260     8334.600     8668.260     8745.280
    70:     8772.340     8782.490     8802.540     8833.350     9297.610
    75:     9335.950     9577.450     9890.480    10022.270    10040.330
    80:    10051.960    10062.270    10072.480    10099.690    10111.780
    85:    10149.340    10163.520    10201.180    10235.720    10259.500
    90:    10274.490    10291.560    10308.650    10321.120    10333.790
    95:    10345.820    10367.330    10371.850    10382.990    10400.260
   100:    10406.100    10552.430    10567.310    10580.290    10592.550
   105:    10604.850    10619.600    10631.490    10645.540    10655.720
   110:    10670.500    10681.360
H:
     0:       47.650       48.010      171.670      175.720      176.840
     5:      180.010      180.100      189.680      190.920      191.360
    10:      191.720      195.620      196.080      196.390      199.560
    15:      199.890      200.220      200.640      207.030      207.780
    20:      210.900      211.720      213.410      214.860     1338.500
    25:     1339.930     1368.510     1373.930     1432.770     1448.550
    30:     1464.770     1476.970     1484.490     1488.110     1503.750
    35:     1509.770     1528.990     1545.360     1550.290     1555.350
    40:     1563.400     1574.660     3715.300     3724.420     3729.430
    45:     3730.510     3745.310     3746.930     3747.850     3762.210
    50:     3763.120     3764.720     3765.140     3769.730     3772.870
    55:     3787.980     3794.120     3794.540     3794.850     3800.570
    60:     3801.290     3831.880     3836.590     3839.630     3843.340
    65:     3850.030     3851.810     3857.640     3863.510     3866.430
    70:     3867.100     3868.730     3870.590     3872.040     3872.640
    75:     6080.270     6082.400     6084.120     6086.700     6098.430
    80:     6102.660     6105.630     6106.790     6108.050     6111.840
    85:     6119.010     6122.390     6126.250     6127.360     6136.660
    90:     6140.620     6142.220     6143.080     6782.650     6783.890
    95:     6784.940     6785.700
M:
     0:      117.810      216.050      226.620      253.590      263.750
     5:      274.460      284.870      295.250      305.450      316.780
    10:      326.830      450.140      647.680      657.830      929.670
    15:      939.940      969.160     1143.390     1219.470     1229.670
    20:     1734.690     1744.910     1756.300     1843.700     1939.030
    25:     2145.220     2267.470     2331.980     2365.450     2761.540
    30:     2845.350     2979.060     3148.930     3159.130     3170.060
    35:     3603.220     3878.750     3933.930     3946.590     3957.750
    40:     3984.640     3994.850     4138.670     4521.110     4567.400
    45:     4620.740     4648.950     4945.710     4955.920     4966.130
    50:     5019.100     5120.960     5213.300     5223.490     5233.820
    55:     5449.430     6165.090     6179.390     6238.770     6662.280
    60:     6870.470     7272.690     7486.710     7588.380     7613.180
    65:     7842.140     8298.260     8334.600     8668.260     8745.280
    70:     8772.340     8782.490     8802.540     8833.350     9297.610
    75:     9335.950     9577.450     9890.480    10022.270    10040.330
    80:    10051.960    10062.270    10072.480    10099.690    10111.780
    85:    10149.340    10163.520    10201.180    10235.720    10259.500
    90:    10274.490    10291.560    10308.650    10321.120    10333.790
    95:    10345.820    10359.470    10371.850    10382.990    10395.310
   100:    10406.100    10552.430    10567.310    10580.290    10592.550
   105:    10604.850    10619.600    10631.490    10645.540    10655.720
   110:    10670.500    10681.360
N:
     0:       47.650       48.010      171.670      175.720      176.840
     5:      180.010      180.100      189.680      190.920      191.360
    10:      191.720      195.620      196.080      196.390      199.560
    15:      199.890      200.220      200.640      207.030      207.780
    20:      210.900      211.720      213.410      214.860     1338.500
    25:     1339.930     1368.510     1373.930     1432.770     1448.550
    30:     1464.770     1476.970     1484.490     1488.110     1503.750
    35:     1509.770     1528.990     1545.360     1550.290     1555.350
    40:     1563.400     1574.660     3715.300     3724.420     3729.430
    45:     3730.510     3745.310     3746.930     3747.850     3762.210
    50:     3763.120     3764.720     3765.140     3769.730     3772.870
    55:     3787.980     3794.120     3794.540     3794.850     3800.570
    60:     3801.290     3831.880     3836.590     3839.630     3843.340
    65:     3850.030     3851.810     3857.640     3863.510     3866.430
    70:     3867.100     3868.730     3870.590     3872.040     3872.640
    75:     6080.270     6082.400     6084.120     6086.700     6098.430
    80:     6102.660     6105.630     6106.790     6108.050     6111.840
    85:     6119.010     6122.390     6126.250     6127.360     6136.660
    90:     6140.620     6142.220     6143.080     6782.650     6783.890
    95:     6784.940     6785.700
O:
     0:      254.680      255.900      260.060    10367.330    10400.260
P:
Q:
     0:   248282.000   243387.000    74202.000    47262.000      112.000
     5:       97.000        5.000        0.000
\Box6_Comments:



Start Date: 02/01/22
End Date: 02/02/22
Subject: 22
Experiment: heroinSA
Group: heroin
Box: 7
Start Time: 12:34:43
End Time:  8:58:47
MSN: FR_SCRIPT_box7
D:       0.728
E:       0.272
F:      59.000
I:     287.000
J:       0.000
K:   10800.010
L:       0.000
R:       0.000
S:       0.000
T:    2954.000
U:       0.000
V:       0.000
W:       0.000
X:       0.000
Y:       0.000
Z:       0.000
A:
     0:        2.000        3.000      500.000     1000.000      180.000
     5:        1.000        1.000        1.000        1.000        0.000
    10:      251.000        0.000
B:
     0:       81.000       59.000       22.000        0.000        0.000
     5:        0.000        0.000
C:
     0:        0.500      288.100        0.200        0.700        0.800
     5:      664.600        0.500        2.600        0.500       11.600
    10:        0.500      681.100        0.200        0.700        0.800
    15:      123.600        0.500        2.600        0.500        1.600
    20:        0.500        2.600        0.500        2.600        0.500
    25:       28.100        0.200        0.700        0.800      103.100
    30:        0.200        0.700        6.100        0.800      101.100
    35:        0.200        0.700        0.800      109.100        0.200
    40:        0.700        0.800      108.100        0.200        0.700
    45:        0.800      128.100        0.200        0.700        2.100
    50:        0.800     5488.100        0.200        0.700        0.800
    55:      102.100        0.200        0.700        0.800     5570.100
    60:        0.200        0.700        0.800      121.100        0.200
    65:        0.700        0.800      106.100        0.200        0.700
    70:        0.800      110.100        0.200        0.700        0.800
    75:     5442.100        0.200        0.700        0.800     2020.100
    80:        0.200        0.700        0.800      140.100        0.200
    85:        0.700        0.800      103.600        0.500        3.600
    90:        0.500       72.600        0.500      196.100        0.200
    95:        0.700        0.800      119.100        0.200        0.700
   100:        0.800      102.100        0.200        0.700        0.800
   105:     6904.100        0.200        0.700        0.800      269.600
   110:        0.500       14.600        0.500      275.100        0.200
   115:        0.700        0.800      145.100        0.200        0.700
   120:        0.800      342.100        0.200        0.700        0.800
   125:     9133.100        0.200        0.700        0.800      107.100
   130:        0.200        0.700        0.800     6659.100        0.200
   135:        0.700        0.800      105.100        0.200        0.700
   140:        0.800      105.600        0.500        5.600        0.500
   145:        4.600        0.500        5.600        0.500       64.600
   150:        0.500       57.600        0.500       12.600        0.500
   155:     4180.100        0.200        0.700        0.800      122.600
   160:        0.500       12.600        0.500     1367.100        0.200
   165:        0.700        0.800     2264.100        0.200        0.700
   170:        0.800      104.100        0.200        0.700        0.800
   175:      105.100        0.200        0.700        0.800      110.100
   180:        0.200        0.700        0.800      145.100        0.200
   185:        0.700        0.800      140.100        0.200        0.700
   190:        0.800      122.100        0.200        0.700        1.100
   195:        0.800     7430.100        0.200        0.700        0.800
   200:      106.100        0.200        0.700        0.800      106.100
   205:        0.200        0.700        4.100        0.800      100.100
   210:        0.200        0.700        0.800    22229.100        0.200
   215:        0.700        0.800      104.100        0.200        0.700
   220:        0.800      104.100        0.200        0.700        0.800
   225:      125.100        0.200        0.700        0.800     4587.100
   230:        0.200        0.700        0.800     1317.100        0.200
   235:        0.700        0.800     2155.100        0.200        0.700
   240:        0.800      143.100        0.200        0.700        0.800
   245:     2799.100        0.200        0.700        0.800      105.100
   250:        0.200        0.700        0.800      105.100        0.200
   255:        0.700        2.100        0.800      107.100        0.200
   260:        0.700        0.800     3513.100        0.200        0.700
   265:        0.800      128.100        0.200        0.700        0.800
   270:     2940.100        0.200        0.700        0.800     1522.100
   275:        0.200        0.700        0.800      263.100        0.200
   280:        0.700        0.800      120.100        0.200        0.700
   285:        0.800     2954.300
G:
     0:       28.860      164.660      180.480      191.300      201.460
     5:      212.330      223.130      236.180      784.910      795.130
    10:     1352.150     1364.230     1374.810     1385.840     1930.040
    15:     2132.050     2146.070     2183.440     2195.360     2205.560
    20:     2895.930     2951.760     2966.280     3000.400     3913.690
    25:     3924.410     4590.330     4600.870     5044.040     5194.090
    30:     5420.490     5430.890     5441.390     5452.470     5466.890
    35:     5480.920     5493.230     6236.280     6246.840     6257.830
    40:     6267.880     8490.720     8501.100     8511.510     8524.080
    45:     8982.730     9114.460     9329.970     9344.240     9624.090
    50:     9634.670     9645.360     9656.020    10007.310    10020.090
    55:    10314.160    10466.290    10492.680    10504.670
H:
     0:       95.200       95.440       96.510      176.980      177.150
     5:      177.200      177.450      177.640     2156.300     2156.650
    10:     2163.840     2922.870     2924.240     4611.320     4611.840
    15:     4612.240     4612.720     4619.180     4624.840     4626.040
    20:     5056.190     5057.480
M:
     0:       28.860      164.660      180.480      190.780      201.460
     5:      212.330      223.130      235.910      784.910      795.130
    10:     1352.150     1364.230     1374.810     1385.840     1930.040
    15:     2132.050     2146.070     2183.440     2195.360     2205.560
    20:     2895.930     2951.760     2966.280     3000.400     3913.690
    25:     3924.410     4590.330     4600.870     5044.040     5194.090
    30:     5420.490     5430.890     5441.390     5452.470     5466.890
    35:     5480.920     5493.130     6236.280     6246.840     6257.390
    40:     6267.880     8490.720     8501.100     8511.510     8524.080
    45:     8982.730     9114.460     9329.970     9344.240     9624.090
    50:     9634.670     9645.140     9656.020    10007.310    10020.090
    55:    10314.160    10466.290    10492.680    10504.670
N:
     0:       95.200       95.440       96.510      176.980      177.150
     5:      177.200      177.450      177.640     2156.300     2156.650
    10:     2163.840     2922.870     2924.240     4611.320     4611.840
    15:     4612.240     4612.720     4619.180     4624.840     4626.040
    20:     5056.190     5057.480
O:
     0:      191.300      236.180     5493.230     6257.830     9645.360
P:
Q:
     0:   153989.000   192052.000   138100.000    55391.000       59.000
     5:       22.000        5.000        0.000
\Box7_Comments:



Start Date: 02/01/22
End Date: 02/02/22
Subject: 23
Experiment: heroinSA
Group: saline
Box: 8
Start Time: 12:34:43
End Time:  8:58:47
MSN: FR_SCRIPT
D:       0.235
E:       0.765
F:       4.000
I:      44.000
J:       0.000
K:   10800.010
L:       0.000
R:       0.000
S:       0.000
T:   13832.000
U:       0.000
V:       0.000
W:       0.000
X:       0.000
Y:       0.000
Z:       0.000
A:
     0:        1.000        3.000      500.000     1000.000      180.000
     5:        1.000        1.000        1.000        1.000        0.000
    10:      267.000        0.000
B:
     0:       17.000        4.000       13.000        0.000        0.000
     5:        0.000        0.000
C:
     0:        0.500    14193.600        0.500       41.600        0.500
     5:    21559.600        0.500      249.600        0.500       48.600
    10:        0.500       26.100        0.200        0.700        0.800
    15:    28476.600        0.500     4259.600        0.500      833.100
    20:        0.200        0.700        0.800     4975.100        0.200
    25:        0.700        0.800      299.600        0.500       49.600
    30:        0.500    14431.100        0.200        0.700        0.800
    35:     4402.600        0.500      264.600        0.500        5.600
    40:        0.500       59.600        0.500    13832.300
G:
     0:     3611.620     6968.460     7465.980     8943.800
H:
     0:     1419.360     1423.420     3579.370     3604.210     3609.040
     5:     6459.280     6885.130     7495.880     7500.700     9384.030
    10:     9410.410     9410.940     9416.880
M:
     0:     3611.620     6968.460     7465.980     8943.800
N:
     0:     1419.360     1423.420     3579.370     3604.210     3609.040
     5:     6459.280     6885.130     7495.880     7500.700     9384.030
    10:     9410.410     9410.940     9416.880
O:
P:
Q:
     0:   288742.000    81207.000    37578.000    45774.000        4.000
     5:       13.000        0.000        0.000
\Box8_Comments:



Start Date: 02/01/22
End Date: 02/02/22
Subject: 24
Experiment: heroinSA
Group: saline
Box: 9
Start Time: 12:34:43
End Time:  8:58:47
MSN: FR_SCRIPT
D:       0.742
E:       0.258
F:      23.000
I:     110.000
J:       0.000
K:   10800.010
L:       0.000
R:       0.000
S:       0.000
T:      37.000
U:       0.000
V:       0.000
W:       1.000
X:       0.000
Y:       0.000
Z:       0.000
A:
     0:        2.000        3.000      500.000     1000.000      180.000
     5:        1.000        1.000        1.000        1.000        0.000
    10:      252.000        0.000
B:
     0:       31.000       23.000        8.000        0.000        0.000
     5:        0.000        0.000
C:
     0:        0.500     1417.100        0.200        0.700        0.800
     5:     1141.100        0.200        0.700        0.800      106.100
    10:        0.200        0.700        0.800     3173.100        0.200
    15:        0.700        0.800     7499.100        0.200        0.700
    20:        0.800     7406.100        0.200        0.700        0.800
    25:     4932.600        0.500       70.100        0.200        0.700
    30:        0.800      229.600        0.500       22.600        0.500
    35:       15.600        0.500        4.600        0.500       96.100
    40:        0.200        0.700        0.800      109.100        0.200
    45:        0.700        0.800     8452.100        0.200        0.700
    50:        0.800     3914.100        0.200        0.700        0.800
    55:     1013.100        0.200        0.700        0.800    10477.100
    60:        0.200        0.700        0.800     4441.100        0.200
    65:        0.700        0.800     9317.100        0.200        0.700
    70:        0.800      118.100        0.200        0.700        0.800
    75:     1028.600        0.500       59.100        0.200        0.700
    80:        0.800      116.100        0.200        0.700        0.800
    85:      495.600        0.500    24225.100        0.200        0.700
    90:       10.100        0.800    11910.100        0.200        0.700
    95:        0.800      124.100        0.200        0.700        0.800
   100:     4004.100        0.200        0.700        0.800     1901.600
   105:        0.500      140.100        0.200        0.700       37.300
G:
     0:      141.690      255.880      266.480      583.700     1333.650
     5:     2074.250     2574.460     2611.080     2621.890     3467.170
    10:     3858.570     3959.870     5007.570     5451.660     6383.300
    15:     6395.180     6503.870     6515.460     8988.400    10179.390
    20:    10191.810    10592.190    10796.370
H:
     0:     2567.400     2597.380     2599.580     2601.040     2601.480
     5:     6497.960     6564.890    10782.290
M:
     0:      141.690      255.880      266.480      583.700     1333.650
     5:     2074.250     2574.460     2611.080     2621.890     3467.170
    10:     3858.570     3959.870     5007.570     5451.660     6383.300
    15:     6395.180     6503.870     6515.460     8987.420    10179.390
    20:    10191.810    10592.190    10796.370
N:
     0:     2567.400     2597.380     2599.580     2601.040     2601.480
     5:     6497.960     6564.890    10782.290
O:
     0:     8988.400
P:
Q:
     0:   259154.000   214361.000   370430.000    26671.000       23.000
     5:        8.000        1.000        0.000
\Box9_Comments:



Start Date: 02/01/22
End Date: 02/02/22
Subject: 25
Experiment: heroinSA
Group: heroin
Box: 10
Start Time: 12:34:43
End Time:  8:58:47
MSN: FR_SCRIPT
D:       0.468
E:       0.532
F:      22.000
I:     140.000
J:       0.000
K:   10800.010
L:       0.000
R:       0.000
S:       0.000
T:    7541.000
U:       0.000
V:       0.000
W:       0.000
X:       0.000
Y:       0.000
Z:       0.000
A:
     0:        1.000        3.000      500.000     1000.000      180.000
     5:        1.000        1.000        1.000        1.000        0.000
    10:      285.000        0.000
B:
     0:       47.000       22.000       25.000        0.000        0.000
     5:        0.000        0.000
C:
     0:        0.500      211.100        0.200        0.700        0.800
     5:      146.600        0.500        1.600        0.500      253.600
    10:        0.500       59.600        0.500      359.100        0.200
    15:        0.700        0.800      853.600        0.500        3.600
    20:        0.500     1379.100        0.200        0.700        0.800
    25:     1186.600        0.500      191.600        0.500       75.100
    30:        0.200        0.700        0.800     3464.600        0.500
    35:       15.600        0.500       39.100        0.200        0.700
    40:        0.800      293.100        0.200        0.700        0.800
    45:     6556.100        0.200        0.700        0.800     6900.100
    50:        0.200        0.700        0.800      276.100        0.200
    55:        0.700        0.800     9816.600        0.500       62.100
    60:        0.200        0.700        0.800     7110.100        0.200
    65:        0.700        0.800      147.100        0.200        0.700
    70:        0.800      116.600        0.500       69.600        0.500
    75:        7.600        0.500       17.600        0.500        4.600
    80:        0.500       30.600        0.500       35.600        0.500
    85:    10811.100        0.200        0.700        0.800     7252.100
    90:        0.200        0.700        0.800     8692.100        0.200
    95:        0.700        0.800      323.100        0.200        0.700
   100:        0.800     8160.100        0.200        0.700        0.800
   105:      191.600        0.500       11.600        0.500        3.600
   110:        0.500       35.600        0.500       95.100        0.200
   115:        0.700        0.800    10538.600        0.500       23.600
   120:        0.500        5.600        0.500     6793.100        0.200
   125:        0.700        0.800      209.100        0.200        0.700
   130:        0.800     7407.100        0.200        0.700        0.800
   135:      239.100        0.200        0.700        0.800     7541.300
G:
     0:       21.130      102.890      326.420      471.600      823.440
     5:      852.710     1508.340     2198.350     2225.900     3213.730
    10:     3924.770     3939.450     5048.350     5773.490     6642.700
    15:     6675.060     7491.070     7524.560     9260.470     9281.330
    20:    10022.000    10045.900
H:
     0:       35.730       35.870       61.130       67.000      188.220
     5:      188.540      445.070      464.090      818.070      819.540
    10:     3207.580     3951.040     3957.900     3958.680     3960.300
    15:     3960.690     3963.730     3967.210     7510.130     7511.210
    20:     7511.510     7515.050     8578.360     8580.600     8581.090
M:
     0:       21.130      102.890      326.420      471.600      823.440
     5:      852.710     1508.340     2198.350     2225.900     3213.730
    10:     3924.770     3939.450     5048.350     5773.490     6642.700
    15:     6675.060     7491.070     7524.560     9260.470     9281.330
    20:    10022.000    10045.900
N:
     0:       35.730       35.870       61.130       67.000      188.220
     5:      188.540      445.070      464.090      818.070      819.540
    10:     3207.580     3951.040     3957.900     3958.680     3960.300
    15:     3960.690     3963.730     3967.210     7510.130     7511.210
    20:     7511.510     7515.050     8578.360     8580.600     8581.090
O:
P:
Q:
     0:    78029.000   279996.000   174666.000    40973.000       22.000
     5:       25.000        0.000        0.000
\Box10_Comments:



Start Date: 02/01/22
End Date: 02/02/22
Subject: 26
Experiment: heroinSA
Group: saline
Box: 11
Start Time: 12:34:43
End Time:  8:58:47
MSN: FR_SCRIPT_5choice
D:       0.609
E:       0.391
F:      14.000
I:      76.000
J:       0.000
K:   10800.010
L:       0.000
R:       0.000
S:       0.000
T:   24458.000
U:       0.000
V:       0.000
W:       0.000
X:       0.000
Y:       0.000
Z:       0.000
A:
     0:        2.000        3.000      500.000     1000.000      180.000
     5:        1.000        1.000        1.000        2.000        0.000
    10:      263.000        0.000
B:
     0:       23.000       14.000        9.000        0.000        0.000
     5:        0.000        0.000
C:
     0:        0.500      198.100        0.200        0.700        0.800
     5:      126.600        0.500     1784.600        0.500     2284.100
    10:        0.200        0.700        0.800     1361.100        0.200
    15:        0.700        0.800      705.100        0.200        0.700
    20:        0.800     3538.100        0.200        0.700        0.800
    25:      717.600        0.500     5154.100        0.200        0.700
    30:        0.800     1110.100        0.200        0.700        0.800
    35:      262.100        0.200        0.700        0.800      450.600
    40:        0.500      675.600        0.500     7418.100        0.200
    45:        0.700        0.800      345.100        0.200        0.700
    50:        0.800      199.600        0.500     1583.600        0.500
    55:       14.600        0.500      380.100        0.200        0.700
    60:        0.800      128.100        0.200        0.700        0.800
    65:      130.100        0.200        0.700        0.800      269.100
    70:        0.200        0.700        0.800    54712.600        0.500
    75:    24458.300
G:
     0:       19.870      439.220      575.310      645.790      999.630
     5:     1586.720     1697.780     1723.890     2578.240     2612.730
    10:     2830.320     2843.130     2856.120     2883.080
H:
     0:       32.470      210.860     1071.380     1768.940     1836.470
     5:     2632.680     2790.930     2792.350     8354.190
M:
     0:       19.870      439.220      575.310      645.790      999.630
     5:     1586.720     1697.780     1723.890     2578.240     2612.730
    10:     2830.320     2843.130     2856.120     2883.080
N:
     0:       32.470      210.860     1071.380     1768.940     1836.470
     5:     2632.680     2790.930     2792.350     8354.190
O:
P:
Q:
     0:        0.000        0.000        0.000        0.000       14.000
     5:        9.000        0.000        0.000
\Box11_Comments:



Start Date: 02/01/22
End Date: 02/02/22
Subject: 27
Experiment: heroinSA
Group: saline
Box: 12
Start Time: 12:34:43
End Time:  8:58:47
MSN: FR_SCRIPT_5choice
D:       0.583
E:       0.417
F:      14.000
I:      78.000
J:       0.000
K:   10800.010
L:       0.000
R:       0.000
S:       0.000
T:    6481.000
U:       0.000
V:       0.000
W:       0.000
X:       0.000
Y:       0.000
Z:       0.000
A:
     0:        1.000        3.000      500.000     1000.000      180.000
     5:        1.000        1.000        1.000        2.000        0.000
    10:      284.000        0.000
B:
     0:       24.000       14.000       10.000        0.000        0.000
     5:        0.000        0.000
C:
     0:        0.500       26.600        0.500      398.600        0.500
     5:        4.600        0.500      334.100        0.200        0.700
    10:        0.800      419.100        0.200        0.700        0.800
    15:      459.600        0.500      597.100        0.200        0.700
    20:        0.800     6732.100        0.200        0.700        0.800
    25:      651.100        0.200        0.700        0.800    19568.100
    30:        0.200        0.700        0.800    10643.100        0.200
    35:        0.700        0.800      909.100        0.200        0.700
    40:        0.800      222.100        0.200        0.700        0.800
    45:     1010.100        0.200        0.700        0.800    23402.100
    50:        0.200        0.700        0.800    15631.100        0.200
    55:        0.700        0.800     5615.600        0.500      237.600
    60:        0.500       99.600        0.500     8742.100        0.200
    65:        0.700        0.800      530.100        0.200        0.700
    70:        0.800     5256.600        0.500       31.600        0.500
    75:        4.600        0.500     6481.300
G:
     0:       76.260      118.110      223.760      896.930      962.080
     5:     2918.880     3983.180     4074.010     4096.280     4197.190
    10:     6537.480     8100.570     9569.840     9622.880
H:
     0:        2.660       42.440       42.790      164.080     8662.060
     5:     8685.750     8695.640    10148.420    10151.500    10151.970
M:
     0:       76.260      118.110      223.760      896.930      962.080
     5:     2918.880     3983.180     4074.010     4096.280     4197.190
    10:     6537.480     8100.570     9569.840     9622.880
N:
     0:        2.660       42.440       42.790      164.080     8662.060
     5:     8685.750     8695.640    10148.420    10151.500    10151.970
O:
P:
Q:
     0:        0.000        0.000        0.000        0.000       14.000
     5:       10.000        0.000        0.000
\Box12_Comments:



Start Date: 02/01/22
End Date: 02/02/22
Subject: 28
Experiment: heroinSA
Group: saline
Box: 13
Start Time: 12:34:43
End Time:  8:58:47
MSN: FR_SCRIPT_5choice
D:       0.857
E:       0.143
F:      12.000
I:      54.000
J:       0.000
K:   10800.010
L:       0.000
R:       0.000
S:       0.000
T:    7318.000
U:       0.000
V:       0.000
W:       0.000
X:       0.000
Y:       0.000
Z:       0.000
A:
     0:        2.000        3.000      500.000     1000.000      180.000
     5:        1.000        1.000        1.000        2.000        0.000
    10:      287.000        0.000
B:
     0:       14.000       12.000        2.000        0.000        0.000
     5:        0.000        0.000
C:
     0:        0.500     1599.100        0.200        0.700        0.800
     5:     4939.100        0.200        0.700        0.800      971.100
    10:        0.200        0.700        0.800      291.100        0.200
    15:        0.700        0.800      440.600        0.500        8.600
    20:        0.500    12687.100        0.200        0.700        0.800
    25:      375.100        0.200        0.700        0.800      628.100
    30:        0.200        0.700        0.800      261.100        0.200
    35:        0.700        0.800    65616.100        0.200        0.700
    40:        0.800     1366.100        0.200        0.700        0.800
    45:    11341.100        0.200        0.700        0.800      160.100
    50:        0.200        0.700        0.800     7318.300
G:
     0:      159.900      653.800      750.900      780.020     2093.500
     5:     2131.040     2193.820     2219.920     8781.500     8918.100
    10:    10052.270    10068.240
H:
     0:      824.010      824.870
M:
     0:      159.900      653.800      750.900      780.020     2093.500
     5:     2131.040     2193.820     2219.920     8781.500     8918.100
    10:    10052.270    10068.240
N:
     0:      824.010      824.870
O:
P:
Q:
     0:        0.000        0.000        0.000        0.000       12.000
     5:        2.000        0.000        0.000
\Box13_Comments:



Start Date: 02/01/22
End Date: 02/02/22
Subject: 29
Experiment: heroinSA
Group: saline
Box: 14
Start Time: 12:34:43
End Time:  8:58:47
MSN: FR_SCRIPT_5choice
D:       0.200
E:       0.800
F:       1.000
I:      14.000
J:       0.000
K:   10800.010
L:       0.000
R:       0.000
S:       0.000
T:    9119.000
U:       0.000
V:       0.000
W:       0.000
X:       0.000
Y:       0.000
Z:       0.000
A:
     0:        1.000        3.000      500.000     1000.000      180.000
     5:        1.000        1.000        1.000        2.000        0.000
    10:      274.000        0.000
B:
     0:        5.000        1.000        4.000        0.000        0.000
     5:        0.000        0.000
C:
     0:        0.500      516.600        0.500        7.600        0.500
     5:     7275.600        0.500       83.600        0.500    91000.100
    10:        0.200        0.700        0.800     9119.300
G:
     0:     9888.130
H:
     0:       51.640       52.370      779.810      788.140
M:
     0:     9888.130
N:
     0:       51.640       52.370      779.810      788.140
O:
P:
Q:
     0:        0.000        0.000        0.000        0.000        1.000
     5:        4.000        0.000        0.000
\Box14_Comments:



Start Date: 02/01/22
End Date: 02/02/22
Subject: 30
Experiment: heroinSA
Group: saline
Box: 15
Start Time: 12:34:43
End Time:  8:58:47
MSN: FR_SCRIPT_5choice
D:       0.500
E:       0.500
F:       4.000
I:      26.000
J:       0.000
K:   10800.010
L:       0.000
R:       0.000
S:       0.000
T:    7898.000
U:       0.000
V:       0.000
W:       0.000
X:       0.000
Y:       0.000
Z:       0.000
A:
     0:        2.000        3.000      500.000     1000.000      180.000
     5:        1.000        1.000        1.000        2.000        0.000
    10:      271.000        0.000
B:
     0:        8.000        4.000        4.000        0.000        0.000
     5:        0.000        0.000
C:
     0:        0.500     2419.100        0.200        0.700        0.800
     5:     4131.600        0.500    12484.100        0.200        0.700
    10:        0.800    24496.600        0.500      116.100        0.200
    15:        0.700        0.800    56049.100        0.200        0.700
    20:        0.800      398.600        0.500        9.600        0.500
    25:     7898.300
G:
     0:      241.890     1903.390     4364.650     9969.540
H:
     0:      655.050     4353.020    10009.300    10010.240
M:
     0:      241.890     1903.390     4364.650     9969.540
N:
     0:      655.050     4353.020    10009.300    10010.240
O:
P:
Q:
     0:        0.000        0.000        0.000        0.000        4.000
     5:        4.000        0.000        0.000
\Box15_Comments:
