File: C:\Users\hurdlab\Desktop\data_rme\JS\heroinSA\20220118\ heroinSA_FR1_roomE_20220128



Start Date: 01/28/22
End Date: 01/28/22
Subject: 1
Experiment: heroinSA
Group: heroin
Box: 1
Start Time: 11:56:53
End Time: 16:25:06
MSN: FR_SCRIPT
D:       0.652
E:       0.348
F:      15.000
I:      80.000
J:       0.000
K:   10800.010
L:       0.000
R:       0.000
S:       0.000
T:   11886.000
U:       0.000
V:       0.000
W:       0.000
X:       0.000
Y:       0.000
Z:       0.000
A:
     0:        1.000        3.000      500.000     1000.000      180.000
     5:        1.000        1.000        1.000        1.000        0.000
    10:      282.000        0.000
B:
     0:       23.000       15.000        8.000        0.000        0.000
     5:        0.000        0.000
C:
     0:        0.500      490.100        0.200        0.700        0.800
     5:      302.600        0.500      495.100        0.200        0.700
    10:        0.800     2289.100        0.200        0.700        0.800
    15:    14510.100        0.200        0.700        0.800     6917.100
    20:        0.200        0.700        0.800      102.100        0.200
    25:        0.700        8.100        0.800       98.600        0.500
    30:        2.600        0.500     2593.600        0.500    18088.100
    35:        0.200        0.700        0.800      103.100        0.200
    40:        0.700        0.800      122.100        0.200        0.700
    45:        1.100        0.800    17375.100        0.200        0.700
    50:        0.800     4952.100        0.200        0.700        0.800
    55:      712.600        0.500       18.600        0.500    13812.100
    60:        0.200        0.700        0.800      118.100        0.200
    65:        0.700        0.800    11389.600        0.500      810.100
    70:        0.200        0.700        0.800      697.100        0.200
    75:        0.700        0.800      111.600        0.500    11886.300
G:
     0:       49.000      128.730      357.620     1808.610     2500.330
     5:     2511.380     4589.420     4599.760     4612.070     6349.550
    10:     6844.730     8298.980     8310.780     9530.650     9600.330
H:
     0:       79.230     2521.180     2521.290     2780.600     6915.900
     5:     6917.770     9449.680     9611.470
M:
     0:       49.000      128.730      357.620     1808.610     2500.330
     5:     2510.520     4589.420     4599.760     4611.970     6349.550
    10:     6844.730     8298.980     8310.780     9530.650     9600.330
N:
     0:       79.230     2521.180     2521.290     2780.600     6915.900
     5:     6917.770     9449.680     9611.470
O:
     0:     2511.380     4612.070
P:
Q:
     0:    96759.000   286819.000   184659.000    35939.000       15.000
     5:        8.000        2.000        0.000
\Box1_Comments:



Start Date: 01/28/22
End Date: 01/28/22
Subject: 2
Experiment: heroinSA
Group: heroin
Box: 2
Start Time: 11:56:53
End Time: 16:25:06
MSN: FR_SCRIPT
D:       0.718
E:       0.282
F:      61.000
I:     301.000
J:       0.000
K:   10800.010
L:       0.000
R:       0.000
S:       0.000
T:    2280.000
U:       0.000
V:       1.000
W:       0.000
X:       0.000
Y:       0.000
Z:       0.000
A:
     0:        2.000        3.000      500.000     1000.000      180.000
     5:        1.000        1.000        1.000        1.000        0.000
    10:      278.000        0.000
B:
     0:       85.000       61.000       24.000        0.000        0.000
     5:        0.000        0.000
C:
     0:        0.500      423.600        0.500        3.600        0.500
     5:        0.600        0.500        4.600        0.500       15.600
    10:        0.500      103.100        0.200        0.700        0.800
    15:     1150.600        0.500        1.600        0.500        2.600
    20:        0.500        7.600        0.500        1.600        0.500
    25:      716.600        0.500        5.600        0.500        1.600
    30:        0.500        4.600        0.500        6.600        0.500
    35:     1352.100        0.200        0.700        0.800      102.600
    40:        0.500        8.600        0.500       10.600        0.500
    45:        4.600        0.500       24.600        0.500       21.600
    50:        0.500        4.600        0.500       87.100        0.200
    55:        0.700        0.800      123.100        0.200        0.700
    60:        0.800      116.100        0.200        0.700        4.100
    65:       87.100        0.800       36.100        0.200        0.700
    70:        0.800      124.100        0.200        0.700        0.800
    75:     2820.100        0.200        0.700        0.800      768.100
    80:        0.200        0.700        0.800      139.600        0.500
    85:     3087.100        0.200        0.700        0.800      588.100
    90:        0.200        0.700        0.800      140.100        0.200
    95:        0.700        0.800      211.100        0.200        0.700
   100:        0.800      110.100        0.200        0.700        0.800
   105:      166.100        0.200        0.700        0.800      154.100
   110:        0.200        0.700        0.800     7229.100        0.200
   115:        0.700        0.800      177.100        0.200        0.700
   120:        0.800      206.100        0.200        0.700        0.800
   125:     6322.100        0.200        0.700        0.800      258.100
   130:        0.200        0.700        0.800      153.100        0.200
   135:        0.700        0.800     4058.100        0.200        0.700
   140:        0.800      147.100        0.200        0.700        0.800
   145:     3845.100        0.200        0.700        0.800      212.100
   150:        0.200        0.700        0.800      144.100        0.200
   155:        0.700        0.800      279.100        0.200        0.700
   160:        6.100        0.800     8966.100        0.200        0.700
   165:        0.800      354.100        0.200        0.700        0.800
   170:      350.100        0.200        0.700        0.800     4742.100
   175:        0.200        0.700        0.800      103.100        0.200
   180:        0.700        0.800    12871.100        0.200        0.700
   185:        0.800      189.100        0.200        0.700        0.800
   190:      206.100        0.200        0.700        0.800      173.100
   195:        0.200        0.700        0.800      330.100        0.200
   200:        0.700        0.800     4504.100        0.200        0.700
   205:        0.800      283.100        0.200        0.700        0.800
   210:    11860.600        0.500      101.100        0.200        0.700
   215:        5.100        0.800      159.100        0.200        0.700
   220:        0.800      140.100        0.200        0.700        0.800
   225:      102.100        0.200        0.700        0.800      105.100
   230:        0.200        0.700        0.800      104.100        0.200
   235:        0.700        0.800      103.100        0.200        0.700
   240:        0.800      103.100        0.200        0.700        0.800
   245:      437.100        0.200        0.700        3.100        0.800
   250:     3619.100        0.200        0.700        0.800     1183.100
   255:        0.200        0.700        0.800      266.100        0.200
   260:        0.700        0.800      273.100        0.200        0.700
   265:        0.800      470.100        0.200        0.700        0.800
   270:     3337.100        0.200        0.700        0.800      209.100
   275:        0.200        0.700        0.800      174.100        0.200
   280:        0.700        0.800    13757.100        0.200        0.700
   285:        0.800      104.100        0.200        0.700        0.800
   290:      123.100        0.200        0.700        4.100        0.800
   295:      142.100        0.200        0.700        4.100        0.800
   300:     2280.300
G:
     0:       54.870      379.300      405.350      417.620      438.320
     5:      441.930      454.350      736.310      813.180     1135.690
    10:     1194.560     1208.530     1229.670     1240.640     1257.200
    15:     1272.680     1995.520     2013.250     2033.800     2665.990
    20:     2691.840     2707.090     3112.900     3127.630     3512.100
    25:     3533.310     3547.760     3576.200     4472.790     4508.210
    30:     4543.270     5017.470     5027.720     6314.860     6333.720
    35:     6354.380     6371.620     6404.620     6855.040     6883.300
    40:     8079.930     8095.840     8109.790     8120.040     8130.490
    45:     8140.900     8151.230     8161.500     8205.570     8567.410
    50:     8685.720     8712.370     8739.670     8786.600     9120.290
    55:     9141.200     9158.670    10534.300    10544.770    10557.470
    60:    10572.060
H:
     0:       42.370       42.590       42.680       43.020       44.490
     5:      169.820      169.940      170.130      170.850      170.950
    10:      242.560      243.000      243.160      243.540      244.130
    15:      389.520      390.380      391.370      391.770      394.130
    20:      396.240      396.640      827.030     8069.290
M:
     0:       54.870      379.300      405.350      417.620      429.220
     5:      441.930      454.350      736.310      813.180     1135.690
    10:     1194.560     1208.530     1229.670     1240.640     1257.200
    15:     1272.680     1995.520     2013.250     2033.800     2665.990
    20:     2691.840     2707.090     3112.900     3127.630     3512.100
    25:     3533.310     3547.760     3575.680     4472.790     4508.210
    30:     4543.270     5017.470     5027.720     6314.860     6333.720
    35:     6354.380     6371.620     6404.620     6855.040     6883.300
    40:     8079.410     8095.840     8109.790     8120.040     8130.490
    45:     8140.900     8151.230     8161.500     8205.200     8567.410
    50:     8685.720     8712.370     8739.670     8786.600     9120.290
    55:     9141.200     9158.670    10534.300    10544.770    10557.030
    60:    10571.630
N:
     0:       42.370       42.590       42.680       43.020       44.490
     5:      169.820      169.940      170.130      170.850      170.950
    10:      242.560      243.000      243.160      243.540      244.130
    15:      389.520      390.380      391.370      391.770      394.130
    20:      396.240      396.640      827.030     8069.290
O:
     0:      429.590      438.320     3576.200     8079.930     8205.570
     5:    10557.470    10572.060
P:
Q:
     0:   129919.000   260290.000   173448.000    44252.000       61.000
     5:       24.000        7.000        0.000
\Box2_Comments:



Start Date: 01/28/22
End Date: 01/28/22
Subject: 3
Experiment: heroinSA
Group: heroin
Box: 3
Start Time: 11:56:53
End Time: 16:25:06
MSN: FR_SCRIPT_box3
D:       0.304
E:       0.696
F:      21.000
I:     183.000
J:       0.000
K:   10800.010
L:       0.000
R:       0.000
S:       0.000
T:    5800.000
U:       0.000
V:       0.000
W:       0.000
X:       0.000
Y:       1.000
Z:       0.000
A:
     0:        1.000        3.000      500.000     1000.000      180.000
     5:        1.000        1.000        1.000        1.000        0.000
    10:      260.000        0.000
B:
     0:       69.000       21.000       48.000        0.000        0.000
     5:        0.000        0.000
C:
     0:        0.500      268.600        0.500      805.600        0.500
     5:      525.600        0.500        9.600        0.500       13.600
    10:        0.500      760.600        0.500      176.600        0.500
    15:        1.600        0.500       12.600        0.500      232.600
    20:        0.500        9.600        0.500       94.600        0.500
    25:        1.600        0.500       42.600        0.500       13.600
    30:        0.500      230.100        0.200        0.700        0.800
    35:     2866.600        0.500     1424.600        0.500       47.600
    40:        0.500       12.600        0.500        4.600        0.500
    45:      295.100        0.200        0.700        0.800      223.600
    50:        0.500        1.600        0.500        1.600        0.500
    55:     3479.600        0.500        3.600        0.500     5812.100
    60:        0.200        0.700        0.800     4748.100        0.200
    65:        0.700        0.800     3521.600        0.500       33.600
    70:        0.500     1949.600        0.500       35.600        0.500
    75:     1741.100        0.200        0.700        0.800      162.100
    80:        0.200        0.700        0.800      103.100        0.200
    85:        0.700        0.800      141.100        0.200        0.700
    90:        0.800    10174.100        0.200        0.700        0.800
    95:      120.100        0.200        0.700        0.800     6852.600
   100:        0.500     1705.100        0.200        0.700        0.800
   105:     6023.600        0.500       80.600        0.500       76.600
   110:        0.500       13.600        0.500     2020.600        0.500
   115:        2.600        0.500       14.600        0.500       39.600
   120:        0.500       20.600        0.500        2.600        0.500
   125:        1.600        0.500        5.600        0.500        3.600
   130:        0.500        6.600        0.500        8.600        0.500
   135:        4.600        0.500       44.600        0.500      379.100
   140:        0.200        0.700        0.800      107.100        0.200
   145:        0.700        4.100        0.800      213.100        0.200
   150:        0.700        0.800    11942.600        0.500      120.100
   155:        0.200        0.700        0.800    10243.100        0.200
   160:        0.700        0.800     6278.100        0.200        0.700
   165:        0.800      160.100        0.200        0.700        0.800
   170:     9550.100        0.200        0.700        0.800      135.100
   175:        0.200        0.700        0.800     6068.100        0.200
   180:        0.700        0.800     5800.300
G:
     0:      319.030      783.820     1735.720     2210.560     2938.390
     5:     2954.660     2964.890     2979.040     3996.450     4008.480
    10:     4864.130     5738.030     5749.170     5770.430     6976.680
    15:     8000.940     8628.750     8644.700     9599.780     9613.270
    20:    10219.990
H:
     0:       26.800      107.380      159.840      160.690      162.050
     5:      237.990      255.600      255.720      256.950      280.110
    10:      281.040      290.400      290.510      294.780      296.010
    15:      605.590      748.040      752.770      753.900      754.290
    20:      806.100      806.220      806.380     1154.270     1154.530
    25:     2562.670     2565.950     2760.870     2764.290     4693.670
    30:     5466.480     5474.460     5482.080     5483.290     5685.330
    35:     5685.530     5686.900     5690.860     5692.810     5693.030
    40:     5693.160     5693.640     5693.980     5694.580     5695.360
    45:     5695.750     5700.090     6964.600
M:
     0:      319.030      783.820     1735.720     2210.560     2938.390
     5:     2954.660     2964.890     2979.040     3996.450     4008.480
    10:     4864.130     5738.030     5748.710     5770.430     6976.680
    15:     8000.940     8628.750     8644.700     9599.780     9613.270
    20:    10219.990
N:
     0:       26.800      107.380      159.840      160.690      162.050
     5:      237.990      255.600      255.720      256.950      280.110
    10:      281.040      290.400      290.510      294.780      296.010
    15:      605.590      748.040      752.770      753.900      754.290
    20:      806.100      806.220      806.380     1154.270     1154.530
    25:     2562.670     2565.950     2760.870     2764.290     4693.670
    30:     5466.480     5474.460     5482.080     5483.290     5685.330
    35:     5685.530     5686.900     5690.860     5692.810     5693.030
    40:     5693.160     5693.640     5693.980     5694.580     5695.360
    45:     5695.750     5700.090     6964.600
O:
     0:     5749.170
P:
Q:
     0:        0.000   310064.000   178985.000    13670.000       21.000
     5:       48.000        1.000        0.000
\Box3_Comments:



Start Date: 01/28/22
End Date: 01/28/22
Subject: 4
Experiment: heroinSA
Group: heroin
Box: 4
Start Time: 11:56:53
End Time: 16:25:06
MSN: FR_SCRIPT_box4
D:       0.750
E:       0.250
F:      15.000
I:      72.000
J:       0.000
K:   10800.010
L:       0.000
R:       0.000
S:       0.000
T:    1559.000
U:       0.000
V:       0.000
W:       1.000
X:       0.000
Y:       0.000
Z:       0.000
A:
     0:        2.000        3.000      500.000     1000.000      180.000
     5:        1.000        1.000        1.000        1.000        0.000
    10:      240.000        0.000
B:
     0:       20.000       15.000        5.000        0.000        0.000
     5:        0.000        0.000
C:
     0:        0.500      105.600        0.500     1286.100        0.200
     5:        0.700        0.800      396.600        0.500     1376.100
    10:        0.200        0.700        0.800     3067.100        0.200
    15:        0.700        0.800    11829.100        0.200        0.700
    20:        0.800     2712.100        0.200        0.700        0.800
    25:     4206.100        0.200        0.700        0.800     8554.600
    30:        0.500       99.100        0.200        0.700        0.800
    35:     3350.100        0.200        0.700        0.800    19039.600
    40:        0.500     5367.100        0.200        0.700        0.800
    45:     2047.100        0.200        0.700        0.800     9286.100
    50:        0.200        0.700        0.800     9650.100        0.200
    55:        0.700        0.800     9987.600        0.500     1208.100
    60:        0.200        0.700        0.800    12590.100        0.200
    65:        0.700        0.800      287.100        0.200        0.700
    70:        0.800     1559.300
G:
     0:      139.180      316.350      623.030     1805.970     2077.180
     5:     2497.720     3363.030     3698.060     6138.640     6343.380
    10:     7271.890     8236.970     9356.450    10615.440    10644.100
H:
     0:       10.510      178.740     3353.120     5601.960     9235.640
M:
     0:      139.180      316.350      623.030     1805.970     2077.180
     5:     2497.720     3363.030     3698.060     6138.640     6343.380
    10:     7271.890     8236.970     9356.450    10615.440    10644.100
N:
     0:       10.510      178.740     3353.120     5601.960     9235.640
O:
P:
Q:
     0:   178796.000   195898.000   117414.000    31898.000       15.000
     5:        5.000        0.000        0.000
\Box4_Comments:



Start Date: 01/28/22
End Date: 01/28/22
Subject: 5
Experiment: heroinSA
Group: heroin
Box: 5
Start Time: 11:56:53
End Time: 16:25:06
MSN: FR_SCRIPT
D:       0.537
E:       0.463
F:      29.000
I:     168.000
J:       0.000
K:   10800.010
L:       0.000
R:       0.000
S:       0.000
T:    8325.000
U:       0.000
V:       0.000
W:       1.000
X:       0.000
Y:       0.000
Z:       0.000
A:
     0:        1.000        3.000      500.000     1000.000      180.000
     5:        1.000        1.000        1.000        1.000        0.000
    10:      270.000        0.000
B:
     0:       54.000       29.000       25.000        0.000        0.000
     5:        0.000        0.000
C:
     0:        0.500      275.100        0.200        0.700        0.800
     5:      811.600        0.500        7.600        0.500      302.100
    10:        0.200        0.700        0.800     1542.600        0.500
    15:        3.600        0.500     2306.100        0.200        0.700
    20:        0.800      199.600        0.500       33.600        0.500
    25:      103.600        0.500       16.600        0.500        2.600
    30:        0.500       53.600        0.500       42.600        0.500
    35:       23.600        0.500       55.600        0.500        6.600
    40:        0.500     1720.100        0.200        0.700        0.800
    45:      539.100        0.200        0.700        0.800     4307.600
    50:        0.500     2897.100        0.200        0.700        0.800
    55:     1627.100        0.200        0.700        0.800      269.600
    60:        0.500        9.600        0.500     3181.600        0.500
    65:      762.600        0.500      485.100        0.200        0.700
    70:        0.800     3308.100        0.200        0.700        0.800
    75:      175.100        0.200        0.700        0.800     3733.600
    80:        0.500     5858.100        0.200        0.700        0.800
    85:      119.100        0.200        0.700        0.800     2693.100
    90:        0.200        0.700        0.800      139.600        0.500
    95:     3741.100        0.200        0.700        0.800     1590.100
   100:        0.200        0.700        0.800    10054.100        0.200
   105:        0.700        0.800     3753.100        0.200        0.700
   110:        0.800     1104.100        0.200        0.700        0.800
   115:     3465.100        0.200        0.700        0.800      252.600
   120:        0.500      524.100        0.200        0.700        0.800
   125:     7131.600        0.500       44.600        0.500     2094.100
   130:        0.200        0.700        0.800     2382.100        0.200
   135:        0.700        0.800     6233.600        0.500     6225.100
   140:        0.200        0.700        0.800      159.100        0.200
   145:        0.700        0.800     4835.100        0.200        0.700
   150:        0.800      134.100        0.200        0.700        0.800
   155:     8117.100        0.200        0.700        0.800      127.100
   160:        0.200        0.700        0.800      112.100        0.200
   165:        0.700        0.800     8325.300
G:
     0:       27.500      139.510      524.600      749.840      803.690
     5:     1524.140     1686.850     2157.460     2488.230     2505.700
    10:     3464.830     3476.770     3746.050     4133.990     4293.040
    15:     5298.410     5673.780     5784.090     6130.680     6208.260
    20:     7135.110     7373.380     8619.100     8635.030     9118.540
    25:     9131.890     9943.590     9956.380     9967.560
H:
     0:      108.610      109.300      293.730      294.070      544.540
     5:      547.860      558.090      559.770      559.980      565.280
    10:      569.470      571.780      577.240      577.880     1234.430
    15:     1713.780     1714.600     2032.730     2108.980     2879.050
    20:     3759.970     6155.870     6921.310     6925.710     7996.650
M:
     0:       27.500      139.510      524.600      749.840      803.690
     5:     1524.140     1686.850     2157.460     2488.230     2505.700
    10:     3464.830     3476.770     3746.050     4133.990     4293.040
    15:     5298.410     5673.780     5784.090     6130.680     6208.260
    20:     7135.110     7373.380     8619.100     8635.030     9118.540
    25:     9131.890     9943.590     9956.380     9967.560
N:
     0:      108.610      109.300      293.730      294.070      544.540
     5:      547.860      558.090      559.770      559.980      565.280
    10:      569.470      571.780      577.240      577.880     1234.430
    15:     1713.780     1714.600     2032.730     2108.980     2879.050
    20:     3759.970     6155.870     6921.310     6925.710     7996.650
O:
P:
Q:
     0:   140136.000   252312.000   182813.000    64387.000       29.000
     5:       25.000        0.000        0.000
\Box5_Comments:



Start Date: 01/28/22
End Date: 01/28/22
Subject: 6
Experiment: heroinSA
Group: heroin
Box: 6
Start Time: 11:56:53
End Time: 16:25:06
MSN: FR_SCRIPT
D:       1.000
E:       0.000
F:      31.000
I:     128.000
J:       0.000
K:   10800.010
L:       0.000
R:       0.000
S:       0.000
T:     111.000
U:       0.000
V:       0.000
W:       0.000
X:       0.000
Y:       0.000
Z:       0.000
A:
     0:        2.000        3.000      500.000     1000.000      180.000
     5:        1.000        1.000        1.000        1.000        0.000
    10:      253.000        0.000
B:
     0:       31.000       31.000        0.000        0.000        0.000
     5:        0.000        0.000
C:
     0:        0.500      409.100        0.200        0.700        0.800
     5:      209.100        0.200        0.700        0.800     5386.100
    10:        0.200        0.700        0.800      206.100        0.200
    15:        0.700        0.800     4476.100        0.200        0.700
    20:        0.800     5002.100        0.200        0.700        0.800
    25:     5293.100        0.200        0.700        0.800     4901.100
    30:        0.200        0.700        0.800     2077.100        0.200
    35:        0.700        0.800     4645.100        0.200        0.700
    40:        0.800     3927.100        0.200        0.700        0.800
    45:     5407.100        0.200        0.700        0.800     2369.100
    50:        0.200        0.700        0.800     1970.100        0.200
    55:        0.700        0.800     1837.100        0.200        0.700
    60:        0.800     4004.100        0.200        0.700        0.800
    65:     4765.100        0.200        0.700        0.800      648.100
    70:        0.200        0.700        0.800     4326.100        0.200
    75:        0.700        0.800     3763.100        0.200        0.700
    80:        0.800     3418.100        0.200        0.700        0.800
    85:     3495.100        0.200        0.700        0.800     5266.100
    90:        0.200        0.700        1.100        0.800     2420.100
    95:        0.200        0.700        0.800      205.100        0.200
   100:        0.700        1.100        0.800     8663.100        0.200
   105:        0.700        0.800      173.100        0.200        0.700
   110:        0.800     5375.100        0.200        0.700        0.800
   115:     5345.100        0.200        0.700        0.800     7662.100
   120:        0.200        0.700        0.800      245.100        0.200
   125:        0.700        0.800      111.300
G:
     0:       40.890       61.840      600.450      621.080     1068.680
     5:     1568.870     2098.090     2588.220     2795.940     3260.410
    10:     3653.130     4193.830     4430.780     4627.700     4811.440
    15:     5211.870     5688.380     5753.170     6185.750     6562.000
    20:     6903.810     7253.330     7780.080     8022.010     8042.640
    25:     8908.920     8926.210     9463.700     9998.280    10764.430
    30:    10788.930
H:
M:
     0:       40.890       61.840      600.450      621.080     1068.680
     5:     1568.870     2098.090     2588.220     2795.940     3260.410
    10:     3653.130     4193.830     4430.780     4627.700     4811.440
    15:     5211.870     5688.380     5753.170     6185.750     6562.000
    20:     6903.810     7253.330     7779.960     8022.010     8042.520
    25:     8908.920     8926.210     9463.700     9998.280    10764.430
    30:    10788.930
N:
O:
     0:     7780.080     8042.640
P:
Q:
     0:   236882.000   307802.000    74515.000    11735.000       31.000
     5:        0.000        2.000        0.000
\Box6_Comments:



Start Date: 01/28/22
End Date: 01/28/22
Subject: 7
Experiment: heroinSA
Group: heroin
Box: 7
Start Time: 11:56:53
End Time: 16:25:06
MSN: FR_SCRIPT
D:       0.909
E:       0.091
F:      40.000
I:     171.000
J:       0.000
K:   10800.010
L:       0.000
R:       0.000
S:       0.000
T:    1285.000
U:       0.000
V:       0.000
W:       0.000
X:       0.000
Y:       0.000
Z:       0.000
A:
     0:        1.000        3.000      500.000     1000.000      180.000
     5:        1.000        1.000        1.000        1.000        0.000
    10:      282.000        0.000
B:
     0:       44.000       40.000        4.000        0.000        0.000
     5:        0.000        0.000
C:
     0:        0.500       91.100        0.200        0.700        0.800
     5:      294.600        0.500       13.100        0.200        0.700
    10:        0.800      243.100        0.200        0.700        0.800
    15:      142.100        0.200        0.700        0.800     1622.100
    20:        0.200        0.700        0.800      256.100        0.200
    25:        0.700        1.100        0.800     4461.100        0.200
    30:        0.700        0.800     1274.100        0.200        0.700
    35:        0.800     4985.100        0.200        0.700        0.800
    40:      108.600        0.500        0.600        0.500       21.100
    45:        0.200        0.700        0.800     3949.100        0.200
    50:        0.700        0.800     2031.100        0.200        0.700
    55:        0.800     2894.100        0.200        0.700        0.800
    60:     4140.100        0.200        0.700        0.800     3563.100
    65:        0.200        0.700        0.800     3069.100        0.200
    70:        0.700        0.800     3955.100        0.200        0.700
    75:        0.800     2917.100        0.200        0.700        0.800
    80:     3444.100        0.200        0.700        0.800     2508.100
    85:        0.200        0.700        0.800     4437.100        0.200
    90:        0.700        0.800      197.100        0.200        0.700
    95:        0.800     4930.100        0.200        0.700        0.800
   100:     2707.100        0.200        0.700        0.800     3696.600
   105:        0.500     1271.100        0.200        0.700        0.800
   110:     4094.100        0.200        0.700        0.800     3279.100
   115:        0.200        0.700        0.800     3506.100        0.200
   120:        0.700        0.800     2393.100        0.200        0.700
   125:        0.800     2645.100        0.200        0.700        0.800
   130:      207.100        0.200        0.700        0.800     4356.100
   135:        0.200        0.700        0.800     4225.100        0.200
   140:        0.700        0.800     2796.100        0.200        0.700
   145:        0.800     2984.100        0.200        0.700        0.800
   150:     3399.100        0.200        0.700        0.800     3003.100
   155:        0.200        0.700        0.800      147.100        0.200
   160:        0.700        0.800     6170.100        0.200        0.700
   165:        0.800      292.100        0.200        0.700        0.800
   170:     1285.300
G:
     0:        9.160       39.880       64.170       78.360      240.540
     5:      266.250      712.290      839.690     1338.270     1351.100
    10:     1746.010     1949.140     2238.530     2652.510     3008.860
    15:     3315.740     3711.260     4002.890     4347.310     4598.160
    20:     5041.860     5061.550     5554.540     5825.270     6321.940
    25:     6731.350     7059.220     7409.870     7649.170     7913.620
    30:     7934.380     8369.970     8792.460     9072.000     9370.470
    35:     9710.380    10010.600    10025.330    10642.310    10671.500
H:
     0:       38.530     1349.000     1349.070     6194.850
M:
     0:        9.160       39.880       64.170       78.360      240.540
     5:      266.090      712.290      839.690     1338.270     1351.100
    10:     1746.010     1949.140     2238.530     2652.510     3008.860
    15:     3315.740     3711.260     4002.890     4347.310     4598.160
    20:     5041.860     5061.550     5554.540     5825.270     6321.940
    25:     6731.350     7059.220     7409.870     7649.170     7913.620
    30:     7934.380     8369.970     8792.460     9072.000     9370.470
    35:     9710.380    10010.600    10025.330    10642.310    10671.500
N:
     0:       38.530     1349.000     1349.070     6194.850
O:
     0:      266.250
P:
Q:
     0:   263985.000   167019.000    48151.000    20877.000       40.000
     5:        4.000        1.000        0.000
\Box7_Comments:



Start Date: 01/28/22
End Date: 01/28/22
Subject: 8
Experiment: heroinSA
Group: heroin
Box: 8
Start Time: 11:56:53
End Time: 16:25:06
MSN: FR_SCRIPT
D:       0.652
E:       0.348
F:      43.000
I:     221.000
J:       0.000
K:   10800.010
L:       0.000
R:       0.000
S:       0.000
T:    5027.000
U:       0.000
V:       1.000
W:       0.000
X:       0.000
Y:       0.000
Z:       0.000
A:
     0:        2.000        3.000      500.000     1000.000      180.000
     5:        1.000        1.000        1.000        1.000        0.000
    10:      253.000        0.000
B:
     0:       66.000       43.000       23.000        0.000        0.000
     5:        0.000        0.000
C:
     0:        0.500      823.100        0.200        0.700       94.100
     5:        0.800       32.100        0.200        0.700        0.800
    10:     1281.100        0.200        0.700        0.800      120.100
    15:        0.200        0.700        0.800     2688.600        0.500
    20:       86.100        0.200        0.700        0.800      295.100
    25:        0.200        0.700        0.800     5848.100        0.200
    30:        0.700        0.800      849.100        0.200        0.700
    35:        0.800     4699.100        0.200        0.700        0.800
    40:      114.100        0.200        0.700        0.800     6557.100
    45:        0.200        0.700        0.800      156.600        0.500
    50:        6.600        0.500     5198.100        0.200        0.700
    55:        0.800      125.600        0.500        1.600        0.500
    60:       83.100        0.200        0.700        0.800      106.100
    65:        0.200        0.700        0.800      109.100        0.200
    70:        0.700        0.800    10211.600        0.500       16.600
    75:        0.500        2.600        0.500        8.600        0.500
    80:       75.100        0.200        0.700        0.800      153.100
    85:        0.200        0.700        0.800      134.100        0.200
    90:        0.700        0.800      112.100        0.200        0.700
    95:        0.800      108.100        0.200        0.700        0.800
   100:    13317.100        0.200        0.700        0.800     7295.600
   105:        0.500        3.600        0.500       16.600        0.500
   110:        6.600        0.500        6.600        0.500       10.600
   115:        0.500       10.600        0.500        1.600        0.500
   120:       10.600        0.500      470.100        0.200        0.700
   125:        0.800      207.100        0.200        0.700        0.800
   130:      190.100        0.200        0.700        0.800      133.100
   135:        0.200        0.700        0.800      102.100        0.200
   140:        0.700        0.800      126.100        0.200        0.700
   145:        0.800      120.100        0.200        0.700        0.800
   150:    11436.100        0.200        0.700        0.800      139.100
   155:        0.200        0.700        0.800     2722.100        0.200
   160:        0.700        0.800     6887.600        0.500       11.600
   165:        0.500        2.600        0.500        2.600        0.500
   170:        3.600        0.500      213.100        0.200        0.700
   175:        0.800      135.100        0.200        0.700        0.800
   180:      198.100        0.200        0.700        0.800      112.100
   185:        0.200        0.700        0.800      132.100        0.200
   190:        0.700        0.800      106.100        0.200        0.700
   195:        0.800    11894.100        0.200        0.700        0.800
   200:      140.100        0.200        0.700        0.800     6349.100
   205:        0.200        0.700        0.800      102.100        0.200
   210:        0.700        0.800      151.100        0.200        0.700
   215:        0.800      128.100        0.200        0.700        0.800
   220:     5027.300
G:
     0:       91.740       94.930      222.990      235.010      512.480
     5:      541.980     1126.760     1211.640     1681.550     1692.900
    10:     2348.630     2884.630     2905.570     2916.120     2926.990
    15:     3958.190     3973.520     3986.940     3998.150     4008.950
    20:     5340.680     6123.360     6144.060     6163.040     6176.330
    25:     6186.570     6199.180     6211.180     7354.750     7368.630
    30:     7640.850     8352.680     8366.140     8385.940     8397.110
    35:     8410.300     8420.970     9610.300     9624.360    10259.240
    40:    10269.400    10284.530    10297.290
H:
     0:      503.850     2364.210     2364.840     2897.150     2897.200
     5:     3948.130     3949.760     3949.940     3950.740     6070.130
    10:     6070.470     6072.040     6072.600     6073.190     6074.190
    15:     6075.220     6075.350     6076.320     8329.490     8330.630
    20:     8330.870     8331.030     8331.330
M:
     0:       82.340       94.930      222.990      235.010      512.480
     5:      541.980     1126.760     1211.640     1681.550     1692.900
    10:     2348.630     2884.630     2905.570     2916.120     2926.990
    15:     3958.190     3973.520     3986.940     3998.150     4008.950
    20:     5340.680     6123.360     6144.060     6163.040     6176.330
    25:     6186.570     6199.180     6211.180     7354.750     7368.630
    30:     7640.850     8352.680     8366.140     8385.940     8397.110
    35:     8410.300     8420.970     9610.300     9624.360    10259.240
    40:    10269.400    10284.530    10297.290
N:
     0:      503.850     2364.210     2364.840     2897.150     2897.200
     5:     3948.130     3949.760     3949.940     3950.740     6070.130
    10:     6070.470     6072.040     6072.600     6073.190     6074.190
    15:     6075.220     6075.350     6076.320     8329.490     8330.630
    20:     8330.870     8331.030     8331.330
O:
     0:       91.740
P:
Q:
     0:   146442.000   205621.000   125451.000   103017.000       43.000
     5:       23.000        1.000        0.000
\Box8_Comments:



Start Date: 01/28/22
End Date: 01/28/22
Subject: 9
Experiment: heroinSA
Group: heroin
Box: 9
Start Time: 11:56:53
End Time: 16:25:06
MSN: FR_SCRIPT
D:       0.774
E:       0.226
F:      48.000
I:     224.000
J:       0.000
K:   10800.010
L:       0.000
R:       0.000
S:       0.000
T:    1002.000
U:       0.000
V:       0.000
W:       1.000
X:       0.000
Y:       0.000
Z:       0.000
A:
     0:        1.000        3.000      500.000     1000.000      180.000
     5:        1.000        1.000        1.000        1.000        0.000
    10:      275.000        0.000
B:
     0:       62.000       48.000       14.000        0.000        0.000
     5:        0.000        0.000
C:
     0:        0.500       16.600        0.500       71.100        0.200
     5:        0.700        0.800      292.100        0.200        0.700
    10:        0.800      991.100        0.200        0.700        0.800
    15:      123.100        0.200        0.700        0.800      223.600
    20:        0.500        3.600        0.500       15.600        0.500
    25:     2363.100        0.200        0.700        0.800      931.100
    30:        0.200        0.700        0.800     2864.100        0.200
    35:        0.700        0.800      327.600        0.500        3.600
    40:        0.500     3807.100        0.200        0.700        0.800
    45:      886.600        0.500      730.100        0.200        0.700
    50:        0.100        0.800      690.100        0.200        0.700
    55:        0.800     1566.100        0.200        0.700        0.800
    60:     3043.100        0.200        0.700        0.800     4177.100
    65:        0.200        0.700        0.800     1968.100        0.200
    70:        0.700        0.800     3581.600        0.500      288.100
    75:        0.200        0.700        0.800     1269.100        0.200
    80:        0.700        0.800     3680.100        0.200        0.700
    85:        0.800     2026.100        0.200        0.700        0.800
    90:     1985.100        0.200        0.700        0.800      159.100
    95:        0.200        0.700        0.800     3849.100        0.200
   100:        0.700        0.800     2831.100        0.200        0.700
   105:        0.800     4732.100        0.200        0.700        0.800
   110:     4300.100        0.200        0.700        0.800     2169.100
   115:        0.200        0.700        0.800     1787.100        0.200
   120:        0.700        0.800     1368.100        0.200        0.700
   125:        0.800      193.600        0.500     5096.100        0.200
   130:        0.700        0.800     3204.100        0.200        0.700
   135:        0.800      106.600        0.500     2161.600        0.500
   140:       88.100        0.200        0.700        0.800     2001.600
   145:        0.500     1107.100        0.200        0.700        0.800
   150:      398.600        0.500     1258.100        0.200        0.700
   155:        0.800     1234.100        0.200        0.700        0.800
   160:     2478.100        0.200        0.700        0.800      150.100
   165:        0.200        0.700        0.800     4537.100        0.200
   170:        0.700        0.800      110.100        0.200        0.700
   175:        0.800     3904.100        0.200        0.700        0.800
   180:      198.100        0.200        0.700        0.800     2759.100
   185:        0.200        0.700        0.800     2985.600        0.500
   190:      100.100        0.200        0.700        0.800      167.100
   195:        0.200        0.700        0.800     3500.100        0.200
   200:        0.700        0.800     1984.100        0.200        0.700
   205:        0.800      137.100        0.200        0.700        1.100
   210:        0.800     4783.100        0.200        0.700        0.800
   215:      352.100        0.200        0.700        0.800     2894.100
   220:        0.200        0.700        0.800     1002.300
G:
     0:        8.780       37.920      137.070      149.360      409.770
     5:      502.870      789.190     1202.930     1364.520     1433.490
    10:     1590.180     1894.390     2312.120     2508.930     2895.870
    15:     3022.720     3390.760     3593.320     3791.860     3807.690
    20:     4192.650     4475.690     4948.910     5378.940     5595.820
    25:     5774.570     5911.290     6440.230     6760.670     6996.140
    30:     7306.960     7472.510     7595.930     7843.770     7858.760
    35:     8312.440     8323.420     8713.830     8733.650     9009.560
    40:     9318.050     9334.710     9684.720     9883.130     9896.960
    45:    10375.240    10410.430    10699.790
H:
     0:        1.650      171.650      171.920      173.460      821.940
     5:      822.220     1291.540     2867.030     5930.600     6771.240
    10:     6987.380     7196.240     7346.770     9308.080
M:
     0:        8.780       37.920      137.070      149.360      409.770
     5:      502.870      789.190     1202.930     1364.500     1433.490
    10:     1590.180     1894.390     2312.120     2508.930     2895.870
    15:     3022.720     3390.760     3593.320     3791.860     3807.690
    20:     4192.650     4475.690     4948.910     5378.940     5595.820
    25:     5774.570     5911.290     6440.230     6760.670     6996.140
    30:     7306.960     7472.510     7595.930     7843.770     7858.760
    35:     8312.440     8323.420     8713.830     8733.650     9009.560
    40:     9318.050     9334.710     9684.720     9883.130     9896.810
    45:    10375.240    10410.430    10699.790
N:
     0:        1.650      171.650      171.920      173.460      821.940
     5:      822.220     1291.540     2867.030     5930.600     6771.240
    10:     6987.380     7196.240     7346.770     9308.080
O:
     0:     1364.520     9896.960
P:
Q:
     0:   230113.000   329451.000   120483.000    10264.000       48.000
     5:       14.000        2.000        0.000
\Box9_Comments:



Start Date: 01/28/22
End Date: 01/28/22
Subject: 10
Experiment: heroinSA
Group: saline
Box: 10
Start Time: 11:56:53
End Time: 16:25:06
MSN: FR_SCRIPT
D:       0.405
E:       0.595
F:      15.000
I:     106.000
J:       0.000
K:   10800.010
L:       0.000
R:       0.000
S:       0.000
T:   28674.000
U:       0.000
V:       0.000
W:       0.000
X:       0.000
Y:       1.000
Z:       0.000
A:
     0:        2.000        3.000      500.000     1000.000      180.000
     5:        1.000        1.000        1.000        1.000        0.000
    10:      261.000        0.000
B:
     0:       37.000       15.000       22.000        0.000        0.000
     5:        0.000        0.000
C:
     0:        0.500       65.100        0.200        0.700        0.800
     5:      197.600        0.500       53.600        0.500        2.600
    10:        0.500       15.100        0.200        0.700        0.800
    15:      121.100        0.200        0.700        0.800      932.600
    20:        0.500        3.600        0.500      525.100        0.200
    25:        0.700        0.800      103.600        0.500        4.600
    30:        0.500        5.600        0.500      994.100        0.200
    35:        0.700        0.800      220.100        0.200        0.700
    40:        0.800      208.100        0.200        0.700        0.800
    45:     1204.600        0.500       11.600        0.500        2.600
    50:        0.500        2.600        0.500     1779.100        0.200
    55:        0.700        0.800     2485.100        0.200        0.700
    60:        0.800     4885.100        0.200        0.700        0.800
    65:     1615.600        0.500       24.600        0.500        6.600
    70:        0.500       12.600        0.500      482.100        0.200
    75:        0.700        0.800    12167.600        0.500       19.600
    80:        0.500        6.600        0.500       14.600        0.500
    85:       30.600        0.500      874.100        0.200        0.700
    90:        0.800      400.600        0.500     1529.100        0.200
    95:        0.700        0.800    48231.100        0.200        0.700
   100:        0.800      102.100        0.200        0.700        0.800
   105:    28674.300
G:
     0:        6.570       33.220       45.290      191.320      301.920
     5:      323.890      344.720      644.560      893.060     1381.580
    10:     1595.470     2906.420     3099.330     7922.400     7932.680
H:
     0:       26.230       31.540       31.730      138.510      138.850
     5:      201.620      202.030      202.570      465.100      466.200
    10:      466.410      466.640     1543.040     1545.390     1546.020
    15:     1547.200     2812.130     2813.990     2814.660     2816.050
    20:     2818.990     2946.440
M:
     0:        6.570       33.220       45.290      191.320      301.920
     5:      323.890      344.720      644.560      893.060     1381.580
    10:     1595.470     2906.420     3099.330     7922.400     7932.680
N:
     0:       26.230       31.540       31.730      138.510      138.850
     5:      201.620      202.030      202.570      465.100      466.200
    10:      466.410      466.640     1543.040     1545.390     1546.020
    15:     1547.200     2812.130     2813.990     2814.660     2816.050
    20:     2818.990     2946.440
O:
P:
Q:
     0:    50684.000    98258.000   187763.000   196569.000       15.000
     5:       22.000        0.000        0.000
\Box10_Comments:



Start Date: 01/28/22
End Date: 01/28/22
Subject: 11
Experiment: heroinSA
Group: saline
Box: 11
Start Time: 11:56:53
End Time: 16:25:06
MSN: FR_SCRIPT_5choice
D:       0.432
E:       0.568
F:      16.000
I:     109.000
J:       0.000
K:   10800.010
L:       0.000
R:       0.000
S:       0.000
T:   36078.000
U:       0.000
V:       0.000
W:       0.000
X:       0.000
Y:       0.000
Z:       0.000
A:
     0:        1.000        3.000      500.000     1000.000      180.000
     5:        1.000        1.000        1.000        2.000        0.000
    10:      289.000        0.000
B:
     0:       37.000       16.000       21.000        0.000        0.000
     5:        0.000        0.000
C:
     0:        0.500       80.600        0.500      521.600        0.500
     5:     1344.600        0.500      420.600        0.500        3.600
    10:        0.500      115.100        0.200        0.700        0.800
    15:      576.100        0.200        0.700        0.800      189.100
    20:        0.200        0.700        2.100        0.800     2993.100
    25:        0.200        0.700        0.800      242.100        0.200
    30:        0.700        0.800      305.600        0.500        2.600
    35:        0.500       58.600        0.500       38.100        0.200
    40:        0.700        0.800      140.100        0.200        0.700
    45:        0.800     7279.100        0.200        0.700        0.800
    50:     6785.600        0.500       26.600        0.500      248.100
    55:        0.200        0.700        0.800      939.100        0.200
    60:        0.700        0.800      308.600        0.500     3833.100
    65:        0.200        0.700        0.800     9433.100        0.200
    70:        0.700        0.800      550.600        0.500        9.600
    75:        0.500      148.100        0.200        0.700        0.800
    80:      995.600        0.500      535.600        0.500       48.600
    85:        0.500       19.600        0.500     3100.100        0.200
    90:        0.700        0.800      205.600        0.500       13.600
    95:        0.500       31.600        0.500       20.600        0.500
   100:      596.100        0.200        0.700        0.800    29774.100
   105:        0.200        0.700        0.800    36078.300
G:
     0:      248.350      305.910      325.050      624.350      648.520
     5:      688.840      702.820     1430.700     2136.630     2230.540
    10:     2644.610     3587.970     3658.620     4128.350     4214.810
    15:     7192.270
H:
     0:        8.070       60.180      194.510      236.570      236.850
     5:      679.050      679.230      685.070     2109.200     2111.870
    10:     2261.310     3642.890     3643.800     3758.180     3811.590
    15:     3816.410     3818.350     4148.860     4150.100     4153.280
    20:     4155.220
M:
     0:      248.350      305.910      324.860      624.350      648.520
     5:      688.840      702.820     1430.700     2136.630     2230.540
    10:     2644.610     3587.970     3658.620     4128.350     4214.810
    15:     7192.270
N:
     0:        8.070       60.180      194.510      236.570      236.850
     5:      679.050      679.230      685.070     2109.200     2111.870
    10:     2261.310     3642.890     3643.800     3758.180     3811.590
    15:     3816.410     3818.350     4148.860     4150.100     4153.280
    20:     4155.220
O:
     0:      325.050
P:
Q:
     0:        0.000        0.000        0.000        0.000       16.000
     5:       21.000        1.000        0.000
\Box11_Comments:



Start Date: 01/28/22
End Date: 01/28/22
Subject: 12
Experiment: heroinSA
Group: saline
Box: 12
Start Time: 11:56:53
End Time: 16:25:06
MSN: FR_SCRIPT_5choice
D:       0.429
E:       0.571
F:       3.000
I:      22.000
J:       0.000
K:   10800.010
L:       0.000
R:       0.000
S:       0.000
T:   98046.000
U:       0.000
V:       0.000
W:       0.000
X:       0.000
Y:       0.000
Z:       0.000
A:
     0:        2.000        3.000      500.000     1000.000      180.000
     5:        1.000        1.000        1.000        2.000        0.000
    10:      272.000        0.000
B:
     0:        7.000        3.000        4.000        0.000        0.000
     5:        0.000        0.000
C:
     0:        0.500     4392.100        0.200        0.700        0.800
     5:      386.100        0.200        0.700        0.800     4595.600
    10:        0.500       75.600        0.500       19.600        0.500
    15:      129.600        0.500      358.100        0.200        0.700
    20:        0.800    98046.300
G:
     0:      439.210      477.840      995.440
H:
     0:      937.290      944.880      946.750      959.590
M:
     0:      439.210      477.840      995.440
N:
     0:      937.290      944.880      946.750      959.590
O:
P:
Q:
     0:        0.000        0.000        0.000        0.000        3.000
     5:        4.000        0.000        0.000
\Box12_Comments:



Start Date: 01/28/22
End Date: 01/28/22
Subject: 13
Experiment: heroinSA
Group: saline
Box: 13
Start Time: 11:56:53
End Time: 16:25:06
MSN: FR_SCRIPT_5choice
D:       0.875
E:       0.125
F:      14.000
I:      62.000
J:       0.000
K:   10800.010
L:       0.000
R:       0.000
S:       0.000
T:    2866.000
U:       0.000
V:       0.000
W:       0.000
X:       0.000
Y:       0.000
Z:       0.000
A:
     0:        1.000        3.000      500.000     1000.000      180.000
     5:        1.000        1.000        1.000        2.000        0.000
    10:      252.000        0.000
B:
     0:       16.000       14.000        2.000        0.000        0.000
     5:        0.000        0.000
C:
     0:        0.500     1443.100        0.200        0.700        0.800
     5:     1694.100        0.200        0.700        0.800      376.100
    10:        0.200        0.700        0.800    10329.100        0.200
    15:        0.700        0.800      426.100        0.200        0.700
    20:        0.800     3982.100        0.200        0.700        0.800
    25:    13984.100        0.200        0.700        0.800      415.100
    30:        0.200        0.700        0.800     7174.100        0.200
    35:        0.700        0.800     4779.600        0.500       12.600
    40:        0.500       80.100        0.200        0.700        0.800
    45:      226.100        0.200        0.700        0.800      198.100
    50:        0.200        0.700        0.800    59593.100        0.200
    55:        0.700        0.800      423.100        0.200        0.700
    60:        0.800     2866.300
G:
     0:      144.380      313.770      351.310     1384.280     1426.880
     5:     1825.080     3223.430     3264.920     3982.290     4469.400
    10:     4492.020     4511.830    10471.110    10513.410
H:
     0:     4460.200     4461.390
M:
     0:      144.380      313.770      351.310     1384.280     1426.880
     5:     1825.080     3223.430     3264.920     3982.290     4469.400
    10:     4492.020     4511.830    10471.110    10513.410
N:
     0:     4460.200     4461.390
O:
P:
Q:
     0:        0.000        0.000        0.000        0.000       14.000
     5:        2.000        0.000        0.000
\Box13_Comments:



Start Date: 01/28/22
End Date: 01/28/22
Subject: 14
Experiment: heroinSA
Group: saline
Box: 14
Start Time: 11:56:53
End Time: 16:25:06
MSN: FR_SCRIPT_5choice
D:       0.625
E:       0.375
F:       5.000
I:      28.000
J:       0.000
K:   10800.010
L:       0.000
R:       0.000
S:       0.000
T:   24869.000
U:       0.000
V:       0.000
W:       0.000
X:       0.000
Y:       0.000
Z:       0.000
A:
     0:        2.000        3.000      500.000     1000.000      180.000
     5:        1.000        1.000        1.000        2.000        0.000
    10:      279.000        0.000
B:
     0:        8.000        5.000        3.000        0.000        0.000
     5:        0.000        0.000
C:
     0:        0.500      559.600        0.500     5083.100        0.200
     5:        0.700        0.800      425.100        0.200        0.700
    10:        0.800    19919.100        0.200        0.700        0.800
    15:     7260.100        0.200        0.700        0.800     4261.600
    20:        0.500     8900.600        0.500    36724.100        0.200
    25:        0.700        0.800    24869.300
G:
     0:      564.230      606.730     2598.610     3324.610     8313.150
H:
     0:       55.920     3750.740     4640.760
M:
     0:      564.230      606.730     2598.610     3324.610     8313.150
N:
     0:       55.920     3750.740     4640.760
O:
P:
Q:
     0:        0.000        0.000        0.000        0.000        5.000
     5:        3.000        0.000        0.000
\Box14_Comments:



Start Date: 01/28/22
End Date: 01/28/22
Subject: 15
Experiment: heroinSA
Group: saline
Box: 15
Start Time: 11:56:53
End Time: 16:25:06
MSN: FR_SCRIPT_5choice
D:       0.500
E:       0.500
F:       6.000
I:      38.000
J:       0.000
K:   10800.010
L:       0.000
R:       0.000
S:       0.000
T:   18316.000
U:       0.000
V:       0.000
W:       0.000
X:       0.000
Y:       0.000
Z:       0.000
A:
     0:        1.000        3.000      500.000     1000.000      180.000
     5:        1.000        1.000        1.000        2.000        0.000
    10:      265.000        0.000
B:
     0:       12.000        6.000        6.000        0.000        0.000
     5:        0.000        0.000
C:
     0:        0.500     1027.100        0.200        0.700        0.800
     5:      517.600        0.500      279.100        0.200        0.700
    10:        0.800      204.600        0.500      307.600        0.500
    15:     1621.600        0.500      705.100        0.200        0.700
    20:        0.800    12421.100        0.200        0.700        0.800
    25:     1319.100        0.200        0.700        0.800     1815.600
    30:        0.500    18924.600        0.500    50545.100        0.200
    35:        0.700        0.800    18316.300
G:
     0:      102.720      182.380      465.990     1708.120     1840.070
     5:     8968.400
H:
     0:      154.470      202.730      233.440      395.490     2021.540
     5:     3913.980
M:
     0:      102.720      182.380      465.990     1708.120     1840.070
     5:     8968.400
N:
     0:      154.470      202.730      233.440      395.490     2021.540
     5:     3913.980
O:
P:
Q:
     0:        0.000        0.000        0.000        0.000        6.000
     5:        6.000        0.000        0.000
\Box15_Comments:
