File: C:\Users\hurdlab\Desktop\data_rme\JS\heroinSA\20220118\ heroinSA_FR1_roomE_20220202



Start Date: 02/02/22
End Date: 02/02/22
Subject: 1
Experiment: heroinSA
Group: heroin
Box: 1
Start Time: 11:43:59
End Time: 15:20:26
MSN: FR_SCRIPT
D:       0.298
E:       0.702
F:      14.000
I:     124.000
J:       0.000
K:   10800.010
L:       0.000
R:       0.000
S:       0.000
T:     909.000
U:       0.000
V:       0.000
W:       0.000
X:       0.000
Y:       0.000
Z:       0.000
A:
     0:        1.000        3.000      500.000     1000.000      180.000
     5:        1.000        1.000        1.000        1.000        0.000
    10:      262.000        0.000
B:
     0:       47.000       14.000       33.000        0.000        0.000
     5:        0.000        0.000
C:
     0:        0.500      118.100        0.200        0.700        0.800
     5:      180.100        0.200        0.700        0.800      673.100
    10:        0.200        0.700        0.800      393.100        0.200
    15:        0.700        0.800     2843.600        0.500     7592.100
    20:        0.200        0.700        0.800      104.600        0.500
    25:     2996.600        0.500      120.600        0.500     2054.600
    30:        0.500     1552.600        0.500      215.600        0.500
    35:       55.600        0.500        3.600        0.500      530.600
    40:        0.500     1253.600        0.500     2321.600        0.500
    45:       15.600        0.500     2698.100        0.200        0.700
    50:        0.800     8380.600        0.500      244.100        0.200
    55:        0.700        0.800     2911.600        0.500     5343.600
    60:        0.500       47.600        0.500     3065.600        0.500
    65:        3.600        0.500      107.600        0.500       74.600
    70:        0.500      737.600        0.500     1568.100        0.200
    75:        0.700        0.800     5892.600        0.500     1908.600
    80:        0.500     1774.100        0.200        0.700        0.800
    85:     4378.600        0.500     4866.600        0.500     4537.100
    90:        0.200        0.700        0.800     7904.100        0.200
    95:        0.700        0.800     6583.600        0.500      430.600
   100:        0.500       42.600        0.500      168.100        0.200
   105:        0.700        0.800      229.600        0.500       33.600
   110:        0.500    10580.100        0.200        0.700        0.800
   115:     9060.600        0.500      399.100        0.200        0.700
   120:        0.800      114.600        0.500      909.300
G:
     0:       11.860       29.840       97.110      136.390     1179.980
     5:     2571.560     3433.950     4819.400     5776.870     7154.890
    10:     7945.350     8667.680     9751.860    10697.770
H:
     0:      420.710     1190.300     1489.910     1501.960     1707.380
     5:     1862.530     1884.060     1889.570     1889.820     1942.800
    10:     2068.120     2300.190     2301.700     3409.560     3725.040
    15:     4259.350     4264.040     4570.560     4570.790     4581.510
    20:     4588.890     4662.610     5408.680     5599.400     6214.660
    25:     6701.190     8603.660     8646.620     8650.800     8690.550
    30:     8693.820    10657.840    10709.110
M:
     0:       11.860       29.840       97.110      136.390     1179.980
     5:     2571.560     3433.950     4819.400     5776.870     7154.890
    10:     7945.350     8667.680     9751.860    10697.770
N:
     0:      420.710     1190.300     1489.910     1501.960     1707.380
     5:     1862.530     1884.060     1889.570     1889.820     1942.800
    10:     2068.120     2300.190     2301.700     3409.560     3725.040
    15:     4259.350     4264.040     4570.560     4570.790     4581.510
    20:     4588.890     4662.610     5408.680     5599.400     6214.660
    25:     6701.190     8603.660     8646.620     8650.800     8690.550
    30:     8693.820    10657.840    10709.110
O:
P:
Q:
     0:    64967.000   253383.000   240180.000    49901.000       14.000
     5:       33.000        0.000        0.000
\Box1_Comments:



Start Date: 02/02/22
End Date: 02/02/22
Subject: 2
Experiment: heroinSA
Group: heroin
Box: 2
Start Time: 11:43:59
End Time: 15:20:26
MSN: FR_SCRIPT
D:       0.750
E:       0.250
F:      78.000
I:     394.000
J:       0.000
K:   10800.010
L:       0.000
R:       0.000
S:       0.000
T:      77.000
U:       0.000
V:       0.000
W:       0.000
X:       0.000
Y:       0.000
Z:       0.000
A:
     0:        2.000        3.000      500.000     1000.000      180.000
     5:        1.000        1.000        1.000        1.000        0.000
    10:      285.000        0.000
B:
     0:      104.000       78.000       26.000        0.000        0.000
     5:        0.000        0.000
C:
     0:        0.500      270.600        0.500      151.600        0.500
     5:        2.600        0.500        8.600        0.500       11.100
    10:        0.200        0.700        0.800      178.600        0.500
    15:      907.100        0.200        0.700        0.800      121.100
    20:        0.200        0.700        0.800      200.100        0.200
    25:        0.700        5.100        0.800       98.100        0.200
    30:        0.700        3.100        0.800      136.100        0.200
    35:        0.700        0.800      119.100        0.200        0.700
    40:        0.800     1663.600        0.500        8.600        0.500
    45:       30.100        0.200        0.700        0.800     1453.600
    50:        0.500      296.100        0.200        0.700        0.800
    55:     1173.100        0.200        0.700        0.800     4163.100
    60:        0.200        0.700        0.800      316.100        0.200
    65:        0.700        0.800      109.600        0.500      138.100
    70:        0.200        0.700        0.800      165.100        0.200
    75:        0.700        0.800     7365.100        0.200        0.700
    80:        0.800      103.100        0.200        0.700        0.800
    85:      103.100        0.200        0.700        0.800      103.100
    90:        0.200        0.700       72.100        8.100        0.800
    95:       22.100        0.200        0.700        0.800      335.100
   100:        0.200        0.700        0.800     7755.600        0.500
   105:      436.100        0.200        0.700        3.100        0.800
   110:      277.100        0.200        0.700        0.800      103.100
   115:        0.200        0.700        0.800      256.100        0.200
   120:        0.700        0.800      343.100        0.200        0.700
   125:        0.800      102.100        0.200        0.700        0.800
   130:      102.100        0.200        0.700        0.800      103.100
   135:        0.200        0.700        0.800     6768.100        0.200
   140:        0.700       24.100        0.800      130.100        0.200
   145:        0.700        0.800     2626.100        0.200        0.700
   150:        3.100        0.800     7061.100        0.200        0.700
   155:        0.800      416.100        0.200        0.700        0.800
   160:      102.100        0.200        0.700        0.800      417.100
   165:        0.200        0.700        0.800      102.100        0.200
   170:        0.700        0.800     3753.600        0.500       75.100
   175:        0.200        0.700        0.800      103.100        0.200
   180:        0.700        0.800      102.100        0.200        0.700
   185:        0.800      103.100        0.200        0.700        0.800
   190:      102.100        0.200        0.700        0.800     6158.100
   195:        0.200        0.700        0.800      438.100        0.200
   200:        0.700        0.800     2387.100        0.200        0.700
   205:        0.800      272.100        0.200        0.700        0.800
   210:     2876.100        0.200        0.700        0.800      113.100
   215:        0.200        0.700        0.800      245.100        0.200
   220:        0.700        0.800      111.600        0.500       60.600
   225:        0.500       38.600        0.500        9.600        0.500
   230:       54.600        0.500        6.600        0.500       34.600
   235:        0.500      156.100        0.200        0.700        3.100
   240:        0.800      125.100        0.200        0.700        0.800
   245:      155.100        0.200        0.700       49.100        0.800
   250:     9284.100        0.200        0.700        0.800      110.100
   255:        0.200        0.700        0.800      145.600        0.500
   260:        7.600        0.500       21.600        0.500      220.100
   265:        0.200        0.700        0.800      105.600        0.500
   270:     4713.100        0.200        0.700       95.100        0.800
   275:       49.100        0.200        0.700        0.800      103.100
   280:        0.200        0.700       96.100        0.800        6.100
   285:        0.200        0.700       21.100        7.100        4.100
   290:       59.100        0.800       12.100        0.200        0.700
   295:       35.100        8.100        4.100        0.800       56.100
   300:        0.200        0.700       29.100        6.100        0.800
   305:       68.100        0.200        0.700        0.800     7181.600
   310:        0.500      279.600        0.500      140.100        0.200
   315:        0.700        0.800     1520.600        0.500        1.600
   320:        0.500       34.100        0.200        0.700        0.800
   325:      287.100        0.200        0.700        0.800     3263.100
   330:        0.200        0.700        0.800      447.100        0.200
   335:        0.700        0.800      103.100        0.200        0.700
   340:       99.100        0.800        4.100        0.200        0.700
   345:       41.100       35.100        0.800       26.100        0.200
   350:        0.700       25.100        7.100        0.800       71.100
   355:        0.200        0.700        0.800     7444.100        0.200
   360:        0.700        0.800      114.100        0.200        0.700
   365:        0.800      103.100        0.200        0.700        0.800
   370:      322.100        0.200        0.700        0.800     6230.100
   375:        0.200        0.700        0.800      189.100        0.200
   380:        0.700        0.800      102.100        0.200        0.700
   385:       24.100       18.100       14.100       19.100        0.800
   390:       28.100        0.200        0.700       77.300
G:
     0:       44.210      152.710      164.810      185.350      195.400
     5:      209.040      220.890      391.060      565.940      683.250
    10:     1099.560     1131.120     1155.850     1172.320     1908.850
    15:     1919.100     1929.440     1947.700     1949.960     1983.430
    20:     2802.810     2830.580     2840.800     2866.410     2900.760
    25:     2910.960     2921.140     2931.400     3610.670     3623.590
    30:     3886.490     4592.630     4634.260     4644.480     4686.120
    35:     4696.320     5079.140     5089.440     5099.650     5109.900
    40:     5120.130     5735.930     5779.770     6018.430     6045.670
    45:     6333.200     6344.500     6369.000     6416.100     6428.640
    50:     6449.070     7377.420     7388.460     7427.760     7919.070
    55:     7923.890     7943.840     7953.560     7959.450     7968.550
    60:     7975.320     8735.360     8890.860     8919.500     9245.790
    65:     9290.580     9310.770     9318.690     9324.540     9331.680
    70:    10075.990    10087.430    10097.740    10129.970    10752.980
    75:    10771.860    10789.500    10792.340
H:
     0:       27.020       42.110       42.300       43.120       62.070
     5:      387.200      388.070      536.300     1142.020     2758.900
    10:     5071.640     6380.100     6386.150     6389.950     6390.800
    15:     6396.270     6396.870     6400.280     7402.900     7403.620
    20:     7405.770     7438.220     8693.450     8721.290     8887.300
    25:     8887.390
M:
     0:       44.210      152.710      164.810      184.850      195.150
     5:      209.040      220.890      391.060      565.940      683.250
    10:     1099.560     1131.120     1155.850     1172.320     1908.850
    15:     1919.100     1929.440     1939.700     1949.960     1983.430
    20:     2802.550     2830.580     2840.800     2866.410     2900.760
    25:     2910.960     2921.140     2931.400     3608.240     3623.590
    30:     3886.250     4592.630     4634.260     4644.480     4686.120
    35:     4696.320     5079.140     5089.440     5099.650     5109.900
    40:     5120.130     5735.930     5779.770     6018.430     6045.670
    45:     6333.200     6344.500     6369.000     6415.810     6428.640
    50:     6444.110     7377.420     7388.460     7427.760     7909.510
    55:     7923.890     7934.190     7944.480     7954.730     7965.030
    60:     7975.320     8735.360     8890.860     8919.500     9245.790
    65:     9290.580     9300.810     9311.130     9321.380     9331.680
    70:    10075.990    10087.430    10097.740    10129.970    10752.980
    75:    10771.860    10782.080    10792.340
N:
     0:       27.020       42.110       42.300       43.120       62.070
     5:      387.200      388.070      536.300     1142.020     2758.900
    10:     5071.640     6380.100     6386.150     6389.950     6390.800
    15:     6396.270     6396.870     6400.280     7402.900     7403.620
    20:     7405.770     7438.220     8693.450     8721.290     8887.300
    25:     8887.390
O:
     0:      185.350      195.400     1946.900     1947.700     2802.810
     5:     3610.670     3886.490     6416.100     6449.070     7919.070
    10:     7943.840     7946.550     7947.230     7947.620     7953.560
    15:     7958.200     7959.060     7959.450     7967.920     7968.550
    20:     9310.770     9315.260     9318.690     9323.870     9324.540
    25:    10784.400    10786.270    10787.640    10789.500
P:
Q:
     0:   111835.000   235088.000   196995.000    56746.000       78.000
     5:       26.000       29.000        0.000
\Box2_Comments:



Start Date: 02/02/22
End Date: 02/02/22
Subject: 3
Experiment: heroinSA
Group: heroin
Box: 3
Start Time: 11:43:59
End Time: 15:20:26
MSN: FR_SCRIPT_box3
D:       0.881
E:       0.119
F:      37.000
I:     262.000
J:       0.000
K:   10800.010
L:       0.000
R:       0.000
S:       0.000
T:    2691.000
U:       0.000
V:       0.000
W:       0.000
X:       0.000
Y:       0.000
Z:       0.000
A:
     0:        1.000        3.000      500.000     1000.000      180.000
     5:        1.000        1.000        1.000        1.000        0.000
    10:      274.000        0.000
B:
     0:       42.000       37.000        5.000        0.000        0.000
     5:        0.000        0.000
C:
     0:        0.500      123.600        0.500      116.100        0.200
     5:        0.700        0.800      331.600        0.500      512.100
    10:        0.200        0.700        0.800     1554.100        0.200
    15:        0.700        0.800     2754.100        0.200        0.700
    20:       47.100        0.800       60.100        0.200        0.700
    25:       14.100       51.100        0.800       46.100        0.200
    30:        0.700       41.100        0.800       63.100        0.200
    35:        0.700       18.100       10.100        0.800    10038.100
    40:        0.200        0.700       68.100       30.100        0.800
    45:       12.100        0.200        0.700       10.100        5.100
    50:       26.100       42.100        0.800       32.100        0.200
    55:        0.700       11.100       20.100        3.100        0.800
    60:       70.100        0.200        0.700        5.100       21.100
    65:        8.100        0.800    11987.100        0.200        0.700
    70:       44.100       21.100        6.100        0.800       40.100
    75:        0.200        0.700        4.100        9.100       23.100
    80:        9.100       40.100        0.800     4220.100        0.200
    85:        0.700       92.100        0.800      192.100        0.200
    90:        0.700       41.100       46.100        7.100        0.800
    95:       12.100        0.200        0.700       16.100        0.800
   100:    13821.100        0.200        0.700       79.100        2.100
   105:        0.800       20.100        0.200        0.700       24.100
   110:       33.100       32.100        3.100        0.800       21.100
   115:        0.200        0.700        0.800     7772.100        0.200
   120:        0.700       31.100       13.100       38.100       15.100
   125:        0.800        9.100        0.200        0.700       14.100
   130:       10.100        3.100        0.800     4871.100        0.200
   135:        0.700        0.800     7027.600        0.500      685.100
   140:        0.200        0.700       27.100        9.100       11.100
   145:       43.100        0.800       35.100        0.200        0.700
   150:       14.100        2.100       11.100       26.100       14.100
   155:        4.100        0.800       90.100        0.200        0.700
   160:        0.800    10388.100        0.200        0.700       48.100
   165:        6.100        8.100       10.100        0.800       37.100
   170:        0.200        0.700       19.100        6.100        0.800
   175:      100.100        0.200        0.700       28.100       59.100
   180:        7.100        0.800     9388.100        0.200        0.700
   185:       70.100        0.800       32.100        0.200        0.700
   190:       51.100        7.100       30.100       10.100        0.800
   195:        3.100        0.200        0.700       13.100        6.100
   200:       15.100        3.100       21.100        9.100        0.800
   205:       34.100        0.200        0.700       49.100        0.800
   210:     7717.100        0.200        0.700       25.100        4.100
   215:       15.100        9.100       18.100        7.100        0.800
   220:     3588.600        0.500        4.600        0.500       36.100
   225:        0.200        0.700       13.100       13.100        2.100
   230:       20.100       13.100       22.100       10.100        0.800
   235:      107.100        0.200        0.700       22.100        6.100
   240:        3.100       12.100       16.100        4.100        0.800
   245:     4831.100        0.200        0.700       31.100       10.100
   250:       24.100        2.100       12.100        0.800      448.100
   255:        0.200        0.700       11.100       27.100       11.100
   260:        0.800     2691.300
G:
     0:       23.900      108.200      263.640      543.780      556.270
     5:      564.970      574.020     1587.620     1597.090     1603.700
    10:     1614.110     2819.900     2832.390     3263.670     3292.230
    15:     3295.000     4685.240     4696.410     4698.540     5485.430
    20:     5489.000     5976.100     6756.310     6766.970     6775.960
    25:     7821.970     7828.100     7847.500     8793.350     8806.370
    30:     8813.310     8821.640     9601.120     9973.200     9990.230
    35:    10481.280    10530.970
H:
     0:       12.360       57.060     6678.850     9959.940     9960.290
M:
     0:       23.900      108.200      263.640      539.010      549.700
     5:      560.850      571.240     1577.850     1588.790     1600.320
    10:     1610.780     2812.800     2823.930     3254.410     3282.790
    15:     3293.480     4677.150     4687.270     4698.540     5475.730
    20:     5486.380     5976.100     6747.320     6759.870     6775.960
    25:     7814.720     7825.680     7838.120     8786.360     8796.580
    30:     8806.620     8816.760     9593.340     9963.950     9983.970
    35:    10473.380    10526.080
N:
     0:       12.360       57.060     6678.850     9959.940     9960.290
O:
     0:      543.780      551.140      556.270      564.970      573.080
     5:      574.020     1584.680     1587.620     1589.840     1590.290
    10:     1592.930     1597.090     1601.480     1603.470     1603.700
    15:     1611.260     1613.290     1614.110     2817.280     2819.380
    20:     2819.900     2824.340     2825.230     2827.500     2828.400
    25:     2832.390     3263.670     3286.910     3291.550     3292.230
    30:     3295.000     4685.050     4685.240     4689.650     4692.910
    35:     4696.180     4696.410     5478.830     5480.110     5483.970
    40:     5485.430     5487.710     5488.710     5489.000     6750.070
    45:     6750.950     6752.010     6756.310     6761.280     6761.430
    50:     6762.490     6765.110     6766.510     6766.970     7819.490
    55:     7820.150     7820.960     7821.970     7827.550     7828.100
    60:     7840.980     7846.790     7847.500     8793.350     8801.610
    65:     8802.350     8805.360     8806.370     8807.910     8808.550
    70:     8810.060     8810.300     8812.450     8813.310     8821.640
    75:     9595.880     9596.230     9597.780     9598.600     9600.460
    80:     9601.120     9965.280     9966.490     9966.760     9968.730
    85:     9970.010     9972.280     9973.200     9986.130     9986.780
    90:     9987.000     9988.250     9989.800     9990.230    10476.450
    95:    10477.410    10479.860    10480.070    10481.280    10527.140
   100:    10529.820    10530.970
P:
Q:
     0:        0.000   302594.000   146440.000    15514.000       37.000
     5:        5.000      102.000        0.000
\Box3_Comments:



Start Date: 02/02/22
End Date: 02/02/22
Subject: 4
Experiment: heroinSA
Group: heroin
Box: 4
Start Time: 11:43:59
End Time: 15:20:26
MSN: FR_SCRIPT_box4
D:       0.950
E:       0.050
F:      19.000
I:      80.000
J:       0.000
K:   10800.010
L:       0.000
R:       0.000
S:       0.000
T:    3727.000
U:       0.000
V:       0.000
W:       0.000
X:       0.000
Y:       0.000
Z:       0.000
A:
     0:        2.000        3.000      500.000     1000.000      180.000
     5:        1.000        1.000        1.000        1.000        0.000
    10:      250.000        0.000
B:
     0:       20.000       19.000        1.000        0.000        0.000
     5:        0.000        0.000
C:
     0:        0.500      443.100        0.200        0.700        0.800
     5:      190.100        0.200        0.700        0.800     2241.600
    10:        0.500     1867.100        0.200        0.700        0.800
    15:      664.100        0.200        0.700        0.800      135.100
    20:        0.200        0.700        0.800      104.100        0.200
    25:        0.700        0.800    10798.100        0.200        0.700
    30:        0.800    16111.100        0.200        0.700        0.800
    35:     4209.100        0.200        0.700        0.800     4265.100
    40:        0.200        0.700        0.800     4418.100        0.200
    45:        0.700        0.800     6330.100        0.200        0.700
    50:        0.800     7669.100        0.200        0.700        0.800
    55:     6492.100        0.200        0.700        0.800     6716.100
    60:        0.200        0.700        0.800     8924.100        0.200
    65:        0.700        0.800     7615.100        0.200        0.700
    70:        0.800     7974.100        0.200        0.700        0.800
    75:     7108.100        0.200        0.700        0.800     3727.300
G:
     0:       44.330       63.380      474.170      540.520      553.990
     5:      564.460     1644.200     3255.350     3676.270     4102.700
    10:     4544.550     5177.530     5944.420     6593.610     7265.230
    15:     8157.610     8919.120     9716.550    10427.360
H:
     0:      287.480
M:
     0:       44.330       63.380      474.170      540.520      553.990
     5:      564.460     1644.200     3255.350     3676.270     4102.700
    10:     4544.550     5177.530     5944.420     6593.610     7265.230
    15:     8157.610     8919.120     9716.550    10427.360
N:
     0:      287.480
O:
P:
Q:
     0:   211003.000   136089.000    99806.000    51455.000       19.000
     5:        1.000        0.000        0.000
\Box4_Comments:



Start Date: 02/02/22
End Date: 02/02/22
Subject: 5
Experiment: heroinSA
Group: heroin
Box: 5
Start Time: 11:43:59
End Time: 15:20:26
MSN: FR_SCRIPT
D:       0.292
E:       0.708
F:      28.000
I:     250.000
J:       0.000
K:   10800.010
L:       0.000
R:       0.000
S:       0.000
T:    3989.000
U:       0.000
V:       0.000
W:       0.000
X:       0.000
Y:       1.000
Z:       0.000
A:
     0:        1.000        3.000      500.000     1000.000      180.000
     5:        1.000        1.000        1.000        1.000        0.000
    10:      283.000        0.000
B:
     0:       96.000       28.000       68.000        0.000        0.000
     5:        0.000        0.000
C:
     0:        0.500      457.600        0.500      350.600        0.500
     5:      155.100        0.200        0.700        0.800      885.100
    10:        0.200        0.700        0.800      108.600        0.500
    15:       79.600        0.500        9.600        0.500      210.600
    20:        0.500     1155.600        0.500      897.100        0.200
    25:        0.700        0.800      919.100        0.200        0.700
    30:        0.800     1861.600        0.500        1.600        0.500
    35:       91.600        0.500        3.600        0.500       50.600
    40:        0.500       12.600        0.500       48.600        0.500
    45:     3129.600        0.500       14.100        0.200        0.700
    50:        0.800      126.600        0.500       69.600        0.500
    55:       16.600        0.500        9.100        0.200        0.700
    60:        0.800      120.100        0.200        0.700        0.800
    65:      209.600        0.500     3959.600        0.500     1142.600
    70:        0.500       39.100        0.200        0.700        0.800
    75:     2061.600        0.500     2333.600        0.500        3.600
    80:        0.500      143.100        0.200        0.700        0.800
    85:      106.100        0.200        0.700        0.800      197.100
    90:        0.200        0.700        0.800     2714.600        0.500
    95:     1238.600        0.500     3340.600        0.500      738.600
   100:        0.500       38.600        0.500      464.600        0.500
   105:      894.600        0.500     1611.600        0.500      223.100
   110:        0.200        0.700        0.800      354.600        0.500
   115:        5.600        0.500        6.600        0.500        7.600
   120:        0.500       58.100        0.200        0.700        0.800
   125:     3124.600        0.500        4.600        0.500       80.600
   130:        0.500     1822.600        0.500       62.600        0.500
   135:        8.600        0.500       51.600        0.500       37.600
   140:        0.500     3216.600        0.500      103.600        0.500
   145:      136.600        0.500        9.600        0.500        0.600
   150:        0.500       70.600        0.500     1192.100        0.200
   155:        0.700        0.800     1159.600        0.500     1059.100
   160:        0.200        0.700        0.800      235.100        0.200
   165:        0.700        0.800     2731.100        0.200        0.700
   170:        0.800     2705.600        0.500        3.600        0.500
   175:       10.600        0.500      155.600        0.500       72.100
   180:        0.200        0.700        0.800      195.600        0.500
   185:        3.100        0.200        0.700        0.800     4823.100
   190:        0.200        0.700        0.800     7447.600        0.500
   195:       14.600        0.500     1327.100        0.200        0.700
   200:        0.800      535.100        0.200        0.700        0.800
   205:     5649.600        0.500     2872.600        0.500       60.100
   210:        0.200        0.700        0.800     1183.600        0.500
   215:     2199.600        0.500      475.600        0.500     2152.600
   220:        0.500       50.600        0.500     1465.100        0.200
   225:        0.700        0.800    11451.600        0.500       31.100
   230:        0.200        0.700        0.800     3688.100        0.200
   235:        0.700        0.800      168.600        0.500     7338.100
   240:        0.200        0.700        0.800      179.600        0.500
   245:        9.100        0.200        0.700        0.800     3989.300
G:
     0:       96.220      184.750      430.550      522.450     1043.350
     5:     1065.290     1077.310     1612.220     2066.240     2076.800
    10:     2096.490     3222.540     3265.540     4256.900     4478.710
    15:     4502.270     4775.310     5069.790     5089.600     5571.890
    20:     6450.740     6504.220     7362.300     8114.780     9262.890
    25:     9631.750    10382.310    10401.180
H:
     0:       45.770       80.720      195.540      203.430      204.380
     5:      225.290      340.880      708.510      708.640      717.750
    10:      718.050      723.030      724.220      729.000     1041.960
    15:     1055.970     1062.880     1064.420     1098.220     1494.160
    20:     1608.290     1818.330     2051.650     2051.970     2367.960
    25:     2491.730     2825.740     2899.580     2903.380     2949.750
    30:     3039.090     3200.210     3257.960     3258.450     3259.050
    35:     3259.760     3577.900     3578.380     3586.310     3768.560
    40:     3774.780     3775.550     3780.590     3784.300     4105.890
    45:     4116.190     4129.870     4130.720     4130.770     4137.700
    50:     4372.840     5045.810     5046.170     5047.110     5062.640
    55:     5089.320     6316.670     6318.000     7069.140     7356.370
    60:     7480.620     7700.530     7748.070     7963.280     7968.270
    65:     9259.830     9648.510    10400.250
M:
     0:       96.220      184.750      430.550      522.450     1043.350
     5:     1065.290     1077.310     1612.220     2066.240     2076.800
    10:     2096.490     3222.540     3265.540     4256.900     4478.710
    15:     4502.270     4775.310     5069.790     5089.600     5571.890
    20:     6450.740     6504.220     7362.300     8114.780     9262.890
    25:     9631.750    10382.310    10401.180
N:
     0:       45.770       80.720      195.540      203.430      204.380
     5:      225.290      340.880      708.510      708.640      717.750
    10:      718.050      723.030      724.220      729.000     1041.960
    15:     1055.970     1062.880     1064.420     1098.220     1494.160
    20:     1608.290     1818.330     2051.650     2051.970     2367.960
    25:     2491.730     2825.740     2899.580     2903.380     2949.750
    30:     3039.090     3200.210     3257.960     3258.450     3259.050
    35:     3259.760     3577.900     3578.380     3586.310     3768.560
    40:     3774.780     3775.550     3780.590     3784.300     4105.890
    45:     4116.190     4129.870     4130.720     4130.770     4137.700
    50:     4372.840     5045.810     5046.170     5047.110     5062.640
    55:     5089.320     6316.670     6318.000     7069.140     7356.370
    60:     7480.620     7700.530     7748.070     7963.280     7968.270
    65:     9259.830     9648.510    10400.250
O:
P:
Q:
     0:   153882.000   240528.000   186142.000    89186.000       28.000
     5:       68.000        0.000        0.000
\Box5_Comments:



Start Date: 02/02/22
End Date: 02/02/22
Subject: 6
Experiment: heroinSA
Group: heroin
Box: 6
Start Time: 11:43:59
End Time: 15:20:26
MSN: FR_SCRIPT
D:       0.644
E:       0.356
F:      38.000
I:     201.000
J:       0.000
K:   10800.010
L:       0.000
R:       0.000
S:       0.000
T:    1556.000
U:       0.000
V:       0.000
W:       0.000
X:       0.000
Y:       0.000
Z:       0.000
A:
     0:        2.000        3.000      500.000     1000.000      180.000
     5:        1.000        1.000        1.000        1.000        0.000
    10:      261.000        0.000
B:
     0:       59.000       38.000       21.000        0.000        0.000
     5:        0.000        0.000
C:
     0:        0.500      863.600        0.500        5.600        0.500
     5:     1219.100        0.200        0.700        0.800      182.100
    10:        0.200        0.700        0.800      132.100        0.200
    15:        0.700        0.800      121.100        0.200        0.700
    20:        0.800      115.100        0.200        0.700        2.100
    25:        0.800      128.100        0.200        0.700        0.800
    30:     5956.100        0.200        0.700        0.800      116.100
    35:        0.200        0.700        0.800     6276.100        0.200
    40:        0.700        0.800      117.100        0.200        0.700
    45:        0.800      118.100        0.200        0.700        0.800
    50:      136.100        0.200        0.700        0.800     8302.100
    55:        0.200        0.700        0.800      159.100        0.200
    60:        0.700        0.800      122.100        0.200        0.700
    65:        1.100       74.100        0.800       52.100        0.200
    70:        0.700        1.100        0.800    10778.100        0.200
    75:        0.700        0.800      124.100        0.200        0.700
    80:        0.800      106.100        0.200        0.700        0.800
    85:      119.100        0.200        0.700        0.800    17805.600
    90:        0.500        5.600        0.500       21.600        0.500
    95:       13.600        0.500        4.600        0.500       24.600
   100:        0.500        3.600        0.500        7.600        0.500
   105:       13.600        0.500        8.600        0.500       31.600
   110:        0.500       67.600        0.500       40.600        0.500
   115:        3.600        0.500      284.600        0.500       14.600
   120:        0.500       16.600        0.500        6.600        0.500
   125:       20.600        0.500      118.100        0.200        0.700
   130:        0.800      144.100        0.200        0.700        0.800
   135:      115.100        0.200        0.700        0.800      161.100
   140:        0.200        0.700        0.800      116.100        0.200
   145:        0.700        0.800      171.100        0.200        0.700
   150:       18.100        0.800    15505.100        0.200        0.700
   155:        0.800     1596.100        0.200        0.700        0.800
   160:     3161.100        0.200        0.700        0.800      118.100
   165:        0.200        0.700        0.800      279.100        0.200
   170:        0.700        0.800    14386.100        0.200        0.700
   175:        0.800      138.100        0.200        0.700        0.800
   180:      126.100        0.200        0.700        0.800     7318.100
   185:        0.200        0.700        0.800     3909.100        0.200
   190:        0.700        0.800     4545.100        0.200        0.700
   195:        0.800      812.100        0.200        0.700        0.800
   200:     1556.300
G:
     0:      208.710      226.980      240.090      252.240      263.910
     5:      276.750      872.300      883.890     1511.550     1523.240
    10:     1535.000     1548.660     2378.850     2394.720     2414.430
    15:     2419.760     3497.500     3509.940     3520.530     3532.470
    20:     5382.650     5397.060     5408.510     5424.640     5436.280
    25:     5455.110     7005.620     7165.220     7481.310     7493.100
    30:     7521.060     8959.680     8973.450     8986.010     9717.840
    35:    10108.760    10563.200    10644.410
H:
     0:       86.360       86.880     5312.930     5313.480     5315.520
     5:     5316.850     5317.260     5319.660     5319.920     5320.640
    10:     5321.970     5322.740     5325.870     5332.510     5336.550
    15:     5336.880     5365.250     5366.620     5368.280     5368.820
    20:     5370.800
M:
     0:      208.710      226.980      240.090      252.240      263.770
     5:      276.750      872.300      883.890     1511.550     1523.240
    10:     1535.000     1548.660     2378.850     2394.720     2406.900
    15:     2419.640     3497.500     3509.940     3520.530     3532.470
    20:     5382.650     5397.060     5408.510     5424.640     5436.280
    25:     5453.310     7005.620     7165.220     7481.310     7493.100
    30:     7521.060     8959.680     8973.450     8986.010     9717.840
    35:    10108.760    10563.200    10644.410
N:
     0:       86.360       86.880     5312.930     5313.480     5315.520
     5:     5316.850     5317.260     5319.660     5319.920     5320.640
    10:     5321.970     5322.740     5325.870     5332.510     5336.550
    15:     5336.880     5365.250     5366.620     5368.280     5368.820
    20:     5370.800
O:
     0:      263.910     2407.010     2414.430     2419.760     5455.110
P:
Q:
     0:   162616.000   305866.000    96232.000    21251.000       38.000
     5:       21.000        5.000        0.000
\Box6_Comments:



Start Date: 02/02/22
End Date: 02/02/22
Subject: 7
Experiment: heroinSA
Group: heroin
Box: 7
Start Time: 11:43:59
End Time: 15:20:26
MSN: FR_SCRIPT
D:       0.938
E:       0.063
F:      45.000
I:     188.000
J:       0.000
K:   10800.010
L:       0.000
R:       0.000
S:       0.000
T:    2784.000
U:       0.000
V:       1.000
W:       0.000
X:       0.000
Y:       0.000
Z:       0.000
A:
     0:        1.000        3.000      500.000     1000.000      180.000
     5:        1.000        1.000        1.000        1.000        0.000
    10:      290.000        0.000
B:
     0:       48.000       45.000        3.000        0.000        0.000
     5:        0.000        0.000
C:
     0:        0.500      349.100        0.200        0.700        0.800
     5:      106.600        0.500       73.600        0.500       12.100
    10:        0.200        0.700        0.800      125.600        0.500
    15:        9.100        0.200        0.700        0.800      114.100
    20:        0.200        0.700        0.800      103.100        0.200
    25:        0.700        0.800     1692.100        0.200        0.700
    30:        0.800     2284.100        0.200        0.700        0.800
    35:     1755.100        0.200        0.700        0.800     3360.100
    40:        0.200        0.700        0.800     3247.100        0.200
    45:        0.700        0.800     2966.100        0.200        0.700
    50:        0.800      265.100        0.200        0.700        0.800
    55:     4502.100        0.200        0.700        0.800     3368.100
    60:        0.200        0.700        0.800     2671.100        0.200
    65:        0.700        0.800     2640.100        0.200        0.700
    70:        0.800     3353.100        0.200        0.700        0.800
    75:     3641.100        0.200        0.700        0.800     3277.100
    80:        0.200        0.700        0.800     2740.100        0.200
    85:        0.700        0.800     3695.100        0.200        0.700
    90:        0.800     2069.100        0.200        0.700        0.800
    95:      951.100        0.200        0.700        0.800     3156.100
   100:        0.200        0.700        0.800     4002.100        0.200
   105:        0.700        0.800     2010.100        0.200        0.700
   110:        0.800     3087.100        0.200        0.700        0.800
   115:     1291.100        0.200        0.700        0.800     2742.100
   120:        0.200        0.700        0.800      368.100        0.200
   125:        0.700        0.800     5977.100        0.200        0.700
   130:        0.800     1776.100        0.200        0.700        0.800
   135:     2909.100        0.200        0.700        0.800     1467.100
   140:        0.200        0.700        0.800     4350.100        0.200
   145:        0.700        0.800      114.100        0.200        0.700
   150:        0.800     3524.100        0.200        0.700        0.800
   155:     4487.100        0.200        0.700        0.800     1865.100
   160:        0.200        0.700        0.800     3919.100        0.200
   165:        0.700        0.800      202.100        0.200        0.700
   170:        0.800     2507.100        0.200        0.700        0.800
   175:     3173.100        0.200        0.700        0.800     2800.100
   180:        0.200        0.700        0.800      123.100        0.200
   185:        0.700        0.800     2784.300
G:
     0:       34.950       54.020       67.470       78.840       89.170
     5:      258.370      486.710      662.240      998.210     1322.900
    10:     1619.580     1646.080     2096.230     2433.020     2700.170
    15:     2964.170     3299.440     3663.580     3991.280     4265.270
    20:     4634.760     4841.630     4936.740     5252.330     5652.490
    25:     5853.580     6162.260     6291.290     6565.570     6602.300
    30:     7200.010     7377.660     7668.510     7815.200     8250.220
    35:     8261.660     8614.030     9062.780     9249.200     9641.150
    40:     9661.300     9912.060    10229.360    10509.360    10521.680
H:
     0:       45.560       52.820       66.530
M:
     0:       34.950       54.020       67.470       78.840       89.170
     5:      258.370      486.710      662.240      998.210     1322.900
    10:     1619.580     1646.080     2096.230     2433.020     2700.170
    15:     2964.170     3299.440     3663.580     3991.280     4265.270
    20:     4634.760     4841.630     4936.740     5252.330     5652.490
    25:     5853.580     6162.260     6291.290     6565.570     6602.300
    30:     7200.010     7377.660     7668.510     7815.200     8250.220
    35:     8261.660     8614.030     9062.780     9249.200     9641.150
    40:     9661.300     9912.060    10229.360    10509.360    10521.680
N:
     0:       45.560       52.820       66.530
O:
P:
Q:
     0:   242103.000   195346.000    59500.000    17780.000       45.000
     5:        3.000        0.000        0.000
\Box7_Comments:



Start Date: 02/02/22
End Date: 02/02/22
Subject: 8
Experiment: heroinSA
Group: heroin
Box: 8
Start Time: 11:43:59
End Time: 15:20:26
MSN: FR_SCRIPT
D:       0.977
E:       0.023
F:      42.000
I:     174.000
J:       0.000
K:   10800.010
L:       0.000
R:       0.000
S:       0.000
T:    1834.000
U:       0.000
V:       0.000
W:       0.000
X:       0.000
Y:       1.000
Z:       0.000
A:
     0:        2.000        3.000      500.000     1000.000      180.000
     5:        1.000        1.000        1.000        1.000        0.000
    10:      260.000        0.000
B:
     0:       43.000       42.000        1.000        0.000        0.000
     5:        0.000        0.000
C:
     0:        0.500     1116.100        0.200        0.700        0.800
     5:      220.100        0.200        0.700        0.800      625.600
    10:        0.500       73.100        0.200        0.700       44.100
    15:        0.800       68.100        0.200        0.700        0.800
    20:      138.100        0.200        0.700        0.800      102.100
    25:        0.200        0.700        4.100        0.800      221.100
    30:        0.200        0.700        0.800     5271.100        0.200
    35:        0.700        0.800      416.100        0.200        0.700
    40:        0.800     6471.100        0.200        0.700        0.800
    45:     3845.100        0.200        0.700        0.800      438.100
    50:        0.200        0.700        0.800     7718.100        0.200
    55:        0.700        0.800      429.100        0.200        0.700
    60:        0.800      137.100        0.200        0.700        0.800
    65:      125.100        0.200        0.700        0.800    13014.100
    70:        0.200        0.700        0.800      114.100        0.200
    75:        0.700        0.800      119.100        0.200        0.700
    80:        0.800      110.100        0.200        0.700        0.800
    85:      111.100        0.200        0.700        0.800    12812.100
    90:        0.200        0.700        0.800      221.100        0.200
    95:        0.700        0.800      164.100        0.200        0.700
   100:        0.800      158.100        0.200        0.700        0.800
   105:    15363.100        0.200        0.700        0.800      112.100
   110:        0.200        0.700        0.800      109.100        0.200
   115:        0.700        0.800      237.100        0.200        0.700
   120:        0.800    10114.100        0.200        0.700        0.800
   125:      127.100        0.200        0.700        0.800     4361.100
   130:        0.200        0.700        0.800      182.100        0.200
   135:        0.700        0.800      125.100        0.200        0.700
   140:        0.800     8204.100        0.200        0.700        0.800
   145:      110.100        0.200        0.700        0.800     4544.100
   150:        0.200        0.700        0.800      180.100        0.200
   155:        0.700        0.800      200.100        0.200        0.700
   160:        0.800     7532.100        0.200        0.700        0.800
   165:      112.100        0.200        0.700        0.800      270.100
   170:        0.200        0.700        0.800     1834.300
G:
     0:      111.650      133.610      207.850      214.600      228.400
     5:      239.060      261.180      788.260      829.840     1476.950
    10:     1861.470     1905.190     2677.010     2719.950     2733.620
    15:     2746.090     4047.530     4058.950     4070.850     4081.870
    20:     4092.890     5374.100     5396.220     5412.590     5428.410
    25:     6964.720     6975.950     6986.860     7010.520     8021.950
    30:     8034.660     8470.770     8488.940     8501.430     9321.820
    35:     9332.800     9787.270     9805.190     9825.280    10578.450
    40:    10589.610    10616.680
H:
     0:      196.140
M:
     0:      111.650      133.610      203.410      214.600      228.400
     5:      238.660      261.180      788.260      829.840     1476.950
    10:     1861.470     1905.190     2677.010     2719.950     2733.620
    15:     2746.090     4047.530     4058.950     4070.850     4081.870
    20:     4092.890     5374.100     5396.220     5412.590     5428.410
    25:     6964.720     6975.950     6986.860     7010.520     8021.950
    30:     8034.660     8470.770     8488.940     8501.430     9321.820
    35:     9332.800     9787.270     9805.190     9825.280    10578.450
    40:    10589.610    10616.680
N:
     0:      196.140
O:
     0:      207.850      239.060
P:
Q:
     0:   123117.000   159273.000   109452.000   139573.000       42.000
     5:        1.000        2.000        0.000
\Box8_Comments:



Start Date: 02/02/22
End Date: 02/02/22
Subject: 9
Experiment: heroinSA
Group: heroin
Box: 9
Start Time: 11:43:59
End Time: 15:20:26
MSN: FR_SCRIPT
D:       0.313
E:       0.688
F:      50.000
I:     425.000
J:       0.000
K:   10800.010
L:       0.000
R:       0.000
S:       0.000
T:    3376.000
U:       0.000
V:       0.000
W:       0.000
X:       0.000
Y:       0.000
Z:       0.000
A:
     0:        1.000        3.000      500.000     1000.000      180.000
     5:        1.000        1.000        1.000        1.000        0.000
    10:      280.000        0.000
B:
     0:      160.000       50.000      110.000        0.000        0.000
     5:        0.000        0.000
C:
     0:        0.500      351.100        0.200        0.700        0.800
     5:      255.600        0.500       78.100        0.200        0.700
    10:        0.800      545.100        0.200        0.700        0.800
    15:      414.100        0.200        0.700        0.800      104.100
    20:        0.200        0.700        0.800      108.100        0.200
    25:        0.700        0.800      151.600        0.500     4975.100
    30:        0.200        0.700        0.800     2249.600        0.500
    35:       93.100        0.200        0.700        0.800     2502.600
    40:        0.500       56.600        0.500      522.600        0.500
    45:       17.600        0.500        4.600        0.500      245.600
    50:        0.500       38.600        0.500      137.100        0.200
    55:        0.700        0.800     1044.100        0.200        0.700
    60:        0.800     2704.600        0.500       86.100        0.200
    65:        0.700        0.800     2772.100        0.200        0.700
    70:        0.800     3433.100        0.200        0.700        0.800
    75:     1211.600        0.500      772.600        0.500       15.600
    80:        0.500        7.600        0.500       39.100        0.200
    85:        0.700        0.800      207.600        0.500     2504.600
    90:        0.500       24.600        0.500        5.600        0.500
    95:      512.600        0.500      173.100        0.200        0.700
   100:        0.800      593.600        0.500       30.600        0.500
   105:       10.600        0.500     1326.100        0.200        0.700
   110:        0.800     2150.600        0.500      719.100        0.200
   115:        0.700        0.800      106.600        0.500        2.600
   120:        0.500      435.600        0.500        5.600        0.500
   125:        5.600        0.500        3.600        0.500       32.600
   130:        0.500      542.600        0.500        6.600        0.500
   135:       65.600        0.500       65.600        0.500       23.600
   140:        0.500        9.600        0.500       36.100        0.200
   145:        0.700        0.800      210.600        0.500       37.600
   150:        0.500        4.600        0.500     1356.100        0.200
   155:        0.700        0.800      311.600        0.500      840.600
   160:        0.500       41.600        0.500      128.600        0.500
   165:       38.600        0.500      526.600        0.500       21.600
   170:        0.500        6.600        0.500      531.100        0.200
   175:        0.700        0.800      597.100        0.200        0.700
   180:        0.800     1571.100        0.200        0.700        0.800
   185:     1714.600        0.500      988.600        0.500       29.600
   190:        0.500      136.600        0.500       50.600        0.500
   195:      297.600        0.500     2690.600        0.500      387.100
   200:        0.200        0.700        0.800      683.100        0.200
   205:        0.700        0.800     3235.100        0.200        0.700
   210:        0.800     1625.600        0.500        1.600        0.500
   215:     1548.100        0.200        0.700        0.800      215.600
   220:        0.500       23.600        0.500     3251.100        0.200
   225:        0.700        0.800     3170.600        0.500      105.600
   230:        0.500        3.600        0.500       13.600        0.500
   235:        7.600        0.500      537.100        0.200        0.700
   240:        0.800      111.100        0.200        0.700        1.100
   245:        0.800     2090.600        0.500      613.600        0.500
   250:      406.600        0.500      853.600        0.500        8.600
   255:        0.500       17.600        0.500      679.600        0.500
   260:       15.600        0.500        2.600        0.500      168.600
   265:        0.500      253.600        0.500       20.600        0.500
   270:      167.100        0.200        0.700        0.800     1368.600
   275:        0.500     1649.100        0.200        0.700        0.800
   280:      232.100        0.200        0.700        1.100        0.800
   285:     2513.600        0.500      248.600        0.500       26.600
   290:        0.500        6.600        0.500      253.100        0.200
   295:        0.700        0.800      799.600        0.500      904.100
   300:        0.200        0.700        0.800      303.600        0.500
   305:     1290.100        0.200        0.700        0.800      323.600
   310:        0.500     2821.600        0.500       55.600        0.500
   315:        2.600        0.500      164.600        0.500      378.100
   320:        0.200        0.700        0.800     1051.600        0.500
   325:      371.600        0.500        3.600        0.500      642.100
   330:        0.200        0.700        2.100        0.800     2674.600
   335:        0.500        2.600        0.500      424.100        0.200
   340:        0.700        0.800      139.100        0.200        0.700
   345:        0.800      107.100        0.200        0.700        0.800
   350:     1850.100        0.200        0.700        0.800     2560.100
   355:        0.200        0.700        0.800     2307.100        0.200
   360:        0.700        0.800      145.100        0.200        0.700
   365:        0.800     3563.100        0.200        0.700        0.800
   370:      217.100        0.200        0.700        0.800     3117.100
   375:        0.200        0.700        0.800      237.600        0.500
   380:       87.600        0.500       18.600        0.500       21.600
   385:        0.500       15.600        0.500       69.600        0.500
   390:      113.600        0.500        1.600        0.500       13.600
   395:        0.500       20.600        0.500     1790.600        0.500
   400:      277.100        0.200        0.700        0.800     1543.100
   405:        0.200        0.700        0.800      379.600        0.500
   410:       37.600        0.500      176.600        0.500       19.600
   415:        0.500       18.600        0.500       25.600        0.500
   420:      416.100        0.200        0.700        0.800     3376.300
G:
     0:       35.180       68.480      122.910      164.300      174.780
     5:      185.540      698.120      932.350     1284.400     1388.850
    10:     1667.880     1945.050     2288.380     2492.780     2835.220
    15:     3031.140     3318.080     3451.450     3612.120     3856.340
    20:     3916.000     4073.140     4702.220     4770.560     5094.020
    25:     5411.390     5760.310     6143.880     6155.050     6684.090
    30:     6985.810     7009.160     7313.700     7484.070     7643.370
    35:     8017.680     8224.500     8534.520     8548.460     8559.090
    40:     8744.120     9000.180     9230.820     9245.370     9601.680
    45:     9623.350     9935.040    10201.130    10355.400    10462.400
H:
     0:       60.620      200.590      923.000     1182.560     1188.170
     5:     1240.330     1242.080     1242.460     1266.980     1270.780
    10:     1659.260     2409.450     2486.660     2488.170     2488.870
    15:     2513.400     2763.880     2766.250     2766.700     2817.890
    20:     2894.530     2897.510     2898.560     3246.140     3328.640
    25:     3328.820     3372.360     3372.790     3373.370     3373.610
    30:     3376.830     3431.070     3431.640     3438.140     3444.630
    35:     3446.890     3447.880     3472.420     3476.140     3476.550
    40:     3643.230     3727.270     3731.300     3744.170     3747.970
    45:     3800.540     3802.600     3803.260     4244.490     4343.350
    50:     4346.280     4359.820     4364.850     4394.560     4663.570
    55:     5256.510     5256.630     5432.980     5435.220     6077.360
    60:     6087.850     6088.170     6089.460     6090.130     6364.070
    65:     6425.370     6465.910     6551.280     6552.000     6553.700
    70:     6621.590     6623.160     6623.340     6640.090     6665.460
    75:     6667.450     6820.930     7260.440     7285.240     7287.880
    80:     7288.440     7393.630     7514.290     7675.660     7957.710
    85:     7963.240     7963.400     7979.810     8122.750     8159.790
    90:     8160.180     8491.940     8492.150     9958.770     9967.420
    95:     9969.250     9971.380     9972.830     9979.740     9991.030
   100:     9991.140     9992.420     9994.470    10173.420    10393.310
   105:    10396.990    10414.630    10416.530    10418.340    10420.840
M:
     0:       35.180       68.480      122.910      164.300      174.780
     5:      185.540      698.120      932.350     1284.400     1388.850
    10:     1667.880     1945.050     2288.380     2492.780     2835.220
    15:     3031.140     3318.080     3451.450     3612.120     3856.340
    20:     3916.000     4073.140     4702.220     4770.560     5094.020
    25:     5411.390     5760.310     6143.880     6154.910     6684.090
    30:     6985.810     7009.020     7313.700     7484.070     7643.370
    35:     8017.680     8224.380     8534.520     8548.460     8559.090
    40:     8744.120     9000.180     9230.820     9245.370     9601.680
    45:     9623.350     9935.040    10201.130    10355.400    10462.400
N:
     0:       60.620      200.590      923.000     1182.560     1188.170
     5:     1240.330     1242.080     1242.460     1266.980     1270.780
    10:     1659.260     2409.450     2486.660     2488.170     2488.870
    15:     2513.400     2763.880     2766.250     2766.700     2817.890
    20:     2894.530     2897.510     2898.560     3246.140     3328.640
    25:     3328.820     3372.360     3372.790     3373.370     3373.610
    30:     3376.830     3431.070     3431.640     3438.140     3444.630
    35:     3446.890     3447.880     3472.420     3476.140     3476.550
    40:     3643.230     3727.270     3731.300     3744.170     3747.970
    45:     3800.540     3802.600     3803.260     4244.490     4343.350
    50:     4346.280     4359.820     4364.850     4394.560     4663.570
    55:     5256.510     5256.630     5432.980     5435.220     6077.360
    60:     6087.850     6088.170     6089.460     6090.130     6364.070
    65:     6425.370     6465.910     6551.280     6552.000     6553.700
    70:     6621.590     6623.160     6623.340     6640.090     6665.460
    75:     6667.450     6820.930     7260.440     7285.240     7287.880
    80:     7288.440     7393.630     7514.290     7675.660     7957.710
    85:     7963.240     7963.400     7979.810     8122.750     8159.790
    90:     8160.180     8491.940     8492.150     9958.770     9967.420
    95:     9969.250     9971.380     9972.830     9979.740     9991.030
   100:     9991.140     9992.420     9994.470    10173.420    10393.310
   105:    10396.990    10414.630    10416.530    10418.340    10420.840
O:
     0:     6155.050     7009.160     8224.500
P:
Q:
     0:   245580.000   321767.000   103359.000    13319.000       50.000
     5:      110.000        3.000        0.000
\Box9_Comments:



Start Date: 02/02/22
End Date: 02/02/22
Subject: 10
Experiment: heroinSA
Group: saline
Box: 10
Start Time: 11:43:59
End Time: 15:20:26
MSN: FR_SCRIPT
D:       0.552
E:       0.448
F:      16.000
I:      92.000
J:       0.000
K:   10800.010
L:       0.000
R:       0.000
S:       0.000
T:   12259.000
U:       0.000
V:       0.000
W:       0.000
X:       0.000
Y:       0.000
Z:       0.000
A:
     0:        2.000        3.000      500.000     1000.000      180.000
     5:        1.000        1.000        1.000        1.000        0.000
    10:      275.000        0.000
B:
     0:       29.000       16.000       13.000        0.000        0.000
     5:        0.000        0.000
C:
     0:        0.500      292.100        0.200        0.700        0.800
     5:      156.100        0.200        0.700        0.800     1522.100
    10:        0.200        0.700        0.800      110.600        0.500
    15:       29.600        0.500       40.600        0.500      571.600
    20:        0.500      373.100        0.200        0.700        0.800
    25:      131.600        0.500      190.600        0.500      644.100
    30:        0.200        0.700        0.800      159.600        0.500
    35:    19294.100        0.200        0.700        0.800      103.100
    40:        0.200        0.700        0.800      150.600        0.500
    45:    26027.600        0.500      105.600        0.500        5.600
    50:        0.500       24.600        0.500      301.100        0.200
    55:        0.700        0.800    37047.100        0.200        0.700
    60:        0.800      472.100        0.200        0.700        0.800
    65:     5811.100        0.200        0.700        0.800      216.100
    70:        0.200        0.700        0.800      683.100        0.200
    75:        0.700        0.800      105.100        0.200        0.700
    80:        0.800      247.600        0.500      807.100        0.200
    85:        0.700        0.800      127.100        0.200        0.700
    90:        0.800    12259.300
G:
     0:       29.190       44.850      197.010      309.300      405.880
     5:     2351.110     2361.480     5022.650     8727.300     8774.540
    10:     9355.620     9377.240     9445.550     9456.010     9561.420
    15:     9574.180
H:
     0:      208.060      210.920      214.890      272.010      322.470
     5:      341.400      421.750     2376.430     4979.130     4989.600
    10:     4990.140     4992.530     9480.770
M:
     0:       29.190       44.850      197.010      309.300      405.880
     5:     2351.110     2361.480     5022.650     8727.300     8774.540
    10:     9355.620     9377.240     9445.550     9456.010     9561.420
    15:     9574.180
N:
     0:      208.060      210.920      214.890      272.010      322.470
     5:      341.400      421.750     2376.430     4979.130     4989.600
    10:     4990.140     4992.530     9480.770
O:
P:
Q:
     0:    35298.000    35367.000   119197.000   282342.000       16.000
     5:       13.000        0.000        0.000
\Box10_Comments:



Start Date: 02/02/22
End Date: 02/02/22
Subject: 11
Experiment: heroinSA
Group: saline
Box: 11
Start Time: 11:43:59
End Time: 15:20:26
MSN: FR_SCRIPT_5choice
D:       0.659
E:       0.341
F:      29.000
I:     149.000
J:       0.000
K:   10800.010
L:       0.000
R:       0.000
S:       0.000
T:    1373.000
U:       0.000
V:       0.000
W:       0.000
X:       0.000
Y:       0.000
Z:       0.000
A:
     0:        1.000        3.000      500.000     1000.000      180.000
     5:        1.000        1.000        1.000        2.000        0.000
    10:      300.000        0.000
B:
     0:       44.000       29.000       15.000        0.000        0.000
     5:        0.000        0.000
C:
     0:        0.500      141.100        0.200        0.700        0.800
     5:      148.100        0.200        0.700        1.100        0.800
    10:      693.100        0.200        0.700        0.800      800.100
    15:        0.200        0.700        0.800      401.600        0.500
    20:     1551.100        0.200        0.700        0.800      321.100
    25:        0.200        0.700        0.800      103.100        0.200
    30:        0.700        0.800      253.600        0.500       32.600
    35:        0.500       27.600        0.500       24.100        0.200
    40:        0.700        0.800      631.100        0.200        0.700
    45:        0.800      299.600        0.500     7512.100        0.200
    50:        0.700        0.800      977.100        0.200        0.700
    55:        0.800     1209.600        0.500       34.100        0.200
    60:        0.700        0.800     9708.100        0.200        0.700
    65:        0.800      517.600        0.500        3.600        0.500
    70:      208.100        0.200        0.700        0.800      527.100
    75:        0.200        0.700        0.800      300.100        0.200
    80:        0.700        0.800      572.100        0.200        0.700
    85:        0.800    10502.600        0.500      149.600        0.500
    90:       87.600        0.500       23.600        0.500     3053.100
    95:        0.200        0.700        0.800     3110.100        0.200
   100:        0.700        0.800      513.600        0.500       16.600
   105:        0.500       45.100        0.200        0.700        0.800
   110:      228.100        0.200        0.700        0.800    42672.100
   115:        0.200        0.700        0.800      362.100        0.200
   120:        0.700        0.800      130.100        0.200        0.700
   125:        0.800     2020.600        0.500       37.100        0.200
   130:        0.700        0.800     3582.100        0.200        0.700
   135:        0.800     9640.100        0.200        0.700        0.800
   140:     1066.100        0.200        0.700        0.800     2400.100
   145:        0.200        0.700        0.800     1373.300
G:
     0:       14.180       29.060       98.380      178.380      373.560
     5:      405.640      415.960      449.520      512.620     1293.720
    10:     1391.420     1515.710     2486.580     2559.310     2612.080
    15:     2642.050     2699.260     4080.590     4391.680     4449.010
    20:     4471.820     8739.040     8775.230     8788.270     8993.950
    25:     9352.130    10316.120    10422.690    10662.770
H:
     0:      218.460      441.190      444.400      447.160      542.550
     5:     1512.380     2538.250     2538.560     3749.480     3764.350
    10:     3773.060     3775.290     4442.980     4444.490     8990.200
M:
     0:       14.180       28.920       98.380      178.380      373.560
     5:      405.640      415.960      449.520      512.620     1293.720
    10:     1391.420     1515.710     2486.580     2559.310     2612.080
    15:     2642.050     2699.260     4080.590     4391.680     4449.010
    20:     4471.820     8739.040     8775.230     8788.270     8993.950
    25:     9352.130    10316.120    10422.690    10662.770
N:
     0:      218.460      441.190      444.400      447.160      542.550
     5:     1512.380     2538.250     2538.560     3749.480     3764.350
    10:     3773.060     3775.290     4442.980     4444.490     8990.200
O:
     0:       29.060
P:
Q:
     0:        0.000        0.000        0.000        0.000       29.000
     5:       15.000        1.000        0.000
\Box11_Comments:



Start Date: 02/02/22
End Date: 02/02/22
Subject: 12
Experiment: heroinSA
Group: saline
Box: 12
Start Time: 11:43:59
End Time: 15:20:26
MSN: FR_SCRIPT_5choice
D:       0.500
E:       0.500
F:       1.000
I:       8.000
J:       0.000
K:   10800.010
L:       0.000
R:       0.000
S:       0.000
T:  103059.000
U:       0.000
V:       0.000
W:       0.000
X:       0.000
Y:       0.000
Z:       0.000
A:
     0:        2.000        3.000      500.000     1000.000      180.000
     5:        1.000        1.000        1.000        2.000        0.000
    10:      276.000        0.000
B:
     0:        2.000        1.000        1.000        0.000        0.000
     5:        0.000        0.000
C:
     0:        0.500     4868.600        0.500       73.100        0.200
     5:        0.700        0.800   103059.300
G:
     0:      494.090
H:
     0:      486.880
M:
     0:      494.090
N:
     0:      486.880
O:
P:
Q:
     0:        0.000        0.000        0.000        0.000        1.000
     5:        1.000        0.000        0.000
\Box12_Comments:



Start Date: 02/02/22
End Date: 02/02/22
Subject: 13
Experiment: heroinSA
Group: saline
Box: 13
Start Time: 11:43:59
End Time: 15:20:26
MSN: FR_SCRIPT_5choice
D:       0.679
E:       0.321
F:      19.000
I:      96.000
J:       0.000
K:   10800.010
L:       0.000
R:       0.000
S:       0.000
T:    5502.000
U:       0.000
V:       0.000
W:       0.000
X:       0.000
Y:       0.000
Z:       0.000
A:
     0:        1.000        3.000      500.000     1000.000      180.000
     5:        1.000        1.000        1.000        2.000        0.000
    10:      271.000        0.000
B:
     0:       28.000       19.000        9.000        0.000        0.000
     5:        0.000        0.000
C:
     0:        0.500      180.100        0.200        0.700        0.800
     5:      262.100        0.200        0.700        0.800      166.600
    10:        0.500      308.100        0.200        0.700        0.800
    15:     4724.100        0.200        0.700        0.800     2095.600
    20:        0.500    12804.100        0.200        0.700        0.800
    25:    14817.100        0.200        0.700        0.800     1001.100
    30:        0.200        0.700        0.800      743.600        0.500
    35:     1089.600        0.500        7.600        0.500      291.100
    40:        0.200        0.700        0.800     1082.100        0.200
    45:        0.700        0.800    13170.100        0.200        0.700
    50:        0.800      407.100        0.200        0.700        0.800
    55:      160.100        0.200        0.700        0.800      127.100
    60:        0.200        0.700        0.800    17016.100        0.200
    65:        0.700        0.800    16248.100        0.200        0.700
    70:        0.800      461.100        0.200        0.700        0.800
    75:      201.100        0.200        0.700        0.800      152.100
    80:        0.200        0.700        0.800      285.600        0.500
    85:    14309.100        0.200        0.700        0.800      220.600
    90:        0.500      152.600        0.500       21.600        0.500
    95:     5502.300
G:
     0:       18.010       44.250       91.600      564.020     2053.930
     5:     3535.680     3635.760     3848.750     3956.980     5273.960
    10:     5314.650     5330.670     5343.340     7044.960     8669.760
    15:     8715.830     8735.910     8751.090    10210.540
H:
     0:       60.790      773.560     3710.010     3818.910     3819.630
     5:     8779.680    10232.560    10247.700    10249.850
M:
     0:       18.010       44.250       91.600      564.020     2053.930
     5:     3535.680     3635.760     3848.750     3956.980     5273.960
    10:     5314.650     5330.670     5343.340     7044.960     8669.760
    15:     8715.830     8735.910     8751.090    10210.540
N:
     0:       60.790      773.560     3710.010     3818.910     3819.630
     5:     8779.680    10232.560    10247.700    10249.850
O:
P:
Q:
     0:        0.000        0.000        0.000        0.000       19.000
     5:        9.000        0.000        0.000
\Box13_Comments:



Start Date: 02/02/22
End Date: 02/02/22
Subject: 14
Experiment: heroinSA
Group: saline
Box: 14
Start Time: 11:43:59
End Time: 15:20:26
MSN: FR_SCRIPT_5choice
D:       0.806
E:       0.194
F:      29.000
I:     131.000
J:       0.000
K:   10800.010
L:       0.000
R:       0.000
S:       0.000
T:      62.000
U:       0.000
V:       0.000
W:       0.000
X:       0.000
Y:       0.000
Z:       0.000
A:
     0:        2.000        3.000      500.000     1000.000      180.000
     5:        1.000        1.000        1.000        2.000        0.000
    10:      287.000        0.000
B:
     0:       36.000       29.000        7.000        0.000        0.000
     5:        0.000        0.000
C:
     0:        0.500      373.100        0.200        0.700        0.800
     5:      153.100        0.200        0.700        0.800      671.100
    10:        0.200        0.700        0.800      757.100        0.200
    15:        0.700        0.800     1148.100        0.200        0.700
    20:        0.800      166.100        0.200        0.700        0.800
    25:     3337.100        0.200        0.700        0.800     3030.100
    30:        0.200        0.700        0.800      514.100        0.200
    35:        0.700        0.800     6039.100        0.200        0.700
    40:        0.800      215.100        0.200        0.700        0.800
    45:      143.100        0.200        0.700        0.800      729.600
    50:        0.500    17288.100        0.200        0.700        0.800
    55:     3268.600        0.500       20.600        0.500       69.600
    60:        0.500      151.600        0.500        5.600        0.500
    65:      229.100        0.200        0.700        0.800     1838.100
    70:        0.200        0.700        0.800     5091.100        0.200
    75:        0.700        0.800    16062.100        0.200        0.700
    80:        0.800      140.100        0.200        0.700        0.800
    85:      125.100        0.200        0.700        0.800     5105.600
    90:        0.500      120.100        0.200        0.700        0.800
    95:      109.100        0.200        0.700        0.800      102.100
   100:        0.200        0.700        0.800      112.100        0.200
   105:        0.700        0.800     1419.100        0.200        0.700
   110:        0.800     1832.100        0.200        0.700        0.800
   115:    23692.100        0.200        0.700        0.800      111.100
   120:        0.200        0.700        0.800      134.100        0.200
   125:        0.700        0.800    13641.100        0.200        0.700
   130:       62.300
G:
     0:       37.300       52.610      119.710      195.450      310.200
     5:      326.830      660.580      963.520     1014.890     1618.800
    10:     1640.330     1654.600     3456.380     3830.520     4014.320
    15:     4523.460     6129.670     6143.610     6156.160     6678.600
    20:     6689.560     6699.760     6710.940     6852.790     7036.050
    25:     9405.200     9416.380     9429.760    10793.870
H:
     0:     1727.560     3783.170     3785.130     3792.030     3807.180
     5:     3807.640     6666.640
M:
     0:       37.300       52.610      119.710      195.450      310.200
     5:      326.830      660.580      963.520     1014.890     1618.800
    10:     1640.330     1654.600     3456.380     3830.520     4014.320
    15:     4523.460     6129.670     6143.610     6156.160     6678.600
    20:     6689.560     6699.760     6710.940     6852.790     7036.050
    25:     9405.200     9416.380     9429.760    10793.870
N:
     0:     1727.560     3783.170     3785.130     3792.030     3807.180
     5:     3807.640     6666.640
O:
P:
Q:
     0:        0.000        0.000        0.000        0.000       29.000
     5:        7.000        0.000        0.000
\Box14_Comments:



Start Date: 02/02/22
End Date: 02/02/22
Subject: 15
Experiment: heroinSA
Group: saline
Box: 15
Start Time: 11:43:59
End Time: 15:20:26
MSN: FR_SCRIPT_5choice
D:       0.667
E:       0.333
F:       4.000
I:      22.000
J:       0.000
K:   10800.010
L:       0.000
R:       0.000
S:       0.000
T:    4758.000
U:       0.000
V:       0.000
W:       0.000
X:       0.000
Y:       0.000
Z:       0.000
A:
     0:        1.000        3.000      500.000     1000.000      180.000
     5:        1.000        1.000        1.000        2.000        0.000
    10:      270.000        0.000
B:
     0:        6.000        4.000        2.000        0.000        0.000
     5:        0.000        0.000
C:
     0:        0.500     2523.100        0.200        0.700        0.800
     5:      445.100        0.200        0.700        0.800      331.100
    10:        0.200        0.700        0.800     1639.600        0.500
    15:     2300.600        0.500    96004.100        0.200        0.700
    20:        0.800     4758.300
G:
     0:      252.340      296.870      329.980    10324.190
H:
     0:      493.830      723.860
M:
     0:      252.340      296.870      329.980    10324.190
N:
     0:      493.830      723.860
O:
P:
Q:
     0:        0.000        0.000        0.000        0.000        4.000
     5:        2.000        0.000        0.000
\Box15_Comments:
