File: C:\Users\hurdlab\Desktop\data_rme\JS\heroinSA\20230214\ heroinSA_FR1_roomE_20230306



Start Date: 03/06/23
End Date: 03/06/23
Subject: 1
Experiment: heroinSA
Group: heroin
Box: 1
Start Time: 12:04:00
End Time: 15:09:57
MSN: FR_SCRIPT
D:       0.833
E:       0.167
F:       7.000
I:     129.000
J:       0.000
K:   10800.010
L:       5.000
R:       0.000
S:       0.000
T:    1867.000
U:       0.000
V:       0.000
W:       0.000
X:       0.000
Y:       0.000
Z:       0.000
A:
     0:        1.000        3.000      500.000     1000.000      180.000
     5:       10.000        1.000        1.000        1.000        0.000
    10:      293.000        0.000
B:
     0:       90.000       75.000       15.000        0.000        0.000
     5:        0.000        0.000
C:
     0:        0.500      982.100      207.100      305.100       84.100
     5:      116.100       90.100      213.100      856.100     1621.100
    10:     1073.100        0.200        0.700        0.800      257.100
    15:       18.100      194.100     2044.100      800.600        0.500
    20:      862.100      154.600        0.500      385.100     1969.100
    25:      390.100      481.100       16.100        0.200        0.700
    30:       36.100        0.800     2041.600        0.500     1347.100
    35:     2003.600        0.500      169.100      349.600        0.500
    40:      819.600        0.500       16.100      411.100      403.100
    45:       75.600        0.500       76.600        0.500       88.600
    50:        0.500       12.600        0.500       20.600        0.500
    55:        7.100      378.100      675.100        2.100     2782.100
    60:        0.200        0.700        0.800      413.100     2278.100
    65:        0.100     1425.100       37.600        0.500      360.100
    70:       14.100      378.100       60.100     1989.100      127.100
    75:        0.200        0.700        0.800      165.600        0.500
    80:     2267.100      895.100     1092.100       50.600        0.500
    85:     2460.600        0.500        5.100      424.100      310.100
    90:     1342.100       73.100     2835.100      462.100        0.200
    95:        0.700        0.800     9699.100        3.100      286.100
   100:     3264.100      373.100     1039.100      458.100      139.100
   105:     4259.100      296.100        0.200        0.700        0.800
   110:     7493.100      242.100     1399.100     1708.100      757.100
   115:    10177.100     4868.100      195.100     2444.100     2344.100
   120:        0.200        0.700        0.800     9513.100      211.100
   125:      205.100      464.100       10.100     1867.300
G:
     0:       98.200      118.980      149.430      157.870      169.470
     5:      178.400      199.760      285.320      447.410      554.740
    10:      580.390      582.250      601.630      806.080      972.240
    15:     1026.100     1223.060     1262.000     1310.140     1315.350
    20:     1654.100     1871.360     1989.760     2030.860     2071.120
    25:     2098.980     2136.730     2204.200     2204.460     2482.670
    30:     2523.950     2751.690     2751.770     2894.210     2933.910
    35:     2935.310     2973.130     2979.170     3178.010     3190.730
    40:     3433.930     3523.410     3632.610     3884.170     3926.500
    45:     3957.580     4091.710     4099.070     4382.500     4428.770
    50:     5398.610     5398.980     5427.510     5753.890     5791.210
    55:     5895.160     5940.930     5954.880     6380.770     6410.330
    60:     7159.680     7183.870     7323.730     7494.520     7570.260
    65:     8587.960     9074.780     9094.210     9338.630     9573.060
    70:    10524.300    10545.390    10565.980    10612.310    10613.360
H:
     0:      886.030      987.660     1519.480     1854.480     1906.190
     5:     1988.140     2078.660     2086.240     2094.990     2096.270
    10:     2098.270     2897.930     3207.270     3637.680     3883.600
M:
     0:       98.200      118.980      149.430      157.870      169.470
     5:      178.400      199.760      285.320      447.410      554.740
    10:      580.390      582.250      601.630      806.080      972.240
    15:     1026.100     1223.060     1262.000     1310.140     1311.760
    20:     1654.100     1871.360     1989.760     2030.860     2071.120
    25:     2098.980     2136.730     2204.200     2204.460     2482.670
    30:     2523.950     2751.690     2751.770     2894.210     2933.910
    35:     2935.310     2973.130     2979.170     3178.010     3190.730
    40:     3433.930     3523.410     3632.610     3884.170     3926.500
    45:     3957.580     4091.710     4099.070     4382.500     4428.770
    50:     5398.610     5398.980     5427.510     5753.890     5791.210
    55:     5895.160     5940.930     5954.880     6380.770     6410.330
    60:     7159.680     7183.870     7323.730     7494.520     7570.260
    65:     8587.960     9074.780     9094.210     9338.630     9573.060
    70:    10524.300    10545.390    10565.980    10612.310    10613.360
N:
     0:      886.030      987.660     1519.480     1854.480     1906.190
     5:     1988.140     2078.660     2086.240     2094.990     2096.270
    10:     2098.270     2897.930     3207.270     3637.680     3883.600
O:
     0:     1315.350
P:
Q:
     0:   154538.000   226056.000   175721.000    83530.000       75.000
     5:       15.000        1.000        0.000
\Box1_Comments:



Start Date: 03/06/23
End Date: 03/06/23
Subject: 2
Experiment: heroinSA
Group: heroin
Box: 2
Start Time: 12:04:00
End Time: 15:12:03
MSN: FR_SCRIPT
D:       0.924
E:       0.076
F:      17.000
I:     252.000
J:       0.000
K:   10800.010
L:       0.000
R:       0.000
S:       0.000
T:    8264.000
U:       0.000
V:       0.000
W:       0.000
X:       0.000
Y:       0.000
Z:       0.000
A:
     0:        2.000        3.000      500.000     1000.000      180.000
     5:       10.000        1.000        1.000        1.000        0.000
    10:      265.000        0.000
B:
     0:      184.000      170.000       14.000        0.000        0.000
     5:        0.000        0.000
C:
     0:        0.500      631.100        1.100       46.600        0.500
     5:       71.100        9.100       16.100       57.600        0.500
    10:        3.600        0.500      201.100      294.600        0.500
    15:        6.600        0.500        1.600        0.500       42.600
    20:        0.500        2.600        0.500       12.100        5.100
    25:        5.100        6.100        0.200        0.700        0.800
    30:      868.100        5.100      312.100      312.100        7.100
    35:      579.100        3.100      386.100        5.100      663.100
    40:        0.200        0.700        0.800      431.100        5.100
    45:       88.100       41.600        0.500      323.100        2.100
    50:      113.100      145.100      250.100      122.100      126.100
    55:        0.200        0.700        0.800      135.600        0.500
    60:       23.100        6.100       55.100      634.100        5.100
    65:       13.100      865.100       18.100        9.100      596.100
    70:        0.200        0.700        3.100        0.800      149.100
    75:        1.100      173.100        3.100       62.100      748.100
    80:      432.100       10.100      179.100      168.100        0.200
    85:        0.700        0.800     2291.100      811.100      251.100
    90:        4.100      391.100        8.100        7.100        2.100
    95:        5.100        4.100        0.200        0.700        0.800
   100:      121.100       44.100       81.100      198.100      680.100
   105:      862.100       25.100        8.100        9.100       42.100
   110:        0.200        0.700        0.800     1043.100      657.100
   115:       81.100       92.100        4.100      488.100        9.100
   120:      770.100      107.100     2168.100        0.200        0.700
   125:        0.800     2382.100      179.100       43.100       86.100
   130:        4.100        4.100     1262.100        2.100     1719.100
   135:      100.100        0.200        0.700        0.800      107.600
   140:        0.500     1406.100        8.100        5.100      975.100
   145:       59.100     1440.100        5.100      568.100      256.100
   150:       11.100        0.200        0.700        0.800      282.100
   155:        8.100       11.100      218.100     1975.100     2999.100
   160:        5.100      685.100       17.100        9.100        0.200
   165:        0.700        0.800      648.100      899.100        7.100
   170:        5.100        6.100        5.100        6.100     1151.100
   175:      535.100      137.100        0.200        0.700        0.800
   180:      317.100        6.100     3980.100        3.100       11.100
   185:     4173.100        7.100       11.100     1466.100       31.100
   190:        0.200        0.700        0.800      114.600        0.500
   195:     1919.100     1171.100        4.100     1455.100       17.100
   200:     1814.100        8.100        9.100        9.100        8.100
   205:        0.200        0.700        0.800     6916.100        8.100
   210:       61.100      350.100      892.100      138.100       34.100
   215:     2988.600        0.500     1889.100       45.100     1188.100
   220:        0.200        0.700        0.800     3934.100     2134.100
   225:       17.100       12.100       13.100      215.100     4258.100
   230:       11.100       23.100       15.100        0.200        0.700
   235:        0.800     8131.100       48.100       16.100     5327.100
   240:      286.100      682.600        0.500     1248.100       33.100
   245:       15.100      276.100       27.100        0.200        0.700
   250:        0.800     8264.300
G:
     0:       63.120       63.280       74.970       75.790       77.450
     5:      103.490      139.270      139.700      140.200      140.880
    10:      227.670      228.100      259.310      290.500      291.240
    15:      349.160      349.450      388.080      388.550      454.820
    20:      497.920      498.470      507.280      543.660      543.810
    25:      555.140      569.650      594.660      606.800      619.480
    30:      635.200      635.830      641.290      704.780      705.270
    35:      706.490      793.030      794.830      795.740      855.590
    40:      870.570      870.680      887.890      888.270      894.460
    45:      969.210     1012.450     1013.390     1031.290     1048.090
    50:     1277.230     1358.310     1383.400     1383.800     1422.890
    55:     1423.690     1424.400     1424.620     1425.110     1425.550
    60:     1437.680     1442.060     1450.110     1469.960     1537.900
    65:     1624.180     1626.680     1627.420     1628.320     1632.570
    70:     1736.830     1802.500     1810.590     1819.790     1820.280
    75:     1869.020     1869.940     1946.910     1957.620     2174.390
    80:     2412.650     2430.510     2434.820     2443.410     2443.830
    85:     2444.230     2570.430     2570.660     2742.510     2752.550
    90:     2903.830     2904.600     2905.090     3002.680     3008.520
    95:     3152.510     3153.000     3209.810     3235.400     3236.550
   100:     3264.730     3265.500     3266.610     3288.410     3485.970
   105:     3785.830     3786.300     3854.860     3856.490     3857.430
   110:     3922.240     4012.150     4012.790     4013.310     4013.940
   115:     4014.390     4015.050     4130.160     4183.610     4197.310
   120:     4229.060     4229.630     4627.600     4627.940     4629.010
   125:     5046.330     5047.040     5048.090     5194.760     5197.870
   130:     5401.130     5518.280     5518.660     5664.160     5665.820
   135:     5847.260     5848.040     5848.930     5849.870     5850.600
   140:     6542.250     6543.020     6549.130     6584.130     6673.320
   145:     6687.110     6690.530     7178.250     7182.740     7301.520
   150:     7694.950     7908.290     7909.990     7911.200     7912.530
   155:     7934.020     8359.830     8360.960     8363.230     8364.770
   160:     9177.860     9182.590     9184.200     9716.940     9745.530
   165:     9938.520     9941.870     9943.370     9970.920     9973.610
H:
     0:       67.830       83.100       83.430      132.950      133.580
     5:      133.640      137.850      138.010      511.300      632.940
    10:     2763.220     5209.280     6989.350     9813.720
M:
     0:       63.120       63.280       74.970       75.790       77.450
     5:      103.490      139.270      139.700      140.200      140.880
    10:      227.670      228.100      259.310      290.500      291.240
    15:      349.160      349.450      388.080      388.550      454.820
    20:      497.920      498.470      507.280      543.660      543.810
    25:      555.140      569.650      594.660      606.800      619.480
    30:      635.200      635.830      641.290      704.780      705.270
    35:      706.490      793.030      794.830      795.740      855.380
    40:      870.570      870.680      887.890      888.270      894.460
    45:      969.210     1012.450     1013.390     1031.290     1048.090
    50:     1277.230     1358.310     1383.400     1383.800     1422.890
    55:     1423.690     1424.400     1424.620     1425.110     1425.550
    60:     1437.680     1442.060     1450.110     1469.960     1537.900
    65:     1624.180     1626.680     1627.420     1628.320     1632.570
    70:     1736.830     1802.500     1810.590     1819.790     1820.280
    75:     1869.020     1869.940     1946.910     1957.620     2174.390
    80:     2412.650     2430.510     2434.820     2443.410     2443.830
    85:     2444.230     2570.430     2570.660     2742.510     2752.550
    90:     2903.830     2904.600     2905.090     3002.680     3008.520
    95:     3152.510     3153.000     3209.810     3235.400     3236.550
   100:     3264.730     3265.500     3266.610     3288.410     3485.970
   105:     3785.830     3786.300     3854.860     3856.490     3857.430
   110:     3922.240     4012.150     4012.790     4013.310     4013.940
   115:     4014.390     4015.050     4130.160     4183.610     4197.310
   120:     4229.060     4229.630     4627.600     4627.940     4629.010
   125:     5046.330     5047.040     5048.090     5194.760     5197.870
   130:     5401.130     5518.280     5518.660     5664.160     5665.820
   135:     5847.260     5848.040     5848.930     5849.870     5850.600
   140:     6542.250     6543.020     6549.130     6584.130     6673.320
   145:     6687.110     6690.530     7178.250     7182.740     7301.520
   150:     7694.950     7908.290     7909.990     7911.200     7912.530
   155:     7934.020     8359.830     8360.960     8363.230     8364.770
   160:     9177.860     9182.590     9184.200     9716.940     9745.530
   165:     9938.520     9941.870     9943.370     9970.920     9973.610
N:
     0:       67.830       83.100       83.430      132.950      133.580
     5:      133.640      137.850      138.010      511.300      632.940
    10:     2763.220     5209.280     6989.350     9813.720
O:
     0:      855.590
P:
Q:
     0:   143789.000   205171.000   171010.000   124585.000      170.000
     5:       14.000        1.000        0.000
\Box2_Comments:



Start Date: 03/06/23
End Date: 03/06/23
Subject: 5
Experiment: heroinSA
Group: heroin
Box: 5
Start Time: 12:04:00
End Time: 15:12:05
MSN: FR_SCRIPT
D:       0.964
E:       0.036
F:      19.000
I:     272.000
J:       0.000
K:   10800.010
L:       0.000
R:       0.000
S:       0.000
T:    2432.000
U:       0.000
V:       0.000
W:       0.000
X:       0.000
Y:       0.000
Z:       0.000
A:
     0:        1.000        3.000      500.000     1000.000      180.000
     5:       10.000        1.000        1.000        1.000        0.000
    10:      281.000        0.000
B:
     0:      197.000      190.000        7.000        0.000        0.000
     5:        0.000        0.000
C:
     0:        0.500      230.100        2.100        4.100       91.100
     5:        1.100       87.100      354.100      171.100      353.100
    10:       10.100        0.200        0.700        4.100        9.100
    15:        0.800     1872.100       57.100     1268.100       81.100
    20:        7.100        1.100        2.100        2.100        6.100
    25:       10.100        0.200        0.700       23.100        0.800
    30:     2224.100       19.100     1131.600        0.500       12.100
    35:       28.100       27.100       11.100       17.100      499.100
    40:     1674.100       16.100        0.200        0.700       13.100
    45:        0.800      634.100        9.100       14.600        0.500
    50:        3.600        0.500     1039.100        7.100      153.100
    55:      478.100        8.100       38.100        3.100        6.100
    60:        0.200        0.700        0.800      392.100        2.100
    65:        4.100       50.100        6.100        6.100        7.100
    70:       27.100     1266.100        5.100        0.200        0.700
    75:       68.100        0.800     2032.100     1286.100       14.100
    80:     1136.100       14.100      486.100       12.100      299.600
    85:        0.500       51.100        3.100       10.100        0.200
    90:        0.700       17.100        8.100        9.100        0.800
    95:     2350.100       51.100      479.100      935.100       46.100
   100:       32.100       61.100        6.100       14.100        6.100
   105:        0.200        0.700        0.800     2134.100       15.100
   110:     1600.100        1.100       18.100       17.100      787.100
   115:       24.100      827.100       18.100        0.200        0.700
   120:        0.800     1434.100        1.100     1211.100       22.100
   125:       13.100      786.100       27.100        1.100        9.100
   130:        2.100        0.200        0.700        0.800     4492.100
   135:        9.100       19.100      813.100        8.100        8.100
   140:        6.100      302.100       13.100       21.100        0.200
   145:        0.700        0.800     4194.100        4.100        3.100
   150:      910.100        3.100        5.100       11.100        5.100
   155:        4.100      969.100        0.200        0.700        0.800
   160:     5804.100     2733.100       42.100        9.100       46.100
   165:       20.100      285.100     1138.100        2.100       34.100
   170:        0.200        0.700       20.100        0.800     4232.100
   175:     3391.100        9.100       79.100       11.100      318.100
   180:       16.100      860.100       19.100       28.100        0.200
   185:        0.700        0.800      293.100        8.100     5739.100
   190:       48.100       31.600        0.500      292.100       34.100
   195:       11.100        7.100       12.100      622.100        0.200
   200:        0.700        0.800      364.100       20.100     2457.100
   205:       30.600        0.500        3.600        0.500     2382.100
   210:       62.100       27.100       16.100      356.100       25.100
   215:       14.100        0.200        0.700        0.800     3049.100
   220:       10.100      542.100      352.100       42.100        8.100
   225:     2549.100      163.100       11.100     2270.100        0.200
   230:        0.700        0.800     5845.100      367.100       38.100
   235:        3.100       51.100        5.100        1.100        5.100
   240:        6.100        5.100        0.200        0.700        0.800
   245:     3761.100        7.100        5.100       28.100        6.100
   250:       13.100      150.100       31.100       50.100       11.100
   255:        0.200        0.700        0.800     2923.100       24.100
   260:       33.100      314.100        7.100        9.100        5.100
   265:     4407.100        6.100     1863.100        0.200        0.700
   270:        0.800     2432.300
G:
     0:       23.040       23.190       23.590       32.760       32.810
     5:       41.560       76.900       94.080      129.330      131.680
    10:      318.870      324.540      451.300      459.440      460.150
    15:      460.260      460.420      460.680      461.220      464.530
    20:      686.940      688.810      803.170      805.900      808.590
    25:      809.770      811.390      861.310     1028.760     1031.610
    30:     1095.020     1095.900     1201.580     1202.210     1217.510
    35:     1265.330     1266.130     1269.920     1270.240     1270.790
    40:     1310.020     1310.260     1310.590     1315.650     1316.260
    45:     1316.850     1317.520     1320.210     1446.860     1454.090
    50:     1657.320     1785.960     1787.380     1900.900     1902.300
    55:     1950.920     1952.170     1987.120     1987.410     1991.800
    60:     2226.870     2231.920     2279.820     2373.380     2377.910
    65:     2381.090     2387.220     2387.850     2389.240     2389.790
    70:     2603.210     2604.690     2764.720     2764.860     2766.660
    75:     2768.350     2847.030     2849.390     2932.100     2933.900
    80:     3077.320     3077.440     3198.580     3200.780     3202.050
    85:     3280.620     3283.320     3283.450     3284.300     3284.560
    90:     3733.710     3734.680     3736.540     3817.880     3818.670
    95:     3819.480     3820.050     3850.260     3851.550     3853.680
   100:     4273.050     4273.460     4273.730     4364.740     4364.990
   105:     4365.530     4366.640     4367.100     4367.550     4464.480
   110:     5044.790     5318.110     5322.370     5323.230     5327.850
   115:     5329.840     5358.370     5472.100     5472.320     5477.690
   120:     5900.980     6240.000     6240.900     6248.830     6249.920
   125:     6281.710     6283.320     6369.310     6371.220     6373.990
   130:     6403.380     6404.110     6977.990     6982.850     7015.110
   135:     7018.510     7019.610     7020.360     7021.570     7083.770
   140:     7120.180     7122.120     7367.840     7609.320     7615.550
   145:     7618.210     7619.860     7655.480     7657.900     7659.350
   150:     7964.220     7965.230     8019.390     8054.650     8058.830
   155:     8059.640     8314.550     8330.800     8331.980     8558.980
   160:     9143.460     9180.160     9183.980     9184.260     9189.300
   165:     9189.820     9189.980     9190.440     9191.040     9191.500
   170:     9567.620     9568.320     9568.830     9571.660     9572.240
   175:     9573.530     9588.560     9591.650     9596.660     9597.690
   180:     9890.050     9892.410     9895.720     9927.090     9927.810
   185:     9928.720     9929.190    10369.910    10370.490    10556.800
H:
     0:      801.960     1097.350     1097.620     1981.990     6985.980
     5:     7370.830     7371.110
M:
     0:       23.040       23.190       23.590       32.760       32.810
     5:       41.560       76.900       94.080      129.330      130.380
    10:      318.870      324.540      451.300      459.440      460.150
    15:      460.260      460.420      460.680      461.220      462.230
    20:      686.940      688.810      803.170      805.900      808.590
    25:      809.770      811.390      861.310     1028.760     1030.340
    30:     1095.020     1095.900     1201.580     1202.210     1217.510
    35:     1265.330     1266.130     1269.920     1270.240     1270.790
    40:     1310.020     1310.260     1310.590     1315.650     1316.260
    45:     1316.850     1317.520     1320.210     1446.860     1447.330
    50:     1657.320     1785.960     1787.380     1900.900     1902.300
    55:     1950.920     1952.170     1987.120     1987.410     1988.440
    60:     2226.870     2231.920     2279.820     2373.380     2377.910
    65:     2381.090     2387.220     2387.850     2389.240     2389.790
    70:     2603.210     2604.690     2764.720     2764.860     2766.660
    75:     2768.350     2847.030     2849.390     2932.100     2933.900
    80:     3077.320     3077.440     3198.580     3200.780     3202.050
    85:     3280.620     3283.320     3283.450     3284.300     3284.560
    90:     3733.710     3734.680     3736.540     3817.880     3818.670
    95:     3819.480     3820.050     3850.260     3851.550     3853.680
   100:     4273.050     4273.460     4273.730     4364.740     4364.990
   105:     4365.530     4366.640     4367.100     4367.550     4464.480
   110:     5044.790     5318.110     5322.370     5323.230     5327.850
   115:     5329.840     5358.370     5472.100     5472.320     5475.720
   120:     5900.980     6240.000     6240.900     6248.830     6249.920
   125:     6281.710     6283.320     6369.310     6371.220     6373.990
   130:     6403.380     6404.110     6977.990     6982.850     7015.110
   135:     7018.510     7019.610     7020.360     7021.570     7083.770
   140:     7120.180     7122.120     7367.840     7609.320     7615.550
   145:     7618.210     7619.860     7655.480     7657.900     7659.350
   150:     7964.220     7965.230     8019.390     8054.650     8058.830
   155:     8059.640     8314.550     8330.800     8331.980     8558.980
   160:     9143.460     9180.160     9183.980     9184.260     9189.300
   165:     9189.820     9189.980     9190.440     9191.040     9191.500
   170:     9567.620     9568.320     9568.830     9571.660     9572.240
   175:     9573.530     9588.560     9591.650     9596.660     9597.690
   180:     9890.050     9892.410     9895.720     9927.090     9927.810
   185:     9928.720     9929.190    10369.910    10370.490    10556.800
N:
     0:      801.960     1097.350     1097.620     1981.990     6985.980
     5:     7370.830     7371.110
O:
     0:      130.760      131.680      464.530     1031.610     1454.090
     5:     1990.180     1990.980     1991.800     5477.690
P:
Q:
     0:   124838.000   173073.000   194141.000   129236.000      190.000
     5:        7.000        9.000        0.000
\Box5_Comments:



Start Date: 03/06/23
End Date: 03/06/23
Subject: 6
Experiment: heroinSA
Group: heroin
Box: 6
Start Time: 12:04:00
End Time: 15:13:49
MSN: FR_SCRIPT
D:       0.972
E:       0.028
F:      17.000
I:     239.000
J:       0.000
K:   10800.010
L:       6.000
R:       0.000
S:       0.000
T:     301.000
U:       0.000
V:       0.000
W:       0.000
X:       0.000
Y:       1.000
Z:       0.000
A:
     0:        2.000        3.000      500.000     1000.000      180.000
     5:       10.000        1.000        1.000        1.000        0.000
    10:      260.000        0.000
B:
     0:      181.000      176.000        5.000        0.000        0.000
     5:        0.000        0.000
C:
     0:        0.500      139.100        3.100        5.100        2.100
     5:       91.100        4.100       54.100        6.100       27.600
    10:        0.500      182.100        8.100        0.200        0.700
    15:        0.800      192.100       17.100        0.100        3.100
    20:        2.100        3.100        4.100        3.100       26.100
    25:       14.100        0.200        0.700        0.800     2813.100
    30:        7.100      228.100      158.100       79.100      468.100
    35:        2.100        9.100        1.100        1.100        0.200
    40:        0.700        0.800      249.600        0.500       15.100
    45:        3.100        6.100        8.100        3.100        5.100
    50:        1.100        9.100        2.100     3208.100        0.200
    55:        0.700        0.800     2275.100      286.100       15.100
    60:        3.100       93.600        0.500       79.100      130.100
    65:      170.100        3.100     2491.100       20.100        0.200
    70:        0.700        0.800      375.100        8.100        2.100
    75:     3163.100        2.100      234.100     2026.100      148.100
    80:       15.100        1.100        0.200        0.700        0.800
    85:     6154.600        0.500      147.100       64.100        9.100
    90:        2.100       18.100        8.100      891.100       37.100
    95:        9.100        9.100        0.200        0.700        0.800
   100:     2920.100        3.100       48.100        6.100        3.100
   105:        5.100       23.100        4.100     2625.100        4.100
   110:        0.200        0.700        0.800     5627.100      271.100
   115:        9.100       16.100        2.100        3.100        4.100
   120:        3.100       50.100        7.100        0.200        0.700
   125:        0.800     4432.100      324.100       49.100        6.100
   130:        5.100      118.100      994.100        2.100       10.100
   135:        2.100        0.200        0.700        0.800     5168.100
   140:     1667.100        7.100        3.100        7.100      143.100
   145:        5.100        7.100        8.100      186.100        0.200
   150:        0.700        0.800     8765.100      322.100       17.100
   155:        3.100      143.100        2.100       10.100       16.100
   160:       18.100        2.100        0.200        0.700        0.800
   165:     4448.100      344.100      455.100       38.100     1375.100
   170:        4.100        7.100       94.100        5.100     1444.100
   175:        0.200        0.700        0.800     5548.100        4.100
   180:      641.100      194.100     1122.100      167.100       13.100
   185:      392.100        7.100      101.100        0.200        0.700
   190:        0.800     3696.100     1524.100     2276.100       34.100
   195:        2.100        6.100        5.100       11.100        2.100
   200:        1.100        0.200        0.700        0.800     5161.100
   205:       24.100      130.100      491.100       28.100        3.100
   210:       15.100        7.100      422.100        9.100        0.200
   215:        0.700        0.800     3040.600        0.500     5595.100
   220:       11.100        2.100      335.100       15.100      256.100
   225:       46.100       26.100      209.100       21.100        0.200
   230:        0.700        0.800     6154.100       15.100      668.100
   235:       27.100        4.100        4.100      301.300
G:
     0:       13.970       14.210       14.700       14.960       24.000
     5:       24.470       29.870       30.420       51.340       52.100
    10:       71.370       72.990       73.070       73.330       73.540
    15:       73.790       74.270       74.580       77.110       78.500
    20:      359.830      360.560      383.370      399.170      407.060
    25:      453.810      454.000      454.930      455.060      455.170
    30:      481.500      481.870      482.460      483.260      483.570
    35:      483.990      484.160      484.990      485.260      806.050
    40:     1033.550     1062.090     1063.630     1063.900     1081.120
    45:     1094.150     1111.130     1111.440     1360.580     1362.490
    50:     1400.080     1400.800     1401.000     1717.290     1717.540
    55:     1740.900     1943.500     1958.370     1959.790     1959.940
    60:     2590.080     2596.470     2597.290     2597.570     2599.370
    65:     2600.150     2689.200     2692.970     2693.880     2694.710
    70:     2986.720     2986.990     2991.820     2992.390     2992.700
    75:     2993.220     2995.540     2995.900     3258.480     3258.880
    80:     3821.510     3848.600     3849.560     3851.090     3851.340
    85:     3851.640     3852.080     3852.310     3857.380     3858.060
    90:     4301.190     4333.620     4338.490     4339.180     4339.680
    95:     4351.460     4450.840     4451.020     4452.040     4452.220
   100:     4969.020     5135.710     5136.430     5136.730     5137.440
   105:     5151.750     5152.230     5152.920     5153.690     5172.340
   110:     6048.850     6081.020     6082.740     6083.080     6097.340
   115:     6097.500     6098.540     6100.130     6101.890     6102.110
   120:     6546.980     6581.340     6626.800     6630.600     6768.110
   125:     6768.490     6769.220     6778.600     6779.110     6923.560
   130:     7478.330     7478.740     7542.830     7562.270     7674.420
   135:     7691.100     7692.390     7731.610     7732.310     7742.400
   140:     8112.050     8264.450     8492.080     8495.480     8495.620
   145:     8496.260     8496.710     8497.860     8497.990     8498.180
   150:     9014.250     9016.630     9029.590     9078.780     9081.510
   155:     9081.850     9083.300     9084.020     9126.220     9127.100
   160:     9990.640     9991.740     9991.960    10025.480    10026.890
   165:    10052.580    10057.130    10059.760    10080.590    10082.710
   170:    10698.140    10699.590    10766.390    10769.120    10769.530
   175:    10769.890
H:
     0:       33.110      479.990     1073.240     2575.290     9431.170
M:
     0:       13.970       14.210       14.700       14.960       24.000
     5:       24.470       29.870       30.420       51.340       52.100
    10:       71.370       72.990       73.070       73.330       73.540
    15:       73.790       74.270       74.580       77.110       78.500
    20:      359.830      360.560      383.370      399.170      407.060
    25:      453.810      454.000      454.930      455.060      455.170
    30:      481.500      481.870      482.460      483.260      483.570
    35:      483.990      484.160      484.990      485.260      806.050
    40:     1033.550     1062.090     1063.630     1063.900     1081.120
    45:     1094.150     1111.130     1111.440     1360.580     1362.490
    50:     1400.080     1400.800     1401.000     1717.290     1717.540
    55:     1740.900     1943.500     1958.370     1959.790     1959.940
    60:     2590.080     2596.470     2597.290     2597.570     2599.370
    65:     2600.150     2689.200     2692.970     2693.880     2694.710
    70:     2986.720     2986.990     2991.820     2992.390     2992.700
    75:     2993.220     2995.540     2995.900     3258.480     3258.880
    80:     3821.510     3848.600     3849.560     3851.090     3851.340
    85:     3851.640     3852.080     3852.310     3857.380     3858.060
    90:     4301.190     4333.620     4338.490     4339.180     4339.680
    95:     4351.460     4450.840     4451.020     4452.040     4452.220
   100:     4969.020     5135.710     5136.430     5136.730     5137.440
   105:     5151.750     5152.230     5152.920     5153.690     5172.340
   110:     6048.850     6081.020     6082.740     6083.080     6097.340
   115:     6097.500     6098.540     6100.130     6101.890     6102.110
   120:     6546.980     6581.340     6626.800     6630.600     6768.110
   125:     6768.490     6769.220     6778.600     6779.110     6923.560
   130:     7478.330     7478.740     7542.830     7562.270     7674.420
   135:     7691.100     7692.390     7731.610     7732.310     7742.400
   140:     8112.050     8264.450     8492.080     8495.480     8495.620
   145:     8496.260     8496.710     8497.860     8497.990     8498.180
   150:     9014.250     9016.630     9029.590     9078.780     9081.510
   155:     9081.850     9083.300     9084.020     9126.220     9127.100
   160:     9990.640     9991.740     9991.960    10025.480    10026.890
   165:    10052.580    10057.130    10059.760    10080.590    10082.710
   170:    10698.140    10699.590    10766.390    10769.120    10769.530
   175:    10769.890
N:
     0:       33.110      479.990     1073.240     2575.290     9431.170
O:
P:
Q:
     0:    82725.000   227925.000   229962.000    50350.000      176.000
     5:        5.000        0.000        0.000
\Box6_Comments:



Start Date: 03/06/23
End Date: 03/06/23
Subject: 7
Experiment: heroinSA
Group: saline
Box: 7
Start Time: 12:04:00
End Time: 15:13:50
MSN: FR_SCRIPT
D:       0.771
E:       0.229
F:       8.000
I:     156.000
J:       0.000
K:   10800.010
L:       1.000
R:       0.000
S:       0.000
T:   10800.000
U:       0.000
V:       0.000
W:       0.000
X:       0.000
Y:       0.000
Z:       0.000
A:
     0:        1.000        3.000      500.000     1000.000      180.000
     5:       10.000        1.000        1.000        1.000        0.000
    10:      261.000        0.000
B:
     0:      105.000       81.000       24.000        0.000        0.000
     5:        0.000        0.000
C:
     0:        0.500        8.100       16.600        0.500     1010.100
     5:       14.100       20.100      255.600        0.500      114.100
    10:       13.100       15.100       10.100        8.100      139.600
    15:        0.500      242.100        0.200        0.700        0.800
    20:      398.100      377.600        0.500       20.100      515.100
    25:      732.600        0.500      196.100       43.600        0.500
    30:        8.100       43.100      222.600        0.500       88.100
    35:       40.100       27.100        7.100        0.200        0.700
    40:        0.800      102.600        0.500        2.600        0.500
    45:       47.100     1832.100        5.100        3.100       11.100
    50:       18.100        5.100       12.100       59.100     3673.600
    55:        0.500        6.600        0.500      114.100        0.200
    60:        0.700        0.800      102.600        0.500        2.600
    65:        0.500        8.600        0.500       13.600        0.500
    70:      146.100        2.100       27.100       26.100       36.100
    75:     2585.100     4745.100       59.100       79.100       19.100
    80:        0.200        0.700        3.100        0.800      176.100
    85:       22.100        7.100       10.100        9.100       17.100
    90:        5.100       28.100     1211.100     3628.100        0.200
    95:        0.700        0.800      252.100       57.100       18.100
   100:     4721.100       12.600        0.500     1355.100        3.100
   105:      288.100       18.100       18.100       17.100        0.200
   110:        0.700        0.800      245.100      321.100       31.100
   115:      120.600        0.500      280.600        0.500       18.600
   120:        0.500    24030.100       39.100       30.100        3.100
   125:       30.100       11.100     1284.100        0.200        0.700
   130:        0.800      194.100    15186.100      242.100       58.100
   135:     4476.100      455.600        0.500       16.600        0.500
   140:        2.600        0.500        1.600        0.500     7753.100
   145:       45.100       33.100       15.100       37.100        0.200
   150:        0.700        0.800    11980.600        0.500       72.100
   155:    10800.300
G:
     0:        0.820      103.390      104.840      106.830      143.770
     5:      145.080      146.570      147.560      148.350      186.400
    10:      226.260      265.980      317.420      410.260      415.290
    15:      419.610      450.610      454.620      457.340      458.020
    20:      473.090      656.340      656.880      657.120      658.250
    25:      659.990      660.520      661.710      667.620     1046.970
    30:     1073.990     1074.190     1076.970     1079.580     1083.090
    35:     1341.640     1816.120     1822.080     1829.910     1832.170
    40:     1849.750     1851.950     1852.630     1853.630     1854.520
    45:     1856.260     1856.780     1859.530     1980.630     2343.420
    50:     2368.610     2374.290     2376.160     2848.220     2984.910
    55:     2985.200     3014.000     3015.860     3017.650     3019.290
    60:     3043.870     3075.890     3079.010     5523.860     5527.750
    65:     5530.690     5531.050     5534.040     5535.140     5663.550
    70:     5682.900     7201.530     7225.750     7231.540     7679.120
    75:     8501.830     8506.330     8509.590     8511.150     8514.790
    80:     9720.080
H:
     0:        2.460      132.380      162.210      263.910      390.680
     5:      414.490      441.840      468.280      468.440     1034.960
    10:     1035.570     1057.170     1057.340     1058.140     1059.440
    15:     2849.470     3091.070     3119.070     3120.810     7724.680
    20:     7726.280     7726.400     7726.500     9712.800
M:
     0:        0.820      103.390      104.840      106.830      143.770
     5:      145.080      146.570      147.560      148.350      186.400
    10:      226.260      265.980      317.420      410.260      415.290
    15:      419.610      450.610      454.620      457.340      458.020
    20:      473.090      656.340      656.880      657.120      658.250
    25:      659.990      660.520      661.710      667.620     1046.970
    30:     1073.990     1074.190     1076.970     1079.580     1083.090
    35:     1341.640     1816.120     1822.080     1829.910     1831.820
    40:     1849.750     1851.950     1852.630     1853.630     1854.520
    45:     1856.260     1856.780     1859.530     1980.630     2343.420
    50:     2368.610     2374.290     2376.160     2848.220     2984.910
    55:     2985.200     3014.000     3015.860     3017.650     3019.290
    60:     3043.870     3075.890     3079.010     5523.860     5527.750
    65:     5530.690     5531.050     5534.040     5535.140     5663.550
    70:     5682.900     7201.530     7225.750     7231.540     7679.120
    75:     8501.830     8506.330     8509.590     8511.150     8514.790
    80:     9720.080
N:
     0:        2.460      132.380      162.210      263.910      390.680
     5:      414.490      441.840      468.280      468.440     1034.960
    10:     1035.570     1057.170     1057.340     1058.140     1059.440
    15:     2849.470     3091.070     3119.070     3120.810     7724.680
    20:     7726.280     7726.400     7726.500     9712.800
O:
     0:     1832.170
P:
Q:
     0:   297555.000    99611.000    51709.000    30691.000       81.000
     5:       24.000        1.000        0.000
\Box7_Comments:



Start Date: 03/06/23
End Date: 03/06/23
Subject: 8
Experiment: heroinSA
Group: heroin
Box: 8
Start Time: 12:04:00
End Time: 15:13:50
MSN: FR_SCRIPT
D:       0.900
E:       0.100
F:      11.000
I:     184.000
J:       0.000
K:   10800.010
L:       7.000
R:       0.000
S:       0.000
T:    4394.000
U:       0.000
V:       1.000
W:       0.000
X:       0.000
Y:       0.000
Z:       0.000
A:
     0:        2.000        3.000      500.000     1000.000      180.000
     5:       10.000        1.000        1.000        1.000        0.000
    10:      302.000        0.000
B:
     0:      130.000      117.000       13.000        0.000        0.000
     5:        0.000        0.000
C:
     0:        0.500      309.100        8.100       18.100        2.100
     5:       46.100       30.100      443.600        0.500       48.100
    10:      247.600        0.500      689.100        2.100        5.100
    15:        0.200        0.700        0.800      148.100        1.100
    20:        6.100        4.100        2.100       80.100        2.100
    25:       13.100       11.100      645.100        0.200        0.700
    30:        4.100        2.100        3.100        0.800     4338.100
    35:      395.100       43.100        2.100        7.100        6.100
    40:       10.100      250.600        0.500      897.100     1585.100
    45:      292.100        0.200        0.700        0.800      132.600
    50:        0.500       58.100        1.100     3032.100     1192.100
    55:     2382.100     1003.100       54.600        0.500       11.100
    60:        2.100       16.100        5.100        0.200        0.700
    65:        0.800      100.100        5.100        7.100        3.100
    70:      149.100       14.100     5736.100      117.100      598.600
    75:        0.500       33.100       47.100        0.200        0.700
    80:        0.800     5112.100      221.100      625.100       52.100
    85:       25.100      793.600        0.500       38.100       30.100
    90:       56.600        0.500       54.600        0.500       89.600
    95:        0.500      107.600        0.500     4570.100       33.100
   100:        3.100        0.200        0.700        3.100        0.800
   105:     4852.100       92.100     1553.100      101.100       56.100
   110:       17.100       83.100      180.100        2.100        2.100
   115:        0.200        0.700        0.800     4571.600        0.500
   120:     3786.100       78.100       11.100        2.100      177.100
   125:       12.100        3.100       17.100      104.600        0.500
   130:       67.100      208.100        0.200        0.700       14.100
   135:        0.800       92.100    10061.100        5.100       36.100
   140:      453.100       12.100     1269.100      300.100        7.100
   145:       40.100        0.200        0.700       25.100        0.800
   150:     7954.100       13.100      129.100       39.100       34.100
   155:     1851.100      968.100        4.100       18.100     7042.100
   160:        0.200        0.700        0.800      141.100     6232.100
   165:       61.100      440.100       76.100     3153.100      159.100
   170:        2.100       15.100       65.100        0.200        0.700
   175:        0.800      132.100     9210.100      124.100       76.100
   180:      239.100       19.100       21.100     4394.300
G:
     0:       30.910       31.770       33.520       33.780       38.360
     5:       41.350       90.480      183.990      184.210      184.720
    10:      199.530      199.610      200.220      200.630      200.870
    15:      208.820      209.080      210.350      211.470      276.840
    20:      710.630      750.180      754.400      754.640      755.330
    25:      755.930      756.930      871.600     1030.130     1059.380
    30:     1078.320     1078.450     1381.660     1500.870     1739.050
    35:     1839.320     1845.860     1846.050     1847.650     1848.090
    40:     1858.160     1858.640     1859.290     1859.640     1874.500
    45:     1875.940     2449.510     2461.270     2524.340     2529.040
    50:     3040.200     3062.320     3124.870     3130.050     3132.490
    55:     3215.670     3218.650     3706.280     3709.510     3710.140
    60:     4195.310     4204.550     4359.830     4369.970     4375.570
    65:     4377.270     4385.540     4403.550     4403.740     4403.960
    70:     5239.670     5247.420     5248.540     5248.690     5266.430
    75:     5267.640     5267.950     5269.670     5286.730     5308.910
    80:     5318.100     6324.280     6324.720     6328.370     6373.610
    85:     6374.880     6501.750     6531.750     6532.440     6538.890
    90:     7334.340     7335.610     7348.520     7352.390     7355.790
    95:     7540.960     7637.750     7638.150     7639.940     8344.180
   100:     8358.260     8981.470     8987.580     9031.550     9039.180
   105:     9354.400     9370.300     9370.550     9372.020     9378.490
   110:     9391.700    10312.760    10325.130    10332.700    10356.620
   115:    10358.530    10360.670
H:
     0:       85.680      115.140      781.890     1072.510     1844.730
     5:     2521.060     3211.810     3224.230     3229.650     3238.550
    10:     3249.210     4861.050     5280.010
M:
     0:       30.910       31.770       33.520       33.780       38.360
     5:       41.350       90.480      183.990      184.210      184.720
    10:      199.530      199.610      200.220      200.630      200.870
    15:      208.820      209.080      210.350      211.470      275.980
    20:      710.630      750.180      754.400      754.640      755.330
    25:      755.930      756.930      871.600     1030.130     1059.380
    30:     1078.320     1078.450     1381.660     1500.870     1739.050
    35:     1839.320     1845.860     1846.050     1847.650     1848.090
    40:     1858.160     1858.640     1859.290     1859.640     1874.500
    45:     1875.940     2449.510     2461.270     2524.340     2529.040
    50:     3040.200     3062.320     3124.870     3130.050     3132.490
    55:     3215.670     3218.650     3706.280     3709.510     3709.840
    60:     4195.310     4204.550     4359.830     4369.970     4375.570
    65:     4377.270     4385.540     4403.550     4403.740     4403.960
    70:     5239.670     5247.420     5248.540     5248.690     5266.430
    75:     5267.640     5267.950     5269.670     5286.730     5307.570
    80:     5318.100     6324.280     6324.720     6328.370     6373.610
    85:     6374.880     6501.750     6531.750     6532.440     6536.450
    90:     7334.340     7335.610     7348.520     7352.390     7355.790
    95:     7540.960     7637.750     7638.150     7639.940     8344.180
   100:     8358.260     8981.470     8987.580     9031.550     9039.180
   105:     9354.400     9370.300     9370.550     9372.020     9378.490
   110:     9391.700    10312.760    10325.130    10332.700    10356.620
   115:    10358.530    10360.670
N:
     0:       85.680      115.140      781.890     1072.510     1844.730
     5:     2521.060     3211.810     3224.230     3229.650     3238.550
    10:     3249.210     4861.050     5280.010
O:
     0:      276.310      276.530      276.840     3710.140     5308.910
     5:     6538.890
P:
Q:
     0:   200261.000   236011.000   133991.000    72003.000      117.000
     5:       13.000        6.000        0.000
\Box8_Comments:



Start Date: 03/06/23
End Date: 03/06/23
Subject: 9
Experiment: heroinSA
Group: saline
Box: 9
Start Time: 12:04:00
End Time: 15:15:00
MSN: FR_SCRIPT
D:       0.833
E:       0.167
F:       2.000
I:      43.000
J:       0.000
K:   10800.010
L:       5.000
R:       0.000
S:       0.000
T:    1028.000
U:       0.000
V:       0.000
W:       1.000
X:       0.000
Y:       0.000
Z:       0.000
A:
     0:        1.000        3.000      500.000     1000.000      180.000
     5:       10.000        1.000        1.000        1.000        0.000
    10:      253.000        0.000
B:
     0:       30.000       25.000        5.000        0.000        0.000
     5:        0.000        0.000
C:
     0:        0.500      251.600        0.500       10.600        0.500
     5:      150.100        7.100        1.100       84.100      159.100
    10:       64.600        0.500      357.100       40.100        2.100
    15:        2.100     1677.100        0.200        0.700        0.800
    20:      331.600        0.500      777.100     1587.100     9515.100
    25:    22792.100       30.100     1331.100        3.100    11010.100
    30:    19789.600        0.500     6374.100       43.100        0.200
    35:        0.700        0.800    15218.100       28.100    12255.100
    40:       40.100     3045.100     1028.300
G:
     0:       41.160       41.850       41.960       50.340       66.250
     5:      108.300      112.300      112.530      112.720      280.480
    10:      391.260      549.900     1501.410     3780.680     3783.600
    15:     3916.720     3917.070     5018.050     7634.340     7638.590
    20:     9160.390     9163.220    10388.780    10392.770    10697.210
H:
     0:       25.140       26.150       72.640      313.540     6996.980
M:
     0:       41.160       41.850       41.960       50.340       66.250
     5:      108.300      112.300      112.530      112.720      280.480
    10:      391.260      549.900     1501.410     3780.680     3783.600
    15:     3916.720     3917.070     5018.050     7634.340     7638.590
    20:     9160.390     9163.220    10388.780    10392.770    10697.210
N:
     0:       25.140       26.150       72.640      313.540     6996.980
O:
P:
Q:
     0:   313134.000   116684.000    37980.000    16079.000       25.000
     5:        5.000        0.000        0.000
\Box9_Comments:



Start Date: 03/06/23
End Date: 03/06/23
Subject: 10
Experiment: heroinSA
Group: heroin
Box: 10
Start Time: 12:04:00
End Time: 15:15:00
MSN: FR_SCRIPT
D:       0.793
E:       0.207
F:       4.000
I:      84.000
J:       0.000
K:   10800.010
L:       6.000
R:       0.000
S:       0.000
T:    6212.000
U:       0.000
V:       0.000
W:       0.000
X:       0.000
Y:       0.000
Z:       1.000
A:
     0:        2.000        3.000      500.000     1000.000      180.000
     5:       10.000        1.000        1.000        1.000        0.000
    10:      292.000        0.000
B:
     0:       58.000       46.000       12.000        0.000        0.000
     5:        0.000        0.000
C:
     0:        0.500       23.100       26.600        0.500       13.600
     5:        0.500       96.100       25.100      384.600        0.500
    10:     1533.100      733.100      594.100     9179.100     1419.100
    15:       34.100     5637.100        0.200        0.700        0.800
    20:      169.100        9.100       93.100       97.600        0.500
    25:      125.600        0.500        6.600        0.500       12.600
    30:        0.500     3574.100      168.100       19.100      260.100
    35:      307.600        0.500     3014.600        0.500     4833.100
    40:     3819.100        7.100        0.200        0.700        0.800
    45:      108.100      283.100      152.600        0.500     3816.100
    50:       37.100    14547.100      106.100     5287.100      145.100
    55:       80.100     4645.100        0.200        0.700        0.800
    60:      130.100       70.100     2550.100     2073.600        0.500
    65:       84.600        0.500      247.100     4434.100    10415.100
    70:      254.100     6554.100     3600.100     5163.100        0.200
    75:        0.700        0.800      116.100        8.100       11.100
    80:       44.100        2.100      619.100     6212.300
G:
     0:        2.370       15.880       18.330      210.080      283.380
     5:      342.770     1260.620     1402.520     1405.890     1969.620
    10:     1986.570     1987.460     1996.750     2378.100     2394.940
    15:     2396.860     2422.800     3238.280     3620.100     3620.810
    20:     3631.590     3659.890     4056.690     4060.470     5515.140
    25:     5525.770     6054.470     6068.940     6076.950     6541.400
    30:     6554.430     6561.410     6816.410     7056.790     7500.280
    35:     8541.740     8567.150     9222.550     9582.490    10098.800
    40:    10110.450    10111.270    10112.360    10116.740    10116.980
    45:    10178.850
H:
     0:        4.900        6.230       56.720     2006.430     2018.900
     5:     2019.550     2020.740     2453.500     2754.980     3675.090
    10:     7023.710     7032.130
M:
     0:        2.370       15.880       18.330      210.080      283.380
     5:      342.770     1260.620     1402.520     1405.890     1969.620
    10:     1986.570     1987.460     1996.750     2378.100     2394.940
    15:     2396.860     2422.800     3238.280     3620.100     3620.810
    20:     3631.590     3659.890     4056.690     4060.470     5515.140
    25:     5525.770     6054.470     6068.940     6076.950     6541.400
    30:     6554.430     6561.410     6816.410     7056.790     7500.280
    35:     8541.740     8567.150     9222.550     9582.490    10098.800
    40:    10110.450    10111.270    10112.360    10116.740    10116.980
    45:    10178.850
N:
     0:        4.900        6.230       56.720     2006.430     2018.900
     5:     2019.550     2020.740     2453.500     2754.980     3675.090
    10:     7023.710     7032.130
O:
P:
Q:
     0:   239118.000   233731.000    77333.000    26153.000       46.000
     5:       12.000        0.000        0.000
\Box10_Comments:



Start Date: 03/06/23
End Date: 03/06/23
Subject: 3
Experiment: heroinSA
Group: heroin
Box: 3
Start Time: 12:04:00
End Time: 15:19:46
MSN: FR_SCRIPT_box3
D:       0.833
E:       0.167
F:      30.000
I:     513.000
J:       0.000
K:   10800.010
L:       0.000
R:       0.000
S:       0.000
T:     145.000
U:       0.000
V:       0.000
W:       0.000
X:       0.000
Y:       1.000
Z:       0.000
A:
     0:        1.000        3.000      500.000     1000.000      180.000
     5:       10.000        1.000        1.000        1.000        0.000
    10:      285.000        0.000
B:
     0:      360.000      300.000       60.000        0.000        0.000
     5:        0.000        0.000
C:
     0:        0.500      106.100        7.100      208.100       18.600
     5:        0.500      143.100       34.100       23.100       10.100
    10:      977.100       29.600        0.500        8.600        0.500
    15:      338.600        0.500        4.600        0.500       65.100
    20:      135.600        0.500       67.600        0.500      384.100
    25:        0.200        0.700        0.800      748.600        0.500
    30:       67.100        3.100       32.100       37.100       18.100
    35:     1148.600        0.500       30.100       36.100      587.600
    40:        0.500       62.100       14.100      588.100        0.200
    45:        0.700        0.800     1150.100       27.100       94.600
    50:        0.500        8.600        0.500     1351.100       15.100
    55:      858.100       24.100       50.100       15.100      146.100
    60:      775.100        0.200        0.700        0.800     2480.600
    65:        0.500       71.100       13.100        3.600        0.500
    70:       87.600        0.500      192.600        0.500      522.100
    75:       11.100       34.100      698.100       43.100       18.600
    80:        0.500        9.600        0.500      837.100      222.100
    85:       26.100        0.200        0.700        0.800      151.600
    90:        0.500      656.100       48.100      350.100      135.100
    95:       18.100      285.600        0.500      569.100      177.100
   100:        2.100       19.600        0.500       38.100      154.100
   105:        0.200        0.700        2.100        0.800      839.100
   110:       22.100       48.600        0.500      145.100      424.600
   115:        0.500      104.100       21.100       22.100      359.100
   120:      667.100      117.100       39.100        0.200        0.700
   125:        0.800      509.100       10.100       20.100       69.100
   130:       43.100      110.100        8.100       45.100        1.600
   135:        0.500       30.100      813.100        0.200        0.700
   140:        0.800      449.600        0.500       64.100       12.100
   145:       77.600        0.500      549.100       11.100       11.100
   150:       10.100      519.100       24.100        9.100      500.600
   155:        0.500        1.600        0.500       58.100        0.200
   160:        0.700        0.800      841.100       83.100       17.100
   165:       18.100     1121.100       24.100      171.100       20.600
   170:        0.500       34.100      322.600        0.500        2.600
   175:        0.500      108.100        2.100        0.200        0.700
   180:        0.800      463.100       16.100        8.100      415.100
   185:        6.100        5.100        3.100      152.100       19.100
   190:        3.600        0.500        4.600        0.500        3.600
   195:        0.500      177.100        0.200        0.700        0.800
   200:      906.600        0.500        2.600        0.500        3.600
   205:        0.500      590.100        1.100      154.100       20.100
   210:       40.100      181.100       49.100      375.100        9.100
   215:      380.100        0.200        0.700        0.800      565.100
   220:        1.600        0.500        0.600        0.500      104.100
   225:      262.600        0.500       28.100     1028.100       18.100
   230:       16.100      139.100       38.600        0.500        0.600
   235:        0.500       47.100       18.600        0.500       12.100
   240:       67.100        0.200        0.700        0.800     5222.100
   245:        2.100        4.100       13.100      322.100       51.100
   250:        6.100       75.100       59.100      567.600        0.500
   255:      775.100        0.200        0.700        0.800      788.100
   260:       63.100       86.100       20.100       27.100        8.100
   265:       18.100        3.100      790.100      284.100        0.200
   270:        0.700        0.800     1167.100      153.100      657.100
   275:      459.100       34.100     1923.100      203.100        2.100
   280:      159.100      232.100        0.200        0.700        0.800
   285:     1707.100      104.100      234.100     1298.100        7.100
   290:      190.100       20.100      201.100       65.100       37.100
   295:        0.200        0.700        0.800      818.100      107.100
   300:      222.100      315.100      201.100       43.600        0.500
   305:        3.600        0.500      352.100       37.100        9.100
   310:       96.100      726.600        0.500       19.100        0.200
   315:        0.700        0.800      768.100       35.100      237.600
   320:        0.500        6.100        5.100       60.100        3.600
   325:        0.500       10.100       21.100       18.100       37.100
   330:       10.100        0.200        0.700        0.800     1593.100
   335:       85.100       13.100      536.100      337.100      147.100
   340:     2473.100        5.100      149.600        0.500     3165.100
   345:      362.100        0.200        0.700        0.800      516.100
   350:     1537.100       48.100        5.100      158.100      725.600
   355:        0.500       96.100        2.100       66.100       28.100
   360:      216.100        0.200        0.700        0.800      815.100
   365:       81.600        0.500      348.100       15.100       10.100
   370:       60.100      210.100      239.100        4.100       25.100
   375:     1031.100        0.200        0.700        0.800      635.100
   380:       64.100      309.100       14.100       66.100       11.100
   385:      258.100      174.100      282.600        0.500      557.100
   390:      191.100        0.200        0.700        0.800      498.100
   395:       17.100     4335.100        9.100       84.600        0.500
   400:       42.100        7.100       28.100        8.100       51.100
   405:        1.100        0.200        0.700        0.800      257.100
   410:       25.100       16.100       43.100      305.100       23.100
   415:      177.100       26.100      832.100      279.100        0.200
   420:        0.700        0.800      179.100      858.100      203.100
   425:        9.100       13.100      240.100       28.100     1024.100
   430:       14.100        8.100        0.200        0.700        0.800
   435:      367.100        7.100     2892.600        0.500        3.600
   440:        0.500      275.100      242.100       40.600        0.500
   445:       53.100       63.100        2.100      604.100      393.100
   450:     1259.600        0.500      105.100        0.200        0.700
   455:        0.800      610.100        2.100        9.100       13.100
   460:      138.100       45.100      247.100      182.100      113.100
   465:       26.100        0.200        0.700        0.800      320.100
   470:       87.100       11.100        7.100       38.100     6483.100
   475:       21.100       13.100       94.100       58.100        0.200
   480:        0.700        0.800      822.100        3.100      447.100
   485:       13.100       24.100      996.100     1243.100       22.100
   490:       10.100        8.100        0.200        0.700        0.800
   495:     2866.100       45.100       31.100       81.100      331.600
   500:        0.500      300.100       58.100       68.100       72.100
   505:       27.100     1871.600        0.500       44.100        0.200
   510:        0.700        0.800      145.300
G:
     0:       10.660       11.350       32.170       48.210       51.680
     5:       53.890       54.970      152.620      196.990      255.680
    10:      337.130      337.470      340.660      344.380      346.130
    15:      463.970      467.540      532.450      533.800      592.680
    20:      707.620      710.360      855.590      857.090      942.970
    25:      945.310      950.310      951.790      966.400     1043.920
    30:     1299.030     1300.300     1380.710     1381.850     1385.200
    35:     1455.070     1459.350     1545.730     1567.940     1570.560
    40:     1651.190     1655.990     1691.020     1704.490     1706.380
    45:     1791.780     1809.410     1809.660     1815.360     1830.920
    50:     1914.800     1917.060     1936.370     1989.150     1991.260
    55:     1993.430     2029.350     2096.020     2107.720     2111.650
    60:     2162.510     2163.530     2165.520     2172.420     2176.710
    65:     2187.720     2188.580     2193.040     2196.170     2277.450
    70:     2328.760     2329.930     2392.510     2393.610     2394.780
    75:     2395.720     2447.590     2450.040     2450.890     2506.880
    80:     2590.980     2599.190     2600.900     2602.690     2714.820
    85:     2717.280     2734.340     2739.730     2782.900     2783.110
    90:     2829.480     2831.010     2831.800     2873.360     2873.960
    95:     2874.480     2874.700     2889.920     2891.800     2910.540
   100:     3060.590     3060.700     3076.130     3078.170     3082.100
   105:     3100.190     3105.160     3142.620     3143.490     3181.520
   110:     3238.020     3248.510     3277.570     3380.300     3382.100
   115:     3383.750     3397.650     3406.150     3409.110     3415.880
   120:     3938.080     3938.260     3938.620     3939.940     3972.180
   125:     3977.190     3977.840     3985.360     3991.270     4125.480
   130:     4204.260     4210.570     4219.110     4221.100     4223.840
   135:     4224.610     4226.420     4226.770     4305.720     4334.090
   140:     4450.790     4466.180     4531.800     4577.750     4581.120
   145:     4773.440     4793.710     4793.920     4809.830     4833.080
   150:     5003.690     5014.100     5037.500     5167.360     5168.030
   155:     5187.030     5189.080     5209.110     5215.590     5219.380
   160:     5301.090     5311.860     5334.020     5365.580     5385.650
   165:     5425.390     5429.130     5430.070     5439.610     5514.150
   170:     5590.900     5594.400     5618.770     5619.270     5625.200
   175:     5626.580     5628.650     5630.460     5634.100     5635.130
   180:     5794.400     5802.980     5804.270     5857.840     5891.500
   185:     5906.270     6153.580     6154.040     6485.410     6521.650
   190:     6573.260     6726.920     6731.780     6732.260     6748.010
   195:     6830.120     6830.360     6836.900     6839.700     6861.310
   200:     6942.870     6985.720     6987.240     6988.280     6994.230
   205:     7015.280     7039.170     7039.500     7042.040     7145.120
   210:     7208.640     7215.080     7245.970     7247.380     7253.940
   215:     7254.990     7280.790     7298.250     7382.150     7401.190
   220:     7451.000     7452.690     7886.190     7887.170     7899.740
   225:     7900.390     7903.190     7904.060     7909.090     7909.270
   230:     7934.920     7937.430     7939.030     7943.290     7973.820
   235:     7976.100     7993.810     7996.430     8079.620     8107.570
   240:     8125.440     8211.260     8231.580     8232.430     8233.710
   245:     8257.690     8260.530     8362.900     8364.340     8365.140
   250:     8401.860     8402.500     8719.510     8743.720     8753.050
   255:     8759.340     8759.580     8819.960     8859.240     8995.680
   260:     9056.600     9056.860     9057.740     9058.990     9072.880
   265:     9077.350     9102.080     9120.280     9131.580     9134.100
   270:     9166.160     9174.870     9175.900     9176.600     9180.460
   275:     9828.740     9830.870     9832.110     9841.530     9847.320
   280:     9929.580     9929.800     9974.490     9975.830     9978.270
   285:    10077.810    10202.090    10204.380    10205.370    10206.160
   290:    10492.730    10497.270    10500.290    10508.430    10571.550
   295:    10577.320    10584.170    10591.340    10594.010    10785.500
H:
     0:       33.960      155.560      156.370      190.180      190.560
     5:      210.550      217.190      330.410      460.900      526.230
    10:      719.700      720.520     1291.900     1300.590     1309.370
    15:     1328.490     1461.090     1462.080     1585.630     1734.790
    20:     1811.550     1921.880     1978.720     2193.170     2322.380
    25:     2337.650     2500.960     2501.000     2736.290     2771.950
    30:     2772.140     2892.120     2892.530     2892.800     3001.110
    35:     3001.370     3001.640     3238.110     3238.150     3274.780
    40:     3401.420     3401.450     3407.890     4047.960     5389.930
    45:     5390.250     5512.250     5618.130     5625.490     6168.900
    50:     6820.500     6950.910     7326.440     7895.510     8691.770
    55:     8692.040     8747.720     8985.150    10541.540    10781.120
M:
     0:       10.660       11.350       32.170       48.210       51.680
     5:       53.890       54.970      152.620      196.990      255.680
    10:      337.130      337.470      340.660      344.380      346.130
    15:      463.970      467.540      532.450      533.800      592.680
    20:      707.620      710.360      855.590      857.090      942.970
    25:      945.310      950.310      951.790      966.400     1043.920
    30:     1299.030     1300.300     1380.710     1381.850     1385.200
    35:     1455.070     1459.350     1545.730     1567.940     1570.560
    40:     1651.190     1655.990     1691.020     1704.490     1706.380
    45:     1791.780     1809.410     1809.660     1815.360     1830.780
    50:     1914.800     1917.060     1936.370     1989.150     1991.260
    55:     1993.430     2029.350     2096.020     2107.720     2111.650
    60:     2162.510     2163.530     2165.520     2172.420     2176.710
    65:     2187.720     2188.580     2193.040     2196.170     2277.450
    70:     2328.760     2329.930     2392.510     2393.610     2394.780
    75:     2395.720     2447.590     2450.040     2450.890     2506.880
    80:     2590.980     2599.190     2600.900     2602.690     2714.820
    85:     2717.280     2734.340     2739.730     2782.900     2783.110
    90:     2829.480     2831.010     2831.800     2873.360     2873.960
    95:     2874.480     2874.700     2889.920     2891.800     2910.540
   100:     3060.590     3060.700     3076.130     3078.170     3082.100
   105:     3100.190     3105.160     3142.620     3143.490     3181.520
   110:     3238.020     3248.510     3277.570     3380.300     3382.100
   115:     3383.750     3397.650     3406.150     3409.110     3415.880
   120:     3938.080     3938.260     3938.620     3939.940     3972.180
   125:     3977.190     3977.840     3985.360     3991.270     4125.480
   130:     4204.260     4210.570     4219.110     4221.100     4223.840
   135:     4224.610     4226.420     4226.770     4305.720     4334.090
   140:     4450.790     4466.180     4531.800     4577.750     4581.120
   145:     4773.440     4793.710     4793.920     4809.830     4833.080
   150:     5003.690     5014.100     5037.500     5167.360     5168.030
   155:     5187.030     5189.080     5209.110     5215.590     5219.380
   160:     5301.090     5311.860     5334.020     5365.580     5385.650
   165:     5425.390     5429.130     5430.070     5439.610     5514.150
   170:     5590.900     5594.400     5618.770     5619.270     5625.200
   175:     5626.580     5628.650     5630.460     5634.100     5635.130
   180:     5794.400     5802.980     5804.270     5857.840     5891.500
   185:     5906.270     6153.580     6154.040     6485.410     6521.650
   190:     6573.260     6726.920     6731.780     6732.260     6748.010
   195:     6830.120     6830.360     6836.900     6839.700     6861.310
   200:     6942.870     6985.720     6987.240     6988.280     6994.230
   205:     7015.280     7039.170     7039.500     7042.040     7145.120
   210:     7208.640     7215.080     7245.970     7247.380     7253.940
   215:     7254.990     7280.790     7298.250     7382.150     7401.190
   220:     7451.000     7452.690     7886.190     7887.170     7899.740
   225:     7900.390     7903.190     7904.060     7909.090     7909.270
   230:     7934.920     7937.430     7939.030     7943.290     7973.820
   235:     7976.100     7993.810     7996.430     8079.620     8107.570
   240:     8125.440     8211.260     8231.580     8232.430     8233.710
   245:     8257.690     8260.530     8362.900     8364.340     8365.140
   250:     8401.860     8402.500     8719.510     8743.720     8753.050
   255:     8759.340     8759.580     8819.960     8859.240     8995.680
   260:     9056.600     9056.860     9057.740     9058.990     9072.880
   265:     9077.350     9102.080     9120.280     9131.580     9134.100
   270:     9166.160     9174.870     9175.900     9176.600     9180.460
   275:     9828.740     9830.870     9832.110     9841.530     9847.320
   280:     9929.580     9929.800     9974.490     9975.830     9978.270
   285:    10077.810    10202.090    10204.380    10205.370    10206.160
   290:    10492.730    10497.270    10500.290    10508.430    10571.550
   295:    10577.320    10584.170    10591.340    10594.010    10785.500
N:
     0:       33.960      155.560      156.370      190.180      190.560
     5:      210.550      217.190      330.410      460.900      526.230
    10:      719.700      720.520     1291.900     1300.590     1309.370
    15:     1328.490     1461.090     1462.080     1585.630     1734.790
    20:     1811.550     1921.880     1978.720     2193.170     2322.380
    25:     2337.650     2500.960     2501.000     2736.290     2771.950
    30:     2772.140     2892.120     2892.530     2892.800     3001.110
    35:     3001.370     3001.640     3238.110     3238.150     3274.780
    40:     3401.420     3401.450     3407.890     4047.960     5389.930
    45:     5390.250     5512.250     5618.130     5625.490     6168.900
    50:     6820.500     6950.910     7326.440     7895.510     8691.770
    55:     8692.040     8747.720     8985.150    10541.540    10781.120
O:
     0:     1830.920
P:
Q:
     0:        0.000   209853.000   153418.000    55082.000      300.000
     5:       60.000        1.000        0.000
\Box3_Comments:



Start Date: 03/06/23
End Date: 03/06/23
Subject: 4
Experiment: heroinSA
Group: heroin
Box: 4
Start Time: 12:04:00
End Time: 15:19:46
MSN: FR_SCRIPT_box4
D:       0.813
E:       0.188
F:       6.000
I:     115.000
J:       0.000
K:   10800.010
L:       5.000
R:       0.000
S:       0.000
T:   20731.000
U:       0.000
V:       1.000
W:       0.000
X:       0.000
Y:       0.000
Z:       0.000
A:
     0:        2.000        3.000      500.000     1000.000      180.000
     5:       10.000        1.000        1.000        1.000        0.000
    10:      284.000        0.000
B:
     0:       80.000       65.000       15.000        0.000        0.000
     5:        0.000        0.000
C:
     0:        0.500     1053.100        1.100      437.100       60.100
     5:        5.100      448.100        5.100        7.100       37.100
    10:       33.600        0.500        0.600        0.500        3.600
    15:        0.500      534.600        0.500       78.100        0.200
    20:        0.700        0.800      140.100       13.100        7.100
    25:        4.100        4.100        2.100        9.100        1.100
    30:     1005.100        2.100        0.200        0.700        0.800
    35:     1160.600        0.500      619.600        0.500       40.100
    40:        5.100      225.100     2805.100      382.600        0.500
    45:      151.600        0.500     2392.100        8.100     2849.100
    50:       45.100      423.600        0.500      228.100       17.100
    55:        0.200        0.700        0.800      108.100     1203.600
    60:        0.500     1733.600        0.500     3661.100     1204.100
    65:       60.600        0.500      761.100      233.100        4.100
    70:      947.100     1422.600        0.500     2289.100        4.100
    75:       12.100        0.200        0.700        0.800     1467.100
    80:      645.600        0.500      419.100     1282.100       22.100
    85:       12.100       14.100       26.100       33.100       31.100
    90:        4.100        0.200        0.700        0.800     9633.100
    95:        6.100        6.100        2.100     2844.100       34.100
   100:      476.100        3.100       25.100       21.100        0.200
   105:        0.700        0.800    16095.100    15414.100     6006.600
   110:        0.500     3754.100       59.100       58.100    20731.300
G:
     0:      105.350      105.470      149.090      155.180      155.610
     5:      200.420      200.980      201.660      205.310      270.160
    10:      284.140      285.460      286.120      286.490      286.960
    15:      287.180      288.020      288.180      388.590      388.810
    20:      570.780      571.200      593.770      874.280     1166.770
    25:     1167.570     1452.470     1456.950     1522.040     1523.770
    30:     1534.580     2194.280     2314.600     2396.740     2420.000
    35:     2420.440     2515.150     2886.200     2886.680     2887.860
    40:     3034.570     3140.890     3269.180     3271.360     3272.510
    45:     3273.920     3276.510     3279.870     3282.930     3283.330
    50:     4246.620     4247.220     4247.840     4247.990     4532.420
    55:     4535.870     4583.450     4583.690     4586.200     4588.380
    60:     6197.860     7739.190     8715.240     8721.100     8726.890
H:
     0:      208.590      208.680      208.950      262.330      504.840
     5:      566.730      912.390      927.530     1499.210     1654.810
    10:     1828.140     2320.640     2657.330     3099.020     8339.830
M:
     0:      105.350      105.470      149.090      155.180      155.610
     5:      200.420      200.980      201.660      205.310      270.160
    10:      284.140      285.460      286.120      286.490      286.960
    15:      287.180      288.020      288.180      388.590      388.810
    20:      570.780      571.200      593.770      874.280     1166.770
    25:     1167.570     1452.470     1456.950     1522.040     1523.770
    30:     1534.580     2194.280     2314.600     2396.740     2420.000
    35:     2420.440     2515.150     2886.200     2886.680     2887.860
    40:     3034.570     3140.890     3269.180     3271.360     3272.510
    45:     3273.920     3276.510     3279.870     3282.930     3283.330
    50:     4246.620     4247.220     4247.840     4247.990     4532.420
    55:     4535.870     4583.450     4583.690     4586.200     4588.380
    60:     6197.860     7739.190     8715.240     8721.100     8726.890
N:
     0:      208.590      208.680      208.950      262.330      504.840
     5:      566.730      912.390      927.530     1499.210     1654.810
    10:     1828.140     2320.640     2657.330     3099.020     8339.830
O:
P:
Q:
     0:   200436.000   251994.000    92562.000    28661.000       65.000
     5:       15.000        0.000        0.000
\Box4_Comments:



Start Date: 03/06/23
End Date: 03/06/23
Subject: 11
Experiment: heroinSA
Group: saline
Box: 11
Start Time: 12:04:00
End Time: 15:19:46
MSN: FR_SCRIPT_5choice
D:       0.122
E:       0.878
F:       0.000
I:      79.000
J:       0.000
K:   10800.010
L:       5.000
R:       0.000
S:       0.000
T:     825.000
U:       0.000
V:       0.000
W:       0.000
X:       0.000
Y:       0.000
Z:       0.000
A:
     0:        1.000        3.000      500.000     1000.000      180.000
     5:       10.000        1.000        1.000        2.000        0.000
    10:      268.000        0.000
B:
     0:       41.000        5.000       36.000        0.000        0.000
     5:        0.000        0.000
C:
     0:        0.500      539.600        0.500     2010.600        0.500
     5:        5.600        0.500     6670.600        0.500     2128.600
    10:        0.500       88.600        0.500     7069.100       14.100
    15:      953.600        0.500      158.600        0.500      127.600
    20:        0.500     9434.600        0.500       30.600        0.500
    25:        3.600        0.500       24.600        0.500      241.600
    30:        0.500      359.600        0.500      113.600        0.500
    35:     4148.600        0.500      128.600        0.500       10.600
    40:        0.500      743.600        0.500     8577.600        0.500
    45:     2305.600        0.500     1769.600        0.500       48.600
    50:        0.500     6168.600        0.500     1541.600        0.500
    55:      193.600        0.500     1879.600        0.500      511.600
    60:        0.500      455.600        0.500    22580.600        0.500
    65:     1051.600        0.500      258.600        0.500     6299.600
    70:        0.500    15695.100       27.100      170.100     1754.600
    75:        0.500      901.600        0.500      825.300
G:
     0:     1850.940     1852.300    10432.360    10435.070    10452.070
H:
     0:       53.960      254.890      255.460      922.390     1135.270
     5:     1144.030     1947.590     1963.410     1976.130     2919.500
    10:     2922.570     2922.870     2925.260     2949.340     2985.250
    15:     2996.570     3411.370     3424.140     3425.110     3499.420
    20:     4357.170     4587.600     4764.580     4769.320     5386.100
    25:     5540.220     5559.580     5747.420     5798.570     5844.030
    30:     8102.050     8207.130     8232.910     8862.820    10627.390
    35:    10717.550
M:
     0:     1850.940     1852.300    10432.360    10435.070    10452.070
N:
     0:       53.960      254.890      255.460      922.390     1135.270
     5:     1144.030     1947.590     1963.410     1976.130     2919.500
    10:     2922.570     2922.870     2925.260     2949.340     2985.250
    15:     2996.570     3411.370     3424.140     3425.110     3499.420
    20:     4357.170     4587.600     4764.580     4769.320     5386.100
    25:     5540.220     5559.580     5747.420     5798.570     5844.030
    30:     8102.050     8207.130     8232.910     8862.820    10627.390
    35:    10717.550
O:
P:
Q:
     0:        0.000        0.000        0.000        0.000        5.000
     5:       36.000        0.000        0.000
\Box11_Comments:



Start Date: 03/06/23
End Date: 03/06/23
Subject: 12
Experiment: heroinSA
Group: saline
Box: 12
Start Time: 12:04:00
End Time: 15:19:46
MSN: FR_SCRIPT_5choice
D:       0.630
E:       0.370
F:       1.000
I:      42.000
J:       0.000
K:   10800.010
L:       7.000
R:       0.000
S:       0.000
T:   28945.000
U:       0.000
V:       0.000
W:       0.000
X:       0.000
Y:       0.000
Z:       0.000
A:
     0:        2.000        3.000      500.000     1000.000      180.000
     5:       10.000        1.000        1.000        2.000        0.000
    10:      275.000        0.000
B:
     0:       27.000       17.000       10.000        0.000        0.000
     5:        0.000        0.000
C:
     0:        0.500      166.100        2.100      187.100      788.100
     5:     4912.100       44.100       10.100     2429.600        0.500
    10:      382.100     1998.100     3121.600        0.500     2914.600
    15:        0.500      138.100        0.200        0.700        0.800
    20:      978.600        0.500       15.600        0.500       25.100
    25:       17.100      387.600        0.500     5430.100     8164.100
    30:       48.100        3.100    11190.600        0.500       93.600
    35:        0.500    25157.100    10448.600        0.500        9.600
    40:        0.500    28945.300
G:
     0:       16.670       16.870       35.490      114.330      605.560
     5:      609.910      610.970      892.070     1091.850     1709.140
    10:     1810.960     1812.660     2394.360     3210.770     3215.570
    15:     3215.830     6859.850
H:
     0:      853.800     1403.970     1695.350     1806.930     1808.470
     5:     1851.370     4334.870     4344.140     7904.640     7905.500
M:
     0:       16.670       16.870       35.490      114.330      605.560
     5:      609.910      610.970      892.070     1091.850     1709.140
    10:     1810.960     1812.660     2394.360     3210.770     3215.570
    15:     3215.830     6859.850
N:
     0:      853.800     1403.970     1695.350     1806.930     1808.470
     5:     1851.370     4334.870     4344.140     7904.640     7905.500
O:
P:
Q:
     0:        0.000        0.000        0.000        0.000       17.000
     5:       10.000        0.000        0.000
\Box12_Comments:



Start Date: 03/06/23
End Date: 03/06/23
Subject: 13
Experiment: heroinSA
Group: saline
Box: 13
Start Time: 12:04:00
End Time: 15:19:46
MSN: FR_SCRIPT_5choice
D:       0.286
E:       0.714
F:       0.000
I:      38.000
J:       0.000
K:   10800.010
L:       6.000
R:       0.000
S:       0.000
T:    6831.000
U:       0.000
V:       0.000
W:       0.000
X:       0.000
Y:       0.000
Z:       0.000
A:
     0:        1.000        3.000      500.000     1000.000      180.000
     5:       10.000        1.000        1.000        2.000        0.000
    10:      266.000        0.000
B:
     0:       21.000        6.000       15.000        0.000        0.000
     5:        0.000        0.000
C:
     0:        0.500      472.100        3.100      348.600        0.500
     5:      141.600        0.500     1355.600        0.500        2.600
    10:        0.500       78.600        0.500       15.100      323.600
    15:        0.500     2669.100      488.600        0.500        5.600
    20:        0.500    13214.600        0.500        7.600        0.500
    25:       48.600        0.500    68738.100    12443.600        0.500
    30:       61.600        0.500      306.600        0.500       34.600
    35:        0.500      419.100     6831.300
G:
     0:       47.270       47.540      241.390      540.680     8790.680
     5:    10116.970
H:
     0:       82.310       96.470      231.920      232.110      239.940
     5:      273.780      589.410      589.940     1911.380     1912.040
    10:     1916.790    10034.910    10041.070    10071.610    10075.070
M:
     0:       47.270       47.540      241.390      540.680     8790.680
     5:    10116.970
N:
     0:       82.310       96.470      231.920      232.110      239.940
     5:      273.780      589.410      589.940     1911.380     1912.040
    10:     1916.790    10034.910    10041.070    10071.610    10075.070
O:
P:
Q:
     0:        0.000        0.000        0.000        0.000        6.000
     5:       15.000        0.000        0.000
\Box13_Comments:



Start Date: 03/06/23
End Date: 03/06/23
Subject: 14
Experiment: heroinSA
Group: saline
Box: 14
Start Time: 12:04:00
End Time: 15:19:46
MSN: FR_SCRIPT_5choice
D:       0.500
E:       0.500
F:       0.000
I:      14.000
J:       0.000
K:   10800.010
L:       4.000
R:       0.000
S:       0.000
T:   82627.000
U:       0.000
V:       0.000
W:       0.000
X:       0.000
Y:       0.000
Z:       0.000
A:
     0:        2.000        3.000      500.000     1000.000      180.000
     5:       10.000        1.000        1.000        2.000        0.000
    10:      300.000        0.000
B:
     0:        8.000        4.000        4.000        0.000        0.000
     5:        0.000        0.000
C:
     0:        0.500     4014.100       47.600        0.500       67.100
     5:     5518.100    14754.100      908.600        0.500       56.600
    10:        0.500        9.600        0.500    82627.300
G:
     0:      401.450      412.820      964.590     2440.080
H:
     0:      406.160     2530.800     2536.450     2537.360
M:
     0:      401.450      412.820      964.590     2440.080
N:
     0:      406.160     2530.800     2536.450     2537.360
O:
P:
Q:
     0:        0.000        0.000        0.000        0.000        4.000
     5:        4.000        0.000        0.000
\Box14_Comments:



Start Date: 03/06/23
End Date: 03/06/23
Subject: 15
Experiment: heroinSA
Group: saline
Box: 15
Start Time: 12:04:00
End Time: 15:19:46
MSN: FR_SCRIPT_5choice
D:       0.667
E:       0.333
F:       0.000
I:       6.000
J:       0.000
K:   10800.010
L:       2.000
R:       0.000
S:       0.000
T:     391.000
U:       0.000
V:       0.000
W:       0.000
X:       0.000
Y:       0.000
Z:       0.000
A:
     0:        1.000        3.000      500.000     1000.000      180.000
     5:       10.000        1.000        1.000        2.000        0.000
    10:      284.000        0.000
B:
     0:        3.000        2.000        1.000        0.000        0.000
     5:        0.000        0.000
C:
     0:        0.500     2060.600        0.500     3879.100   101670.100
     5:      391.300
G:
     0:      593.890    10760.920
H:
     0:      205.990
M:
     0:      593.890    10760.920
N:
     0:      205.990
O:
P:
Q:
     0:        0.000        0.000        0.000        0.000        2.000
     5:        1.000        0.000        0.000
\Box15_Comments:
