File: C:\Users\hurdlab\Desktop\data_rme\JS\heroinSA\20230214\ heroinSA_FR1_roomE_20230302



Start Date: 03/02/23
End Date: 03/02/23
Subject: 1
Experiment: heroinSA
Group: heroin
Box: 1
Start Time: 12:18:03
End Time: 15:20:56
MSN: FR_SCRIPT
D:       0.667
E:       0.333
F:      11.000
I:     147.000
J:       0.000
K:   10800.010
L:       1.000
R:       0.000
S:       0.000
T:     660.000
U:       0.000
V:       0.000
W:       0.000
X:       0.000
Y:       1.000
Z:       0.000
A:
     0:        1.000        3.000      500.000     1000.000      180.000
     5:        5.000        1.000        1.000        1.000        0.000
    10:      295.000        0.000
B:
     0:       84.000       56.000       28.000        0.000        0.000
     5:        0.000        0.000
C:
     0:        0.500        6.100      732.100     1246.100      118.100
     5:      298.100        0.200        0.700        0.800     5344.100
    10:      225.100      863.100     2424.100      827.100        0.200
    15:        0.700        0.800      628.100        3.100     2831.100
    20:      364.100       85.100        0.200        0.700        0.800
    25:      520.100       15.100      403.100       39.600        0.500
    30:     1649.600        0.500      248.100       86.100        0.200
    35:        0.700        0.800      325.100     7589.600        0.500
    40:      292.100      169.600        0.500       19.600        0.500
    45:        8.600        0.500        2.600        0.500       90.600
    50:        0.500       76.600        0.500        1.600        0.500
    55:        0.600        0.500     2619.100     4014.100      206.100
    60:        0.200        0.700        0.800      483.100       37.600
    65:        0.500        4.600        0.500      453.600        0.500
    70:        2.600        0.500      475.600        0.500       14.600
    75:        0.500     1204.100      338.100       32.600        0.500
    80:        2.600        0.500       22.100        1.600        0.500
    85:      118.100        0.200        0.700        0.800     3046.100
    90:      341.100       16.100     6534.100      265.100        0.200
    95:        0.700        0.800      659.600        0.500      350.600
   100:        0.500       15.600        0.500     1538.600        0.500
   105:     1069.100     5521.100       32.100     3322.100       22.100
   110:        0.200        0.700        0.800     6229.100     5107.100
   115:      597.100      303.600        0.500       12.600        0.500
   120:     5149.100      264.100        0.200        0.700        0.800
   125:     1811.100       89.100       27.100     8240.100     1609.100
   130:        0.200        0.700        0.800     2284.100     1327.600
   135:        0.500     5572.100      393.100     2808.100      147.100
   140:        0.200        0.700        0.800      321.600        0.500
   145:     4772.100      660.300
G:
     0:        0.640       73.860      198.390      210.220      239.990
     5:      774.410      796.890      883.250     1125.660     1208.340
    10:     1271.130     1271.460     1554.540     1590.900     1599.470
    15:     1651.430     1652.900     1693.230     1886.830     1895.440
    20:     1927.900     2716.030     3014.430     3415.790     3436.480
    25:     3484.770     3703.640     3737.460     3742.990     3754.930
    30:     4059.490     4093.630     4095.250     4748.590     4775.120
    35:     5138.190     5690.340     5693.500     6025.730     6027.930
    40:     6650.880     7161.520     7221.190     7767.660     7794.050
    45:     7975.100     7984.000     7986.740     8810.710     8971.590
    50:     9200.070     9889.930     9929.220    10210.060    10224.730
    55:    10734.010
H:
     0:     1697.180     1862.010     2686.880     2732.980     2734.850
     5:     2735.680     2735.870     2744.880     2752.440     2752.490
    10:     2752.540     3488.460     3488.840     3534.150     3534.340
    15:     3581.810     3583.230     3740.680     3740.880     3743.100
    20:     4841.050     4875.990     4877.500     5031.370     7251.540
    25:     7252.780     9332.770    10256.880
M:
     0:        0.640       73.860      198.390      210.220      239.990
     5:      774.410      796.890      883.250     1125.660     1208.340
    10:     1271.130     1271.460     1554.540     1590.900     1599.470
    15:     1651.430     1652.900     1693.230     1886.830     1895.440
    20:     1927.900     2716.030     3014.430     3415.790     3436.480
    25:     3484.770     3703.640     3737.460     3742.990     3754.930
    30:     4059.490     4093.630     4095.250     4748.590     4775.120
    35:     5138.190     5690.340     5693.500     6025.730     6027.930
    40:     6650.880     7161.520     7221.190     7767.660     7794.050
    45:     7975.100     7984.000     7986.740     8810.710     8971.590
    50:     9200.070     9889.930     9929.220    10210.060    10224.730
    55:    10734.010
N:
     0:     1697.180     1862.010     2686.880     2732.980     2734.850
     5:     2735.680     2735.870     2744.880     2752.440     2752.490
    10:     2752.540     3488.460     3488.840     3534.150     3534.340
    15:     3581.810     3583.230     3740.680     3740.880     3743.100
    20:     4841.050     4875.990     4877.500     5031.370     7251.540
    25:     7252.780     9332.770    10256.880
O:
P:
Q:
     0:   139209.000   273353.000   186305.000    60313.000       56.000
     5:       28.000        0.000        0.000
\Box1_Comments:



Start Date: 03/02/23
End Date: 03/02/23
Subject: 2
Experiment: heroinSA
Group: heroin
Box: 2
Start Time: 12:18:03
End Time: 15:20:56
MSN: FR_SCRIPT
D:       0.931
E:       0.069
F:      16.000
I:     143.000
J:       0.000
K:   10800.010
L:       1.000
R:       0.000
S:       0.000
T:     312.000
U:       0.000
V:       1.000
W:       1.000
X:       0.000
Y:       0.000
Z:       0.000
A:
     0:        2.000        3.000      500.000     1000.000      180.000
     5:        5.000        1.000        1.000        1.000        0.000
    10:      268.000        0.000
B:
     0:       87.000       81.000        6.000        0.000        0.000
     5:        0.000        0.000
C:
     0:        0.500       31.600        0.500       79.100        2.100
     5:        2.100     1004.600        0.500       39.100      315.100
    10:        0.200        0.700        0.800      107.100      907.600
    15:        0.500      271.100      550.100     1240.100      158.100
    20:        0.200        0.700        0.800      613.100        9.100
    25:        3.100        6.100      179.100        0.200        0.700
    30:        0.800     2171.100       59.100     3509.100      244.100
    35:      260.100        0.200        0.700        0.800     2158.100
    40:        6.100      251.100       12.100        5.100        0.200
    45:        0.700        0.800     2736.100     2449.100      229.100
    50:     1830.100     2373.100        0.200        0.700        0.800
    55:     6511.100      114.100      103.100      371.100       19.100
    60:        0.200        0.700        0.800      185.100     2825.100
    65:      240.600        0.500      163.100      650.100     2360.100
    70:        0.200        0.700        0.800      255.100        8.100
    75:      139.100        6.100        2.100        0.200        0.700
    80:        0.800     4852.100       75.100     1888.100        3.100
    85:     3890.100        0.200        0.700        0.800     2288.100
    90:      514.100      153.100     6731.100      372.100        0.200
    95:        0.700        0.800     1547.100     2481.100     1278.600
   100:        0.500       70.100      288.100     3959.100        0.200
   105:        0.700        0.800      207.100     3177.100     1375.100
   110:     5088.100      111.100        0.200        0.700        0.800
   115:      319.100       24.100     6003.600        0.500      911.100
   120:      557.100     1239.100        0.200        0.700        0.800
   125:     4619.100     1790.100     4713.100       15.100       21.100
   130:        0.200        0.700        0.800     4115.100      295.100
   135:       29.100     4766.100        6.100        0.200        0.700
   140:        0.800      161.100      312.300
G:
     0:       11.070       11.220       11.450      115.780      147.250
     5:      157.960      275.730      330.730      454.720      470.570
    10:      531.800      532.740      533.050      533.610      551.550
    15:      768.660      774.580     1125.450     1149.800     1175.810
    20:     1391.590     1392.250     1417.300     1418.580     1419.040
    25:     1692.620     1937.540     1960.390     2143.430     2380.690
    30:     3031.840     3043.250     3053.580     3090.680     3092.500
    35:     3111.010     3393.580     3433.850     3498.800     3734.870
    40:     3760.340     3761.140     3775.020     3775.590     3775.800
    45:     4261.070     4268.560     4457.290     4457.680     4846.630
    50:     5075.400     5126.830     5142.100     5815.250     5852.440
    55:     6007.150     6255.260     6389.990     6418.870     6814.770
    60:     6835.470     7153.120     7290.670     7799.430     7810.580
    65:     7842.400     7844.800     8536.210     8591.920     8715.850
    70:     9177.730     9356.740     9828.010     9829.490     9831.620
    75:    10243.160    10272.670    10275.500    10752.180    10752.720
    80:    10768.830
H:
     0:        3.150      111.880      248.620     3417.520     6383.000
     5:     8445.140
M:
     0:       11.070       11.220       11.450      115.780      147.250
     5:      157.960      275.730      330.730      454.720      470.570
    10:      531.800      532.740      533.050      533.610      551.550
    15:      768.660      774.580     1125.450     1149.800     1175.810
    20:     1391.590     1392.250     1417.300     1418.580     1419.040
    25:     1692.620     1937.540     1960.390     2143.430     2380.690
    30:     3031.840     3043.250     3053.580     3090.680     3092.500
    35:     3111.010     3393.580     3433.850     3498.800     3734.870
    40:     3760.340     3761.140     3775.020     3775.590     3775.800
    45:     4261.070     4268.560     4457.290     4457.680     4846.630
    50:     5075.400     5126.830     5142.100     5815.250     5852.440
    55:     6007.150     6255.260     6389.990     6418.870     6814.770
    60:     6835.470     7153.120     7290.670     7799.430     7810.580
    65:     7842.400     7844.800     8536.210     8591.920     8715.850
    70:     9177.730     9356.740     9828.010     9829.490     9831.620
    75:    10243.160    10272.670    10275.500    10752.180    10752.720
    80:    10768.830
N:
     0:        3.150      111.880      248.620     3417.520     6383.000
     5:     8445.140
O:
P:
Q:
     0:   174588.000   237021.000   168650.000    92541.000       81.000
     5:        6.000        0.000        0.000
\Box2_Comments:



Start Date: 03/02/23
End Date: 03/02/23
Subject: 5
Experiment: heroinSA
Group: heroin
Box: 5
Start Time: 12:18:03
End Time: 15:23:56
MSN: FR_SCRIPT
D:       0.916
E:       0.084
F:      19.000
I:     175.000
J:       0.000
K:   10800.010
L:       3.000
R:       0.000
S:       0.000
T:     627.000
U:       0.000
V:       1.000
W:       0.000
X:       0.000
Y:       0.000
Z:       0.000
A:
     0:        1.000        3.000      500.000     1000.000      180.000
     5:        5.000        1.000        1.000        1.000        0.000
    10:      282.000        0.000
B:
     0:      107.000       98.000        9.000        0.000        0.000
     5:        0.000        0.000
C:
     0:        0.500      320.600        0.500        7.600        0.500
     5:       21.100      321.600        0.500       46.100        3.100
    10:      456.100        2.100        0.200        0.700        0.800
    15:      197.600        0.500      287.100       23.100       35.100
    20:       17.100        3.100        0.200        0.700        0.800
    25:      148.100       10.100        9.100       22.100      842.100
    30:        0.200        0.700        0.800     3274.600        0.500
    35:       25.100      368.100        4.100      994.600        0.500
    40:      287.100        5.100        0.200        0.700        0.800
    45:      105.100      265.100       26.100     1858.100      102.100
    50:        0.200        0.700        0.800      209.100     1022.100
    55:        4.100       23.100      512.100        0.200        0.700
    60:        0.800      452.100     7687.100        7.100        5.100
    65:        7.100        0.200        0.700        0.800     4571.100
    70:     2081.100      100.100      132.100        0.600        0.500
    75:        2.100        0.200        0.700        0.800     3911.600
    80:        0.500       12.100      935.100      296.100       10.100
    85:      119.100        0.200        0.700        0.800     3414.100
    90:      715.100     1645.100       14.100      494.100        0.200
    95:        0.700        0.800     5282.600        0.500     3766.100
   100:       47.100      947.100        8.100       20.100        0.200
   105:        0.700        0.800      157.100        3.100     9562.100
   110:       98.100       20.100        0.200        0.700        0.800
   115:     5006.100      212.100        5.100        5.100       25.100
   120:        0.200        0.700        0.800     4648.100       14.100
   125:       10.100       50.100     1361.100        0.200        0.700
   130:        0.800     5141.100        2.100      865.100      621.100
   135:      253.100        0.200        0.700        0.800     6415.100
   140:        8.100       32.100      728.100       66.100        0.200
   145:        0.700        0.800     5000.100       33.100        8.100
   150:      453.100       12.100        0.200        0.700        0.800
   155:     7507.100       17.100       30.100       14.100        7.100
   160:        0.200        0.700        0.800      197.100        5.100
   165:       27.100     3098.100        1.100        0.200        0.700
   170:        0.800     5617.100     1501.100        8.100      627.300
G:
     0:       34.810       71.490       71.810      117.420      117.670
     5:      166.020      168.380      171.810      173.550      173.850
    10:      188.650      189.660      190.580      192.710      276.890
    15:      606.790      643.670      644.080      772.120      772.630
    20:      783.110      809.620      812.240      998.060     1008.200
    25:     1029.090     1131.380     1131.690     1134.040     1185.230
    30:     1230.420     1999.170     1999.810     2000.320     2001.080
    35:     2458.130     2666.210     2676.190     2689.420     2689.650
    40:     3081.930     3175.390     3205.050     3206.050     3217.930
    45:     3559.340     3630.840     3795.340     3796.710     3846.160
    50:     4750.980     4755.630     4850.380     4851.180     4853.180
    55:     4868.790     4869.150     5825.380     5835.160     5837.160
    60:     6337.690     6358.940     6359.450     6359.970     6362.420
    65:     6827.200     6828.640     6829.650     6834.640     6970.780
    70:     7484.830     7485.040     7571.580     7633.670     7658.930
    75:     8300.390     8301.200     8304.400     8377.240     8383.810
    80:     8883.850     8887.180     8887.970     8933.260     8934.420
    85:     9685.120     9686.840     9689.880     9691.260     9691.940
    90:     9711.650     9712.160     9714.800    10024.600    10024.730
    95:    10586.390    10736.530    10737.380
H:
     0:       32.050       32.720       66.980      137.300      604.320
     5:      743.420     2689.430     3080.710     4374.290
M:
     0:       34.810       71.490       71.810      117.420      117.670
     5:      166.020      168.380      171.810      173.550      173.850
    10:      188.650      189.660      190.580      192.710      276.890
    15:      606.790      643.670      644.080      772.120      772.630
    20:      783.110      809.620      812.240      998.060     1008.200
    25:     1029.090     1131.380     1131.690     1134.040     1185.230
    30:     1230.420     1999.170     1999.810     2000.320     2001.080
    35:     2458.130     2666.210     2676.190     2689.420     2689.650
    40:     3081.930     3175.390     3205.050     3206.050     3217.930
    45:     3559.340     3630.840     3795.340     3796.710     3846.160
    50:     4750.980     4755.630     4850.380     4851.180     4853.180
    55:     4868.790     4869.150     5825.380     5835.160     5837.160
    60:     6337.690     6358.940     6359.450     6359.970     6362.420
    65:     6827.200     6828.640     6829.650     6834.640     6970.780
    70:     7484.830     7485.040     7571.580     7633.670     7658.930
    75:     8300.390     8301.200     8304.400     8377.240     8383.810
    80:     8883.850     8887.180     8887.970     8933.260     8934.420
    85:     9685.120     9686.840     9689.880     9691.260     9691.940
    90:     9711.650     9712.160     9714.800    10024.600    10024.730
    95:    10586.390    10736.530    10737.380
N:
     0:       32.050       32.720       66.980      137.300      604.320
     5:      743.420     2689.430     3080.710     4374.290
O:
P:
Q:
     0:   215761.000   262372.000   110598.000    32076.000       98.000
     5:        9.000        0.000        0.000
\Box5_Comments:



Start Date: 03/02/23
End Date: 03/02/23
Subject: 6
Experiment: heroinSA
Group: heroin
Box: 6
Start Time: 12:18:03
End Time: 15:23:57
MSN: FR_SCRIPT
D:       0.895
E:       0.105
F:      17.000
I:     158.000
J:       0.000
K:   10800.010
L:       0.000
R:       0.000
S:       0.000
T:    4147.000
U:       0.000
V:       0.000
W:       0.000
X:       0.000
Y:       0.000
Z:       0.000
A:
     0:        2.000        3.000      500.000     1000.000      180.000
     5:        5.000        1.000        1.000        1.000        0.000
    10:      264.000        0.000
B:
     0:       95.000       85.000       10.000        0.000        0.000
     5:        0.000        0.000
C:
     0:        0.500     1191.100        8.100        5.100        9.100
     5:     1215.100        0.200        0.700        0.800      241.600
    10:        0.500        6.600        0.500        5.600        0.500
    15:     3614.100        2.100        5.100     2362.100        5.100
    20:        0.200        0.700        0.800     3573.100      250.100
    25:      443.100      361.100       22.100        0.200        0.700
    30:        0.800      503.600        0.500     4455.100      211.100
    35:       19.100       11.100      348.600        0.500      496.100
    40:        0.200        0.700        0.800     4887.100        8.100
    45:        7.100        5.100       15.100        0.200        0.700
    50:        0.800      311.600        0.500        2.600        0.500
    55:     2467.100     1201.100       31.100        3.100       18.100
    60:        0.200        0.700        0.800      205.100     7056.100
    65:      150.100      388.100       12.100        0.200        0.700
    70:        0.800      193.100        7.100     3298.100       13.100
    75:      177.600        0.500        1.600        0.500      741.100
    80:        0.200        0.700        0.800     4759.100       14.100
    85:        6.100      321.100     1280.100        0.200        0.700
    90:        0.800     8242.100      294.100       10.100      461.100
    95:        3.100        0.200        0.700        0.800     5746.100
   100:      259.100       11.100      298.100      272.100        0.200
   105:        0.700        0.800     7421.100       80.100        5.100
   110:       11.100      260.600        0.500       20.100        0.200
   115:        0.700        0.800     4667.100      232.100       13.100
   120:       19.100      622.100        0.200        0.700        0.800
   125:     7682.100      230.100        5.100        3.100        3.100
   130:        0.200        0.700        0.800     2637.100        5.100
   135:        9.100      859.100       31.100        0.200        0.700
   140:        0.800     9894.100      140.100       13.100       15.100
   145:       12.100        0.200        0.700        0.800     2087.100
   150:      132.100     3939.100       22.100      253.100        0.200
   155:        0.700        0.800     4147.300
G:
     0:      119.160      119.970      120.400      121.320      242.800
     5:      629.400      629.600      630.140      866.370      866.860
    10:     1224.160     1249.110     1293.460     1329.550     1331.770
    15:     1827.520     1848.670     1850.530     1851.620     1936.030
    20:     2424.710     2425.490     2426.270     2426.690     2428.250
    25:     2706.280     2826.320     2829.470     2829.780     2831.530
    30:     2852.030     3557.620     3572.590     3611.440     3612.640
    35:     3631.930     3632.590     3962.410     3963.720     4055.670
    40:     4531.560     4532.900     4533.550     4565.660     4693.630
    45:     5517.840     5547.280     5548.230     5594.350     5594.630
    50:     6169.280     6195.160     6196.240     6226.010     6253.210
    55:     6995.350     7003.300     7003.820     7004.910     7032.950
    60:     7499.630     7522.830     7524.170     7526.030     7588.200
    65:     8356.390     8379.480     8379.970     8380.260     8380.500
    70:     8644.240     8644.710     8645.660     8731.530     8734.620
    75:     9724.030     9738.060     9739.300     9740.840     9742.040
    80:     9950.730     9963.890    10357.840    10360.030    10385.330
H:
     0:      266.970      267.580      268.060     1382.030     1886.390
     5:     2459.330     2459.490     3981.410     3981.510     7030.930
M:
     0:      119.160      119.970      120.400      121.320      242.800
     5:      629.400      629.600      630.140      866.370      866.860
    10:     1224.160     1249.110     1293.460     1329.550     1331.770
    15:     1827.520     1848.670     1850.530     1851.620     1936.030
    20:     2424.710     2425.490     2426.270     2426.690     2428.250
    25:     2706.280     2826.320     2829.470     2829.780     2831.530
    30:     2852.030     3557.620     3572.590     3611.440     3612.640
    35:     3631.930     3632.590     3962.410     3963.720     4055.670
    40:     4531.560     4532.900     4533.550     4565.660     4693.630
    45:     5517.840     5547.280     5548.230     5594.350     5594.630
    50:     6169.280     6195.160     6196.240     6226.010     6253.210
    55:     6995.350     7003.300     7003.820     7004.910     7032.950
    60:     7499.630     7522.830     7524.170     7526.030     7588.200
    65:     8356.390     8379.480     8379.970     8380.260     8380.500
    70:     8644.240     8644.710     8645.660     8731.530     8734.620
    75:     9724.030     9738.060     9739.300     9740.840     9742.040
    80:     9950.730     9963.890    10357.840    10360.030    10385.330
N:
     0:      266.970      267.580      268.060     1382.030     1886.390
     5:     2459.330     2459.490     3981.410     3981.510     7030.930
O:
P:
Q:
     0:    79577.000   211187.000   257437.000    79199.000       85.000
     5:       10.000        0.000        0.000
\Box6_Comments:



Start Date: 03/02/23
End Date: 03/02/23
Subject: 7
Experiment: heroinSA
Group: saline
Box: 7
Start Time: 12:18:03
End Time: 15:23:57
MSN: FR_SCRIPT
D:       0.704
E:       0.296
F:       3.000
I:      47.000
J:       0.000
K:   10800.010
L:       4.000
R:       0.000
S:       0.000
T:   23462.000
U:       0.000
V:       0.000
W:       0.000
X:       0.000
Y:       0.000
Z:       0.000
A:
     0:        1.000        3.000      500.000     1000.000      180.000
     5:        5.000        1.000        1.000        1.000        0.000
    10:      264.000        0.000
B:
     0:       27.000       19.000        8.000        0.000        0.000
     5:        0.000        0.000
C:
     0:        0.500      313.100       71.600        0.500      168.100
     5:      307.600        0.500        5.600        0.500     1133.100
    10:       15.100      257.600        0.500       16.600        0.500
    15:     1318.100        0.200        0.700       15.100        0.800
    20:      256.600        0.500       21.100       27.100       41.100
    25:       13.100       12.100        0.200        0.700        0.800
    30:     7464.100       10.100      524.600        0.500       35.100
    35:       12.100    23071.100        0.200        0.700        0.800
    40:     8825.100      316.600        0.500    30537.100       94.100
    45:     9662.100    23462.300
G:
     0:       31.380       55.240      199.750      201.220      361.840
     5:      389.570      392.210      396.310      397.620      398.840
    10:     1145.280     1146.190     1202.180     1203.320     3510.390
    15:     4392.950     7478.240     7487.600     8453.790
H:
     0:       38.480       85.980       86.400      226.970      228.540
     5:      387.390     1198.670     4424.580
M:
     0:       31.380       55.240      199.750      201.220      360.330
     5:      389.570      392.210      396.310      397.620      398.840
    10:     1145.280     1146.190     1202.180     1203.320     3510.390
    15:     4392.950     7478.240     7487.600     8453.790
N:
     0:       38.480       85.980       86.400      226.970      228.540
     5:      387.390     1198.670     4424.580
O:
     0:      361.840
P:
Q:
     0:   323269.000    91894.000    32425.000    15633.000       19.000
     5:        8.000        1.000        0.000
\Box7_Comments:



Start Date: 03/02/23
End Date: 03/02/23
Subject: 8
Experiment: heroinSA
Group: heroin
Box: 8
Start Time: 12:18:03
End Time: 15:24:01
MSN: FR_SCRIPT
D:       0.804
E:       0.196
F:       9.000
I:      96.000
J:       0.000
K:   10800.010
L:       0.000
R:       0.000
S:       0.000
T:    2226.000
U:       0.000
V:       1.000
W:       0.000
X:       0.000
Y:       0.000
Z:       0.000
A:
     0:        2.000        3.000      500.000     1000.000      180.000
     5:        5.000        1.000        1.000        1.000        0.000
    10:      301.000        0.000
B:
     0:       56.000       45.000       11.000        0.000        0.000
     5:        0.000        0.000
C:
     0:        0.500      170.600        0.500        2.600        0.500
     5:      338.100       13.100        4.100       86.100        8.100
    10:        0.200        0.700        0.800      106.600        0.500
    15:       92.100        3.100       15.100       19.100       14.100
    20:        0.200        0.700        0.800      369.600        0.500
    25:        1.600        0.500     4737.100       98.600        0.500
    30:     5402.100        8.100        2.100        9.100        0.200
    35:        0.700        0.800      122.100        2.100       10.100
    40:     4875.100       16.100        0.200        0.700        0.800
    45:     6396.100       38.100     1003.600        0.500       23.600
    50:        0.500       41.100     4709.100      376.100        0.200
    55:        0.700        0.800      114.600        0.500       41.100
    60:        2.100       13.100      223.100        6.100        0.200
    65:        0.700        0.800    36112.100      101.100       39.100
    70:    16073.600        0.500       71.600        0.500       69.100
    75:        9.100        0.200        0.700        0.800      133.100
    80:       42.100        1.100        4.100        7.100        0.200
    85:        0.700        0.800      259.100    22344.100      702.100
    90:      262.100       40.100        0.200        0.700        0.800
    95:     2226.300
G:
     0:       51.080       52.310       52.720       61.370       62.130
     5:       81.950       82.220       83.690       85.590       86.990
    10:      597.780     1147.780     1148.510     1148.760     1149.680
    15:     1161.850     1162.070     1162.990     1650.560     1652.150
    20:     2291.700     2295.510     2402.190     2873.120     2910.770
    25:     2926.210     2926.480     2927.710     2950.070     2950.620
    30:     6561.840     6571.900     6575.800     8197.160     8198.060
    35:     8211.340     8215.490     8215.650     8216.000     8216.770
    40:     8242.610    10477.080    10547.210    10573.460    10577.440
H:
     0:       17.030       17.210       72.690      123.930      124.060
     5:      607.550     2395.800     2398.100     2922.090     8183.150
    10:     8190.210
M:
     0:       51.080       52.310       52.720       61.370       62.130
     5:       81.950       82.220       83.690       85.590       86.990
    10:      597.780     1147.780     1148.510     1148.760     1149.680
    15:     1161.850     1162.070     1162.990     1650.560     1652.150
    20:     2291.700     2295.510     2402.190     2873.120     2910.770
    25:     2926.210     2926.480     2927.710     2950.070     2950.620
    30:     6561.840     6571.900     6575.800     8197.160     8198.060
    35:     8211.340     8215.490     8215.650     8216.000     8216.770
    40:     8242.610    10477.080    10547.210    10573.460    10577.440
N:
     0:       17.030       17.210       72.690      123.930      124.060
     5:      607.550     2395.800     2398.100     2922.090     8183.150
    10:     8190.210
O:
P:
Q:
     0:   187411.000   259587.000   137241.000    53480.000       45.000
     5:       11.000        0.000        0.000
\Box8_Comments:



Start Date: 03/02/23
End Date: 03/02/23
Subject: 9
Experiment: heroinSA
Group: saline
Box: 9
Start Time: 12:18:03
End Time: 15:26:30
MSN: FR_SCRIPT
D:       0.607
E:       0.393
F:       3.000
I:      50.000
J:       0.000
K:   10800.010
L:       2.000
R:       0.000
S:       0.000
T:    6601.000
U:       0.000
V:       1.000
W:       0.000
X:       0.000
Y:       0.000
Z:       0.000
A:
     0:        1.000        3.000      500.000     1000.000      180.000
     5:        5.000        1.000        1.000        1.000        0.000
    10:      252.000        0.000
B:
     0:       28.000       17.000       11.000        0.000        0.000
     5:        0.000        0.000
C:
     0:        0.500       79.100      135.100        3.100      438.100
     5:        6.100        0.200        0.700        0.800      819.100
    10:       10.100        4.100      649.100     1082.100        0.200
    15:        0.700        0.800      109.600        0.500       87.600
    20:        0.500     3973.100    24352.100    21041.600        0.500
    25:      105.600        0.500        8.600        0.500       88.600
    30:        0.500     3219.600        0.500       79.600        0.500
    35:    12236.600        0.500       11.600        0.500    15574.100
    40:      253.100       77.100        0.200        0.700        0.800
    45:      551.100     8091.600        0.500     8320.100     6601.300
G:
     0:        7.970       21.480       21.750       65.510       66.100
     5:      148.030      149.060      149.470      214.380      322.530
    10:      739.440     3174.640     8410.720     8436.000     8443.750
    15:     8498.860    10139.930
H:
     0:      333.410      342.090     5278.740     5289.200     5290.010
     5:     5298.870     5620.770     5628.640     6852.270     6853.320
    10:     9307.960
M:
     0:        7.970       21.480       21.750       65.510       66.100
     5:      148.030      149.060      149.470      214.380      322.530
    10:      739.440     3174.640     8410.720     8436.000     8443.750
    15:     8498.860    10139.930
N:
     0:      333.410      342.090     5278.740     5289.200     5290.010
     5:     5298.870     5620.770     5628.640     6852.270     6853.320
    10:     9307.960
O:
P:
Q:
     0:   325088.000    90151.000    23313.000    17343.000       17.000
     5:       11.000        0.000        0.000
\Box9_Comments:



Start Date: 03/02/23
End Date: 03/02/23
Subject: 10
Experiment: heroinSA
Group: heroin
Box: 10
Start Time: 12:18:03
End Time: 15:26:30
MSN: FR_SCRIPT
D:       0.969
E:       0.031
F:       6.000
I:      53.000
J:       0.000
K:   10800.010
L:       1.000
R:       0.000
S:       0.000
T:      21.000
U:       0.000
V:       0.000
W:       0.000
X:       0.000
Y:       0.000
Z:       0.000
A:
     0:        2.000        3.000      500.000     1000.000      180.000
     5:        5.000        1.000        1.000        1.000        0.000
    10:      292.000        0.000
B:
     0:       32.000       31.000        1.000        0.000        0.000
     5:        0.000        0.000
C:
     0:        0.500       93.100     3594.100    61776.100       11.100
     5:    19368.100        0.200        0.700        0.800      120.100
    10:       16.100       36.100       17.100      834.100        0.200
    15:        0.700        0.800      109.100       45.100       24.100
    20:       84.100     3988.100        0.200        0.700        0.800
    25:      209.100       43.100       26.100     3742.100       24.100
    30:        0.200        0.700        0.800      156.100       41.100
    35:     1025.100       97.100     8605.100        0.200        0.700
    40:        0.800      197.100        9.100       17.100     3016.100
    45:      135.100        0.200        0.700        0.800      320.100
    50:      202.600        0.500       21.300
G:
     0:        9.380      368.750     6546.290     6547.450     8484.240
     5:     8496.230     8497.830     8501.450     8503.180     8586.490
    10:     8597.460     8601.930     8604.340     8612.750     9011.490
    15:     9032.470     9036.770     9039.310     9413.530     9415.970
    20:     9431.540     9435.630     9538.140     9547.820    10408.290
    25:    10428.040    10428.910    10430.620    10732.240    10745.730
    30:    10777.730
H:
     0:    10797.980
M:
     0:        9.380      368.750     6546.290     6547.450     8484.240
     5:     8496.230     8497.830     8501.450     8503.180     8586.490
    10:     8597.460     8601.930     8604.340     8612.750     9011.490
    15:     9032.470     9036.770     9039.310     9413.530     9415.970
    20:     9431.540     9435.630     9538.140     9547.820    10408.290
    25:    10428.040    10428.910    10430.620    10732.240    10745.730
    30:    10777.730
N:
     0:    10797.980
O:
P:
Q:
     0:   288145.000   166487.000    43593.000    14324.000       31.000
     5:        1.000        0.000        0.000
\Box10_Comments:



Start Date: 03/02/23
End Date: 03/02/23
Subject: 3
Experiment: heroinSA
Group: heroin
Box: 3
Start Time: 12:18:03
End Time: 15:34:37
MSN: FR_SCRIPT_box3
D:       0.677
E:       0.323
F:      26.000
I:     339.000
J:       0.000
K:   10800.010
L:       2.000
R:       0.000
S:       0.000
T:     625.000
U:       0.000
V:       0.000
W:       0.000
X:       0.000
Y:       0.000
Z:       0.000
A:
     0:        1.000        3.000      500.000     1000.000      180.000
     5:        5.000        1.000        1.000        1.000        0.000
    10:      287.000        0.000
B:
     0:      195.000      132.000       63.000        0.000        0.000
     5:        0.000        0.000
C:
     0:        0.500      857.100      163.100       30.100      657.100
     5:      648.100        0.200        0.700        0.800     1450.100
    10:      243.100       10.600        0.500        3.600        0.500
    15:      101.100     1109.600        0.500       27.100       30.100
    20:        0.200        0.700        0.800     1522.100       33.100
    25:       27.600        0.500       23.100        5.100        4.100
    30:        0.200        0.700        0.800      166.600        0.500
    35:       52.100      339.100        5.100        9.100       44.100
    40:        0.200        0.700        0.800      105.100       26.100
    45:       13.600        0.500        6.600        0.500      310.600
    50:        0.500       55.600        0.500        1.600        0.500
    55:        1.600        0.500       43.100        0.600        0.500
    60:       41.100       50.100        0.200        0.700        0.100
    65:        0.800      601.600        0.500       67.600        0.500
    70:       62.100        1.100       11.100        9.100      592.600
    75:        0.500       47.600        0.500      144.100        0.200
    80:        0.700        0.800      520.600        0.500       88.600
    85:        0.500      131.600        0.500      265.100      740.100
    90:        2.600        0.500       23.600        0.500        6.600
    95:        0.500        1.600        0.500      237.100        4.600
   100:        0.500      261.100       12.600        0.500        7.600
   105:        0.500      199.600        0.500      235.100        0.200
   110:        0.700        0.800      109.100      284.600        0.500
   115:       20.600        0.500      939.100       60.600        0.500
   120:     1116.100      131.100        8.100        0.200        0.700
   125:        0.800      119.100        3.100     1316.100      201.600
   130:        0.500       14.600        0.500        6.100       39.600
   135:        0.500     1047.600        0.500       79.600        0.500
   140:     1447.100        0.200        0.700        0.800      111.600
   145:        0.500        3.100       10.100       21.100        5.100
   150:      138.100        0.200        0.700        0.800     3062.600
   155:        0.500      308.100      329.600        0.500     1441.600
   160:        0.500      108.600        0.500      279.600        0.500
   165:        0.100        0.600        0.500      241.600        0.500
   170:       12.600        0.500       31.100     2168.600        0.500
   175:        0.600        0.500        9.600        0.500        4.600
   180:        0.500      350.600        0.500        7.100     1411.100
   185:        0.200        0.700        0.800      368.600        0.500
   190:     2674.100      300.600        0.500      511.100        4.600
   195:        0.500       67.100     2461.100      802.100        0.200
   200:        0.700        0.800     1057.100        1.100      320.100
   205:        2.600        0.500     3161.100        9.100        0.200
   210:        0.700        0.800     4459.100       81.100      390.100
   215:      415.100      532.100        0.200        0.700        0.800
   220:      458.100       16.100        2.100        2.100        1.100
   225:        0.200        0.700        0.800     1743.100      626.100
   230:      449.600        0.500        4.600        0.500      163.100
   235:      246.100      693.100        0.200        0.700        0.800
   240:     1407.100        3.100      171.100      395.100      846.100
   245:        0.200        0.700        0.800      615.100       33.600
   250:        0.500      158.100      135.100     1131.100      895.100
   255:        0.200        0.700        0.800     1546.100        7.100
   260:       20.100        3.600        0.500       27.100     1011.600
   265:        0.500      189.100        0.200        0.700        0.800
   270:      228.100     7813.600        0.500      189.100      565.100
   275:     1783.100      258.100        0.200        0.700        0.800
   280:      219.100       56.100     1967.600        0.500     1027.600
   285:        0.500      184.100     2333.100      773.100        0.200
   290:        0.700        0.800      114.100        3.100       38.100
   295:     1365.600        0.500       51.100      234.600        0.500
   300:       20.100        0.200        0.700        0.800      122.100
   305:        0.100     2757.100      481.100        7.100        0.200
   310:        0.700        0.800      358.100     3420.100      424.100
   315:     2055.100     2821.100        0.200        0.700        0.800
   320:      953.100     1993.100      388.100        4.100        1.100
   325:        0.200        0.700        0.800     3382.100       62.100
   330:       80.100       26.100     4793.100        0.200        0.700
   335:        0.800     3578.100      382.100      625.300
G:
     0:       85.690      102.040      105.060      170.720      235.510
     5:      380.580      404.820      416.260      529.850      532.870
    10:      685.070      688.360      693.360      693.840      694.210
    15:      715.990      749.980      750.480      751.320      755.780
    20:      766.260      768.800      811.700      815.810      820.860
    25:      893.840      893.980      895.000      895.970      974.200
    30:     1074.620     1148.670     1175.560     1202.080     1247.310
    35:     1258.270     1382.500     1500.130     1513.280     1514.050
    40:     1525.970     1526.230     1657.830     1679.950     1941.140
    45:     1952.560     1953.540     1955.630     1956.090     1969.940
    50:     2306.940     2522.610     2551.080     2804.870     2945.920
    55:     3250.150     3331.240     3338.330     3584.430     3664.670
    60:     3770.370     3770.460     3802.480     4118.730     4119.630
    65:     4565.560     4573.610     4612.670     4654.090     4707.300
    70:     4753.140     4754.760     4754.950     4755.150     4755.250
    75:     4929.580     4992.140     5053.740     5078.300     5147.620
    80:     5288.350     5288.660     5305.690     5345.240     5429.860
    85:     5491.370     5510.450     5523.900     5637.050     5726.550
    90:     5881.140     5881.800     5883.820     5886.870     6006.820
    95:     6029.680     6829.840     6886.310     7064.640     7090.390
   100:     7112.350     7117.930     7435.720     7669.000     7746.350
   105:     7757.760     7758.030     7761.870     7903.440     7928.870
   110:     7941.010     7941.060     8216.770     8264.880     8265.510
   115:     8301.330     8643.310     8685.710     8891.230     9173.340
   120:     9268.650     9467.900     9506.720     9507.090     9507.270
   125:     9845.430     9851.620     9859.620     9862.220    10341.520
   130:    10699.350    10737.540
H:
     0:      405.810      406.130      527.120      691.010      710.880
     5:      770.180      770.730      801.700      807.230      807.360
    10:      807.430      811.730      880.970      887.600      955.110
    15:      959.830     1026.210     1034.990     1048.110     1148.790
    20:     1151.110     1151.690     1151.880     1175.970     1203.210
    25:     1203.910     1223.820     1286.680     1288.650     1388.520
    30:     1677.980     1679.370     1683.810     1788.550     1796.480
    35:     1952.280     2276.120     2339.810     2483.900     2494.770
    40:     2522.590     2522.620     2546.760     2547.970     2767.860
    45:     2767.880     2768.690     2769.140     2804.150     2982.700
    50:     3280.140     3331.630     3802.630     5037.020     5037.420
    55:     5494.600     5884.140     5987.940     6810.960     7314.590
    60:     7417.350     7898.300     7926.840
M:
     0:       85.690      102.040      105.060      170.720      235.510
     5:      380.580      404.820      416.260      529.850      532.870
    10:      685.070      688.360      693.360      693.840      694.210
    15:      715.990      749.980      750.480      751.320      755.780
    20:      766.260      768.800      811.700      815.810      820.810
    25:      893.840      893.980      895.000      895.970      974.200
    30:     1074.620     1148.670     1175.560     1202.080     1247.310
    35:     1258.270     1382.500     1500.130     1513.280     1514.050
    40:     1525.970     1526.230     1657.830     1679.950     1941.140
    45:     1952.560     1953.540     1955.630     1956.090     1969.940
    50:     2306.940     2522.610     2551.080     2804.870     2945.920
    55:     3250.150     3331.240     3338.330     3584.430     3664.670
    60:     3770.370     3770.460     3802.480     4118.730     4119.630
    65:     4565.560     4573.610     4612.670     4654.090     4707.300
    70:     4753.140     4754.760     4754.950     4755.150     4755.250
    75:     4929.580     4992.140     5053.740     5078.300     5147.620
    80:     5288.350     5288.660     5305.690     5345.240     5429.860
    85:     5491.370     5510.450     5523.900     5637.050     5726.550
    90:     5881.140     5881.800     5883.820     5886.870     6006.820
    95:     6029.680     6829.840     6886.310     7064.640     7090.390
   100:     7112.350     7117.930     7435.720     7669.000     7746.350
   105:     7757.760     7758.030     7761.870     7903.440     7928.870
   110:     7941.010     7941.060     8216.770     8264.880     8265.510
   115:     8301.330     8643.310     8685.710     8891.230     9173.340
   120:     9268.650     9467.900     9506.720     9507.090     9507.270
   125:     9845.430     9851.620     9859.620     9862.220    10341.520
   130:    10699.350    10737.540
N:
     0:      405.810      406.130      527.120      691.010      710.880
     5:      770.180      770.730      801.700      807.230      807.360
    10:      807.430      811.730      880.970      887.600      955.110
    15:      959.830     1026.210     1034.990     1048.110     1148.790
    20:     1151.110     1151.690     1151.880     1175.970     1203.210
    25:     1203.910     1223.820     1286.680     1288.650     1388.520
    30:     1677.980     1679.370     1683.810     1788.550     1796.480
    35:     1952.280     2276.120     2339.810     2483.900     2494.770
    40:     2522.590     2522.620     2546.760     2547.970     2767.860
    45:     2767.880     2768.690     2769.140     2804.150     2982.700
    50:     3280.140     3331.630     3802.630     5037.020     5037.420
    55:     5494.600     5884.140     5987.940     6810.960     7314.590
    60:     7417.350     7898.300     7926.840
O:
     0:      820.860
P:
Q:
     0:        0.000   167351.000   117019.000    75554.000      132.000
     5:       63.000        1.000        0.000
\Box3_Comments:



Start Date: 03/02/23
End Date: 03/02/23
Subject: 4
Experiment: heroinSA
Group: heroin
Box: 4
Start Time: 12:18:03
End Time: 15:34:37
MSN: FR_SCRIPT_box4
D:       0.789
E:       0.211
F:       6.000
I:      67.000
J:       0.000
K:   10800.010
L:       0.000
R:       0.000
S:       0.000
T:     212.000
U:       0.000
V:       0.000
W:       0.000
X:       0.000
Y:       0.000
Z:       0.000
A:
     0:        2.000        3.000      500.000     1000.000      180.000
     5:        5.000        1.000        1.000        1.000        0.000
    10:      278.000        0.000
B:
     0:       38.000       30.000        8.000        0.000        0.000
     5:        0.000        0.000
C:
     0:        0.500      529.600        0.500      514.100       21.100
     5:        2.100       20.100       83.100        0.200        0.700
    10:        0.800     1409.100      848.600        0.500     1762.100
    15:        9.100        3.100       58.600        0.500       82.100
    20:        0.200        0.700        2.100        0.800     8056.100
    25:       11.100       21.100     6375.600        0.500        1.600
    30:        0.500      973.100       24.100        0.200        0.700
    35:        0.800     5625.100        8.100       19.100       30.100
    40:        6.100        0.200        0.700        0.800     5258.100
    45:       11.100        8.100        4.100        2.100        0.200
    50:        0.700        0.800     6129.100        6.100     1975.100
    55:       14.100     2264.600        0.500      167.100        0.200
    60:        0.700        0.800     8585.600        0.500    56874.600
    65:        0.500      212.300
G:
     0:      104.340      106.390      106.590      108.660      116.940
     5:      257.840      518.880      519.710      520.020      534.200
    10:     1339.850     1340.910     1343.080     2077.890     2080.310
    15:     2642.870     2643.650     2645.540     2648.490     2649.150
    20:     3174.960     3176.000     3176.820     3177.240     3177.430
    25:     3790.290     3790.960     3988.470     3989.820     4232.950
H:
     0:       52.920      342.670      525.810     1980.550     1980.670
     5:     4216.220     5091.390    10778.870
M:
     0:      104.340      106.390      106.590      108.660      116.940
     5:      257.840      518.880      519.710      520.020      534.050
    10:     1339.850     1340.910     1343.080     2077.890     2080.310
    15:     2642.870     2643.650     2645.540     2648.490     2649.150
    20:     3174.960     3176.000     3176.820     3177.240     3177.430
    25:     3790.290     3790.960     3988.470     3989.820     4232.950
N:
     0:       52.920      342.670      525.810     1980.550     1980.670
     5:     4216.220     5091.390    10778.870
O:
     0:      534.200
P:
Q:
     0:   192008.000   235245.000   123321.000    38457.000       30.000
     5:        8.000        1.000        0.000
\Box4_Comments:



Start Date: 03/02/23
End Date: 03/02/23
Subject: 11
Experiment: heroinSA
Group: saline
Box: 11
Start Time: 12:18:03
End Time: 15:34:37
MSN: FR_SCRIPT_5choice
D:       0.125
E:       0.875
F:       0.000
I:      62.000
J:       0.000
K:   10800.010
L:       4.000
R:       0.000
S:       0.000
T:     580.000
U:       0.000
V:       0.000
W:       0.000
X:       0.000
Y:       0.000
Z:       0.000
A:
     0:        1.000        3.000      500.000     1000.000      180.000
     5:        5.000        1.000        1.000        2.000        0.000
    10:      269.000        0.000
B:
     0:       32.000        4.000       28.000        0.000        0.000
     5:        0.000        0.000
C:
     0:        0.500     1546.600        0.500      433.100      981.600
     5:        0.500     1756.600        0.500     1250.600        0.500
    10:     1488.600        0.500       35.600        0.500       42.600
    15:        0.500       40.600        0.500     5112.600        0.500
    20:       10.600        0.500      745.100    35814.600        0.500
    25:       63.600        0.500      113.600        0.500      303.600
    30:        0.500      295.600        0.500       60.600        0.500
    35:       13.600        0.500       52.600        0.500       21.600
    40:        0.500       77.600        0.500      158.600        0.500
    45:    20881.600        0.500       16.600        0.500       24.600
    50:        0.500    20243.600        0.500      110.600        0.500
    55:     3648.100       45.100    11957.600        0.500       89.600
    60:        0.500      580.300
G:
     0:      197.940     1343.800     9532.930     9537.430
H:
     0:      154.590      296.040      471.620      596.650      745.400
     5:      748.940      753.130      757.160     1268.300     1269.350
    10:     4925.230     4931.540     4942.800     4973.160     5002.590
    15:     5008.630     5009.960     5015.090     5017.270     5024.900
    20:     5040.780     7128.800     7130.400     7132.870     9157.180
    25:     9168.160    10733.180    10742.030
M:
     0:      197.940     1343.800     9532.930     9537.430
N:
     0:      154.590      296.040      471.620      596.650      745.400
     5:      748.940      753.130      757.160     1268.300     1269.350
    10:     4925.230     4931.540     4942.800     4973.160     5002.590
    15:     5008.630     5009.960     5015.090     5017.270     5024.900
    20:     5040.780     7128.800     7130.400     7132.870     9157.180
    25:     9168.160    10733.180    10742.030
O:
P:
Q:
     0:        0.000        0.000        0.000        0.000        4.000
     5:       28.000        0.000        0.000
\Box11_Comments:



Start Date: 03/02/23
End Date: 03/02/23
Subject: 12
Experiment: heroinSA
Group: saline
Box: 12
Start Time: 12:18:03
End Time: 15:34:37
MSN: FR_SCRIPT_5choice
D:       0.480
E:       0.520
F:       2.000
I:      46.000
J:       0.000
K:   10800.010
L:       2.000
R:       0.000
S:       0.000
T:   13366.000
U:       0.000
V:       0.000
W:       0.000
X:       0.000
Y:       0.000
Z:       0.000
A:
     0:        2.000        3.000      500.000     1000.000      180.000
     5:        5.000        1.000        1.000        2.000        0.000
    10:      277.000        0.000
B:
     0:       25.000       12.000       13.000        0.000        0.000
     5:        0.000        0.000
C:
     0:        0.500      742.100        2.100        1.100     1139.600
     5:        0.500        1.600        0.500     7318.600        0.500
    10:       23.600        0.500        2.600        0.500      623.100
    15:     1675.600        0.500       75.600        0.500      231.100
    20:        0.200        0.700        0.800    15153.600        0.500
    25:        2.600        0.500      202.600        0.500       10.600
    30:        0.500     1284.100     4419.600        0.500       93.100
    35:       13.100     8335.100    13903.100        0.200        0.700
    40:        0.800    14751.600        0.500    24601.100       36.100
    45:    13366.300
G:
     0:       74.270       74.450       74.510      985.120     1183.230
     5:     2848.300     3299.540     3300.800     4134.350     5524.620
    10:     9459.880     9463.400
H:
     0:      188.390      188.540      920.370      922.640      922.850
     5:     1152.630     1160.110     2698.560     2698.710     2718.940
    10:     2719.910     3290.260     6999.740
M:
     0:       74.270       74.450       74.510      985.120     1183.230
     5:     2848.300     3299.540     3300.800     4134.350     5524.620
    10:     9459.880     9463.400
N:
     0:      188.390      188.540      920.370      922.640      922.850
     5:     1152.630     1160.110     2698.560     2698.710     2718.940
    10:     2719.910     3290.260     6999.740
O:
P:
Q:
     0:        0.000        0.000        0.000        0.000       12.000
     5:       13.000        0.000        0.000
\Box12_Comments:



Start Date: 03/02/23
End Date: 03/02/23
Subject: 13
Experiment: heroinSA
Group: saline
Box: 13
Start Time: 12:18:03
End Time: 15:34:37
MSN: FR_SCRIPT_5choice
D:       0.625
E:       0.375
F:       1.000
I:      16.000
J:       0.000
K:   10800.010
L:       0.000
R:       0.000
S:       0.000
T:    2167.000
U:       0.000
V:       0.000
W:       0.000
X:       0.000
Y:       0.000
Z:       0.000
A:
     0:        1.000        3.000      500.000     1000.000      180.000
     5:        5.000        1.000        1.000        2.000        0.000
    10:      262.000        0.000
B:
     0:        8.000        5.000        3.000        0.000        0.000
     5:        0.000        0.000
C:
     0:        0.500     6332.600        0.500     4802.100       31.100
     5:    38670.100    34612.100    16642.100        0.200        0.700
    10:        0.800     4722.600        0.500       22.600        0.500
    15:     2167.300
G:
     0:     1113.470     1116.500     4983.490     8444.720    10108.940
H:
     0:      633.200    10581.150    10583.380
M:
     0:     1113.470     1116.500     4983.490     8444.720    10108.940
N:
     0:      633.200    10581.150    10583.380
O:
P:
Q:
     0:        0.000        0.000        0.000        0.000        5.000
     5:        3.000        0.000        0.000
\Box13_Comments:



Start Date: 03/02/23
End Date: 03/02/23
Subject: 14
Experiment: heroinSA
Group: saline
Box: 14
Start Time: 12:18:03
End Time: 15:34:37
MSN: FR_SCRIPT_5choice
D:       0.571
E:       0.429
F:       2.000
I:      38.000
J:       0.000
K:   10800.010
L:       2.000
R:       0.000
S:       0.000
T:   11750.000
U:       0.000
V:       0.000
W:       0.000
X:       0.000
Y:       0.000
Z:       0.000
A:
     0:        2.000        3.000      500.000     1000.000      180.000
     5:        5.000        1.000        1.000        2.000        0.000
    10:      298.000        0.000
B:
     0:       21.000       12.000        9.000        0.000        0.000
     5:        0.000        0.000
C:
     0:        0.500      910.100        4.100        4.100      438.600
     5:        0.500        5.600        0.500     1556.100     8881.600
    10:        0.500      143.100        0.200        0.700        0.800
    15:      107.100       38.600        0.500    13255.100     1621.600
    20:        0.500       16.600        0.500        9.600        0.500
    25:     2222.600        0.500       99.600        0.500      832.100
    30:       18.100     1158.100        0.200        0.700        0.800
    35:    64757.100      177.100    11750.300
G:
     0:       91.020       91.390       91.810      291.770     1194.160
     5:     1204.850     2534.160     3014.070     3015.860     3131.640
    10:     9607.320     9625.050
H:
     0:      135.670      136.130     1179.870     1208.670     2696.250
     5:     2697.830     2698.690     2920.900     2930.810
M:
     0:       91.020       91.390       91.810      291.770     1194.160
     5:     1204.850     2534.160     3014.070     3015.860     3131.640
    10:     9607.320     9625.050
N:
     0:      135.670      136.130     1179.870     1208.670     2696.250
     5:     2697.830     2698.690     2920.900     2930.810
O:
P:
Q:
     0:        0.000        0.000        0.000        0.000       12.000
     5:        9.000        0.000        0.000
\Box14_Comments:



Start Date: 03/02/23
End Date: 03/02/23
Subject: 15
Experiment: heroinSA
Group: saline
Box: 15
Start Time: 12:18:03
End Time: 15:34:37
MSN: FR_SCRIPT_5choice
D:       0.000
E:       0.000
F:       0.000
I:       2.000
J:       0.000
K:   10800.010
L:       0.000
R:       0.000
S:       0.000
T:  108000.000
U:       0.000
V:       0.000
W:       0.000
X:       0.000
Y:       0.000
Z:       0.000
A:
     0:        1.000        3.000      500.000     1000.000      180.000
     5:        5.000        1.000        1.000        2.000        0.000
    10:      285.000        0.000
B:
     0:        0.000        0.000        0.000        0.000        0.000
     5:        0.000        0.000
C:
     0:        0.500   108000.300
G:
H:
M:
N:
O:
P:
Q:
     0:        0.000        0.000        0.000        0.000        0.000
     5:        0.000        0.000        0.000
\Box15_Comments:
