File: C:\Users\hurdlab\Desktop\data_rme\JS\heroinSA\20230214\ heroinSA_FR1_roomE_20230228



Start Date: 02/28/23
End Date: 02/28/23
Subject: 1
Experiment: heroinSA
Group: heroin
Box: 1
Start Time: 12:05:55
End Time: 15:07:37
MSN: FR_SCRIPT
D:       0.755
E:       0.245
F:       8.000
I:      92.000
J:       0.000
K:   10800.010
L:       0.000
R:       0.000
S:       0.000
T:    8948.000
U:       0.000
V:       1.000
W:       0.000
X:       0.000
Y:       0.000
Z:       0.000
A:
     0:        1.000        3.000      500.000     1000.000      180.000
     5:        5.000        1.000        1.000        1.000        0.000
    10:      292.000        0.000
B:
     0:       53.000       40.000       13.000        0.000        0.000
     5:        0.000        0.000
C:
     0:        0.500     1264.100        8.100       19.100       17.100
     5:      133.100        0.200        0.700        0.800     1449.100
    10:        5.100     2605.100        6.100      311.100        0.200
    15:        0.700        0.800     3829.100     3184.100        8.100
    20:     3327.100     2565.100        0.200        0.700        0.800
    25:      243.100     4360.600        0.500      875.600        0.500
    30:       23.600        0.500      106.600        0.500      566.600
    35:        0.500     3921.100     1469.600        0.500     4284.100
    40:      174.600        0.500     6963.100     3248.100        0.200
    45:        0.700        0.800      496.100       52.100       17.100
    50:     2951.600        0.500       26.100      841.100        0.200
    55:        0.700        0.800     2180.600        0.500      496.100
    60:      778.600        0.500        1.600        0.500     7106.100
    65:     1742.100      350.100     4487.100        0.200        0.700
    70:        0.800      230.100     4740.100     4194.100     3563.100
    75:      430.600        0.500      733.100        0.200        0.700
    80:        0.800      393.600        0.500     8708.100     2597.100
    85:      292.100      503.100     6184.100        0.200        0.700
    90:        0.800     8948.300
G:
     0:      126.440      127.270      129.100      130.860      144.090
     5:      289.080      289.560      550.050      550.590      581.720
    10:      964.600     1283.040     1283.880     1616.570     1872.990
    15:     1897.340     2882.410     3457.780     4171.400     4496.280
    20:     4545.820     4551.020     4552.720     4850.410     4934.500
    25:     5202.170     5990.630     6164.840     6199.840     6648.540
    30:     6671.540     7145.560     7564.950     7921.200     8037.490
    35:     8947.640     9207.290     9236.580     9286.800     9905.260
H:
     0:     2333.380     2420.820     2423.090     2433.750     2490.370
     5:     3029.300     3475.150     4847.800     5152.530     5279.950
    10:     5280.000     7964.210     8076.860
M:
     0:      126.440      127.270      129.100      130.860      144.090
     5:      289.080      289.560      550.050      550.590      581.720
    10:      964.600     1283.040     1283.880     1616.570     1872.990
    15:     1897.340     2882.410     3457.780     4171.400     4496.280
    20:     4545.820     4551.020     4552.720     4850.410     4934.500
    25:     5202.170     5990.630     6164.840     6199.840     6648.540
    30:     6671.540     7145.560     7564.950     7921.200     8037.490
    35:     8947.640     9207.290     9236.580     9286.800     9905.260
N:
     0:     2333.380     2420.820     2423.090     2433.750     2490.370
     5:     3029.300     3475.150     4847.800     5152.530     5279.950
    10:     5280.000     7964.210     8076.860
O:
P:
Q:
     0:   111199.000   238792.000   215230.000    84273.000       40.000
     5:       13.000        0.000        0.000
\Box1_Comments:



Start Date: 02/28/23
End Date: 02/28/23
Subject: 2
Experiment: heroinSA
Group: heroin
Box: 2
Start Time: 12:05:55
End Time: 15:07:37
MSN: FR_SCRIPT
D:       0.773
E:       0.227
F:      11.000
I:     127.000
J:       0.000
K:   10800.010
L:       3.000
R:       0.000
S:       0.000
T:     585.000
U:       0.000
V:       0.000
W:       0.000
X:       0.000
Y:       1.000
Z:       0.000
A:
     0:        2.000        3.000      500.000     1000.000      180.000
     5:        5.000        1.000        1.000        1.000        0.000
    10:      267.000        0.000
B:
     0:       75.000       58.000       17.000        0.000        0.000
     5:        0.000        0.000
C:
     0:        0.500      490.100       18.100      620.100        8.100
     5:        4.100        0.200        0.700        0.800      107.100
    10:       46.100      876.600        0.500        1.600        0.500
    15:        1.600        0.500       21.600        0.500        0.600
    20:        0.500      943.100       89.100      185.600        0.500
    25:      195.100        0.200        0.700        0.800      106.600
    30:        0.500     1039.100      250.100        4.100      212.100
    35:      530.100        0.200        0.700        0.800     2089.100
    40:        7.100     1588.100      187.100      615.100        0.200
    45:        0.700        0.800     4783.100      218.100      619.600
    50:        0.500      262.100      777.100      185.100        0.200
    55:        0.700        0.800     4587.100      158.100       13.100
    60:       10.100       11.100        0.200        0.700        0.800
    65:     1988.100      314.100        4.100       14.100     2293.100
    70:        0.200        0.700        0.800      108.100       17.100
    75:       63.600        0.500    10511.100       80.600        0.500
    80:       60.100       13.100        0.200        0.700        0.800
    85:     7994.100        8.100      241.100     4467.600        0.500
    90:       33.600        0.500        4.600        0.500     5927.600
    95:        0.500      908.600        0.500       90.100       19.100
   100:        0.200        0.700        0.800     9613.100       23.100
   105:        2.100     3686.100      409.100        0.200        0.700
   110:        0.800     9595.100       26.100        7.100      162.100
   115:      279.600        0.500      614.100        0.200        0.700
   120:        0.800    15064.100     8809.100       29.100     2087.600
   125:        0.500      585.300
G:
     0:       49.070       50.850      112.880      113.640      114.070
     5:      124.700      129.320      313.550      322.460      360.440
    10:      474.920      499.980      500.360      521.540      574.510
    15:      783.440      784.160      942.930      961.660     1023.090
    20:     1501.390     1523.240     1611.370     1689.070     1707.540
    25:     2166.250     2182.020     2183.340     2184.370     2185.430
    30:     2384.280     2415.600     2416.050     2417.430     2646.730
    35:     2657.520     2659.280     3716.670     3730.680     3731.920
    40:     4531.310     4532.170     4556.280     5699.150     5701.010
    45:     6662.300     6664.610     6664.850     7033.410     7074.300
    50:     8033.860     8036.390     8037.140     8053.350     8142.600
    55:     9649.070    10529.930    10532.800
H:
     0:      216.950      217.030      217.180      219.190      219.250
     5:      340.890      371.000     1585.160     2665.520     3724.600
    10:     5002.960     5006.250     5006.600     5599.380     5690.110
    15:     8081.230    10741.560
M:
     0:       49.070       50.850      112.880      113.640      114.070
     5:      124.700      129.320      313.550      322.460      360.440
    10:      474.920      499.980      500.360      521.540      574.510
    15:      783.440      784.160      942.930      961.660     1023.090
    20:     1501.390     1523.240     1611.370     1689.070     1707.540
    25:     2166.250     2182.020     2183.340     2184.370     2185.430
    30:     2384.280     2415.600     2416.050     2417.430     2646.730
    35:     2657.520     2659.280     3716.670     3730.680     3731.920
    40:     4531.310     4532.170     4556.280     5699.150     5701.010
    45:     6662.300     6664.610     6664.850     7033.410     7074.300
    50:     8033.860     8036.390     8037.140     8053.350     8142.600
    55:     9649.070    10529.930    10532.800
N:
     0:      216.950      217.030      217.180      219.190      219.250
     5:      340.890      371.000     1585.160     2665.520     3724.600
    10:     5002.960     5006.250     5006.600     5599.380     5690.110
    15:     8081.230    10741.560
O:
P:
Q:
     0:   122970.000   198669.000   210227.000   108672.000       58.000
     5:       17.000        0.000        0.000
\Box2_Comments:



Start Date: 02/28/23
End Date: 02/28/23
Subject: 5
Experiment: heroinSA
Group: heroin
Box: 5
Start Time: 12:05:55
End Time: 15:09:40
MSN: FR_SCRIPT
D:       0.907
E:       0.093
F:      19.000
I:     177.000
J:       0.000
K:   10800.010
L:       2.000
R:       0.000
S:       0.000
T:    3673.000
U:       0.000
V:       0.000
W:       0.000
X:       0.000
Y:       0.000
Z:       0.000
A:
     0:        1.000        3.000      500.000     1000.000      180.000
     5:        5.000        1.000        1.000        1.000        0.000
    10:      272.000        0.000
B:
     0:      107.000       97.000       10.000        0.000        0.000
     5:        0.000        0.000
C:
     0:        0.500      678.600        0.500        2.600        0.500
     5:        1.600        0.500       31.100        9.100        9.100
    10:      322.100        4.100        0.200        0.700        2.100
    15:        0.800      309.100        5.100       17.600        0.500
    20:        2.600        0.500      191.100      103.100      945.100
    25:        0.200        0.700        0.800      130.100       24.600
    30:        0.500      248.100      882.600        0.500       12.100
    35:      205.100      306.100        0.200        0.700        0.800
    40:     3117.100       18.100      495.100        3.100      113.100
    45:        0.200        0.700        0.800     2480.100     1327.100
    50:       21.100      815.100       11.100        0.200        0.700
    55:        0.800     2478.100     1138.100        6.100      145.100
    60:       11.100        0.200        0.700        0.800      456.600
    65:        0.500        6.100     1113.100      843.100       15.100
    70:        8.100        0.200        0.700        0.800     1405.100
    75:      294.100        6.100       14.100      393.100        0.200
    80:        0.700        0.800      208.600        0.500     4812.100
    85:       32.100      917.100      769.100       15.100        0.200
    90:        0.700        0.800     4877.100        1.100       14.100
    95:        5.100     1443.100        0.200        0.700        0.800
   100:     3289.100      573.100     1761.100       16.100      135.100
   105:        0.200        0.700        0.800      139.100       15.100
   110:        5.100     6516.100      274.100        0.200        0.700
   115:        0.800      104.100        9.100        5.100      132.600
   120:        0.500       25.100     4732.100        0.200        0.700
   125:        0.800     6039.100     1611.100        3.100        2.100
   130:        5.100        0.200        0.700        0.800     6722.100
   135:      983.100       13.100       10.100     2008.100        0.200
   140:        0.700        0.800      191.100       15.100       16.100
   145:        3.100        6.100        0.200        0.700        0.800
   150:     8786.100       55.100      173.100        3.100        7.100
   155:        0.200        0.700        0.800    12391.100        2.100
   160:       21.100     2292.100       35.100        0.200        0.700
   165:        0.800     5234.100       26.100     1820.100       81.100
   170:        7.100        0.200        0.700        0.800     3735.100
   175:       41.100     3673.300
G:
     0:       71.280       72.100       73.050      105.200      105.800
     5:      136.740      137.210      158.270      168.490      263.060
    10:      276.010      303.200      392.650      413.160      443.740
    15:      755.400      757.270      806.730      807.060      818.360
    20:     1066.300     1199.000     1201.100     1282.630     1283.740
    25:     1531.540     1645.300     1645.940     1660.430     1661.560
    30:     1707.710     1819.080     1903.370     1904.880     1905.610
    35:     2046.160     2075.570     2076.100     2077.540     2116.840
    40:     2618.840     2622.010     2713.730     2790.680     2792.110
    45:     3279.820     3279.970     3281.330     3281.830     3426.140
    50:     3755.010     3812.310     3988.480     3990.070     4003.550
    55:     4017.440     4018.930     4019.440     4670.990     4698.420
    60:     4708.860     4709.740     4710.220     4725.940     5199.120
    65:     5803.080     5964.130     5964.460     5964.650     5965.090
    70:     6637.290     6735.660     6736.890     6737.960     6938.770
    75:     6957.840     6959.330     6960.890     6961.190     6961.810
    80:     7840.400     7845.960     7863.280     7863.500     7864.260
    85:     9103.350     9103.530     9105.600     9334.850     9338.380
    90:     9861.730     9864.340    10046.380    10054.450    10055.130
    95:    10428.630    10432.760
H:
     0:       67.820       68.000       68.170      138.900      139.160
     5:      278.420      391.450     1707.100     2137.650     4723.400
M:
     0:       71.280       72.100       73.050      105.200      105.620
     5:      136.740      137.210      158.270      168.490      263.060
    10:      276.010      303.200      392.650      413.160      443.740
    15:      755.400      757.270      806.730      807.060      818.360
    20:     1066.300     1199.000     1201.100     1282.630     1283.740
    25:     1531.540     1645.300     1645.940     1660.430     1661.560
    30:     1707.710     1819.080     1903.370     1904.880     1905.610
    35:     2046.160     2075.570     2076.100     2077.540     2116.840
    40:     2618.840     2622.010     2713.730     2790.680     2792.110
    45:     3279.820     3279.970     3281.330     3281.830     3426.140
    50:     3755.010     3812.310     3988.480     3990.070     4003.550
    55:     4017.440     4018.930     4019.440     4670.990     4698.420
    60:     4708.860     4709.740     4710.220     4725.940     5199.120
    65:     5803.080     5964.130     5964.460     5964.650     5965.090
    70:     6637.290     6735.660     6736.890     6737.960     6938.770
    75:     6957.840     6959.330     6960.890     6961.190     6961.810
    80:     7840.400     7845.960     7863.280     7863.500     7864.260
    85:     9103.350     9103.530     9105.600     9334.850     9338.380
    90:     9861.730     9864.340    10046.380    10054.450    10055.130
    95:    10428.630    10432.760
N:
     0:       67.820       68.000       68.170      138.900      139.160
     5:      278.420      391.450     1707.100     2137.650     4723.400
O:
     0:      105.800
P:
Q:
     0:   122034.000   160567.000   199295.000   137067.000       97.000
     5:       10.000        1.000        0.000
\Box5_Comments:



Start Date: 02/28/23
End Date: 02/28/23
Subject: 6
Experiment: heroinSA
Group: heroin
Box: 6
Start Time: 12:05:55
End Time: 15:09:53
MSN: FR_SCRIPT
D:       0.915
E:       0.085
F:      15.000
I:     136.000
J:       0.000
K:   10800.010
L:       0.000
R:       0.000
S:       0.000
T:    3644.000
U:       0.000
V:       0.000
W:       0.000
X:       0.000
Y:       0.000
Z:       0.000
A:
     0:        2.000        3.000      500.000     1000.000      180.000
     5:        5.000        1.000        1.000        1.000        0.000
    10:      256.000        0.000
B:
     0:       82.000       75.000        7.000        0.000        0.000
     5:        0.000        0.000
C:
     0:        0.500      863.600        0.500        5.600        0.500
     5:      423.100      862.100      837.100       10.100        3.100
    10:        0.200        0.700        0.800     1891.100        3.100
    15:     1297.100      495.100     1013.100        0.200        0.700
    20:        0.800     4058.100      870.100     1875.100       10.100
    25:       58.100        0.200        0.700        0.800     4555.100
    30:      200.600        0.500      421.100      632.100       19.100
    35:        8.100        0.200        0.700        0.800     4561.100
    40:      480.100      773.100        2.100       19.100        0.200
    45:        0.700        0.800      112.600        0.500        5.600
    50:        0.500     7771.100       19.100       24.100       15.100
    55:        4.100        0.200        0.700        0.800     8662.100
    60:       13.100       10.100      371.100        5.100        0.200
    65:        0.700        0.800      205.100     3298.100      163.100
    70:       15.100       13.100        0.200        0.700        0.800
    75:     3914.100     4103.100        5.100      221.100       16.100
    80:        0.200        0.700        0.800     4180.100        6.100
    85:      333.100      169.100       78.600        0.500     1384.100
    90:        0.200        0.700        0.800     4958.100        3.100
    95:     5155.100      697.100      296.100        0.200        0.700
   100:        0.800     2429.100      837.100       24.100       26.100
   105:        2.100        0.200        0.700        0.800     8839.100
   110:       13.100     8002.100       15.100      720.100        0.200
   115:        0.700        0.800      133.600        0.500     4310.100
   120:       52.100       22.100     2480.100      138.100        0.200
   125:        0.700        0.800     1015.100     1013.100       17.100
   130:      472.100     1331.100        0.200        0.700        0.800
   135:     3644.300
G:
     0:      129.110      215.350      299.030      300.010      300.290
     5:      489.470      489.760      619.410      668.950      770.210
    10:     1176.010     1263.080     1450.490     1451.510     1457.320
    15:     1912.850     1974.890     2038.150     2040.080     2040.810
    20:     2496.980     2544.970     2622.250     2622.400     2624.300
    25:     3413.180     3415.050     3417.450     3418.920     3419.360
    30:     4285.540     4286.880     4287.800     4324.900     4325.440
    35:     4345.950     4675.700     4692.050     4693.540     4694.800
    40:     5086.220     5496.540     5497.050     5519.150     5520.720
    45:     5938.770     5939.320     5972.600     5989.500     6135.770
    50:     6631.490     6631.840     7147.380     7217.080     7246.680
    55:     7489.570     7573.240     7575.660     7578.260     7578.450
    60:     8462.350     8463.670     9263.850     9265.340     9337.330
    65:     9781.610     9786.790     9789.060    10037.030    10050.800
    70:    10152.360    10253.670    10255.300    10302.550    10435.600
H:
     0:       86.360       86.880     1932.870     2635.570     2636.010
     5:     5997.310     9350.610
M:
     0:      129.110      215.350      299.030      300.010      300.290
     5:      489.470      489.760      619.410      668.950      770.210
    10:     1176.010     1263.080     1450.490     1451.510     1457.320
    15:     1912.850     1974.890     2038.150     2040.080     2040.810
    20:     2496.980     2544.970     2622.250     2622.400     2624.300
    25:     3413.180     3415.050     3417.450     3418.920     3419.360
    30:     4285.540     4286.880     4287.800     4324.900     4325.440
    35:     4345.950     4675.700     4692.050     4693.540     4694.800
    40:     5086.220     5496.540     5497.050     5519.150     5520.720
    45:     5938.770     5939.320     5972.600     5989.500     6135.770
    50:     6631.490     6631.840     7147.380     7217.080     7246.680
    55:     7489.570     7573.240     7575.660     7578.260     7578.450
    60:     8462.350     8463.670     9263.850     9265.340     9337.330
    65:     9781.610     9786.790     9789.060    10037.030    10050.800
    70:    10152.360    10253.670    10255.300    10302.550    10435.600
N:
     0:       86.360       86.880     1932.870     2635.570     2636.010
     5:     5997.310     9350.610
O:
P:
Q:
     0:    97231.000   235978.000   245428.000    56775.000       75.000
     5:        7.000        0.000        0.000
\Box6_Comments:



Start Date: 02/28/23
End Date: 02/28/23
Subject: 7
Experiment: heroinSA
Group: saline
Box: 7
Start Time: 12:05:55
End Time: 15:10:44
MSN: FR_SCRIPT
D:       0.514
E:       0.486
F:       7.000
I:     130.000
J:       0.000
K:   10800.010
L:       2.000
R:       0.000
S:       0.000
T:      75.000
U:       0.000
V:       0.000
W:       0.000
X:       0.000
Y:       0.000
Z:       0.000
A:
     0:        1.000        3.000      500.000     1000.000      180.000
     5:        5.000        1.000        1.000        1.000        0.000
    10:      261.000        0.000
B:
     0:       72.000       37.000       35.000        0.000        0.000
     5:        0.000        0.000
C:
     0:        0.500     1137.100      199.600        0.500      230.600
     5:        0.500       30.600        0.500     1498.600        0.500
    10:       40.600        0.500        1.600        0.500        7.600
    15:        0.500      491.600        0.500      502.600        0.500
    20:      214.600        0.500       31.600        0.500        2.600
    25:        0.500     1690.100       15.100       12.100        6.100
    30:        0.200        0.700        0.800      145.600        0.500
    35:     1390.100        9.100       13.100        9.100       22.100
    40:        0.200        0.700        0.800      450.100        2.100
    45:        7.100      771.600        0.500      175.100        4.100
    50:        0.200        0.700        0.800      899.600        0.500
    55:       30.600        0.500      221.600        0.500     5460.100
    60:       15.100        7.100       13.100       26.100        0.200
    65:        0.700        0.800      107.600        0.500     2107.100
    70:       52.100       69.100      347.600        0.500       10.600
    75:        0.500       19.600        0.500        1.600        0.500
    80:    27414.100       11.100        0.200        0.700        0.800
    85:    17856.600        0.500      206.600        0.500     3188.100
    90:       14.100        2.100        4.100       22.100        0.200
    95:        0.700        0.800    13368.600        0.500      496.600
   100:        0.500     4443.600        0.500     6287.600        0.500
   105:      356.600        0.500       38.100       13.100        5.100
   110:       10.100      147.600        0.500     3059.100        0.200
   115:        0.700        0.800      331.600        0.500     7116.600
   120:        0.500       12.600        0.500     4697.100      143.100
   125:      162.600        0.500       40.600        0.500       75.300
G:
     0:      113.750      607.240      608.770      609.910      610.570
     5:      763.990      764.900      766.200      767.170      769.360
    10:      814.290      814.570      815.250      909.790      910.230
    15:     1571.280     1572.720     1573.420     1574.710     1577.350
    20:     1798.690     1803.950     1810.870     4589.920     4591.060
    25:     6716.010     6717.390     6717.630     6718.000     6720.240
    30:     9219.000     9220.290     9220.810     9221.800     9542.420
    35:    10758.010    10772.310
H:
     0:      133.660      156.640      159.630      309.400      313.420
     5:      313.500      314.260      363.290      413.500      434.950
    10:      438.010      438.260      625.040      892.370     1000.180
    15:     1003.180     1025.230     1588.000     1845.550     1846.570
    20:     1848.390     1848.530     6376.600     6397.210     8057.060
    25:     8106.610     8550.900     9179.680     9215.280     9236.510
    30:     9575.530    10287.150    10288.370    10788.490    10792.520
M:
     0:      113.750      607.240      608.770      609.910      610.570
     5:      763.990      764.900      766.200      767.170      769.360
    10:      814.290      814.570      815.250      909.790      910.230
    15:     1571.280     1572.720     1573.420     1574.710     1577.350
    20:     1798.690     1803.950     1810.870     4589.920     4591.060
    25:     6716.010     6717.390     6717.630     6718.000     6720.240
    30:     9219.000     9220.290     9220.810     9221.800     9542.420
    35:    10758.010    10772.310
N:
     0:      133.660      156.640      159.630      309.400      313.420
     5:      313.500      314.260      363.290      413.500      434.950
    10:      438.010      438.260      625.040      892.370     1000.180
    15:     1003.180     1025.230     1588.000     1845.550     1846.570
    20:     1848.390     1848.530     6376.600     6397.210     8057.060
    25:     8106.610     8550.900     9179.680     9215.280     9236.510
    30:     9575.530    10287.150    10288.370    10788.490    10792.520
O:
P:
Q:
     0:   303366.000   120068.000    47512.000    18486.000       37.000
     5:       35.000        0.000        0.000
\Box7_Comments:



Start Date: 02/28/23
End Date: 02/28/23
Subject: 8
Experiment: heroinSA
Group: heroin
Box: 8
Start Time: 12:05:55
End Time: 15:11:18
MSN: FR_SCRIPT
D:       0.783
E:       0.217
F:       9.000
I:     104.000
J:       0.000
K:   10800.010
L:       2.000
R:       0.000
S:       0.000
T:    4837.000
U:       0.000
V:       0.000
W:       0.000
X:       0.000
Y:       0.000
Z:       0.000
A:
     0:        2.000        3.000      500.000     1000.000      180.000
     5:        5.000        1.000        1.000        1.000        0.000
    10:      294.000        0.000
B:
     0:       60.000       47.000       13.000        0.000        0.000
     5:        0.000        0.000
C:
     0:        0.500      559.100        3.100      317.100     1103.600
     5:        0.500      765.600        0.500       89.100     2931.600
    10:        0.500        4.600        0.500     3472.100        0.200
    15:        0.700        0.800      147.100       20.100        4.100
    20:       36.100       21.100        0.200        0.700        3.100
    25:        0.800      103.100       49.100        3.100        1.100
    30:     4057.100        0.200        0.700        2.100        0.800
    35:      863.100       36.100     3602.600        0.500     3746.100
    40:       75.100        7.100        0.200        0.700        0.800
    45:     7393.100      856.100       15.100        5.100     4745.100
    50:        0.200        0.700        0.800     4926.100     8553.100
    55:       25.100       33.100      138.600        0.500      219.100
    60:        0.200        0.700        0.800     4556.600        0.500
    65:     1624.100       93.100        3.100       16.100     2508.100
    70:        0.200        0.700        0.800     7450.100     5301.100
    75:       32.100       65.100      116.600        0.500        6.600
    80:        0.500        2.600        0.500        9.600        0.500
    85:       68.100        0.200        0.700        0.800     6534.100
    90:     6989.600        0.500     6804.100       45.100       22.100
    95:        7.100        0.200        0.700        0.800    11670.100
   100:      122.600        0.500      195.100     4837.300
G:
     0:       55.920       56.230       87.890      283.640      924.310
     5:      938.990      941.070      941.420      945.030      947.420
    10:      957.690      962.620      962.950      963.080     1368.980
    15:     1455.240     1458.800     2193.630     2201.130     2201.800
    20:     2941.140     3026.740     3028.200     3028.690     3503.250
    25:     3995.880     4851.160     4853.620     4856.910     4892.660
    30:     5510.600     5519.890     5520.200     5521.870     5772.670
    35:     6517.680     7047.750     7050.960     7057.430     7077.560
    40:     7730.920     9110.190     9114.700     9116.970     9117.600
    45:    10284.680    10316.300
H:
     0:      198.270      274.720      576.750      577.120     1819.080
     5:     4870.700     5348.280     7069.010     7069.660     7069.840
    10:     7070.700     8429.810    10296.880
M:
     0:       55.920       56.230       87.890      283.640      924.310
     5:      938.990      941.070      941.420      945.030      947.180
    10:      957.690      962.620      962.950      963.080     1368.700
    15:     1455.240     1458.800     2193.630     2201.130     2201.800
    20:     2941.140     3026.740     3028.200     3028.690     3503.250
    25:     3995.880     4851.160     4853.620     4856.910     4892.660
    30:     5510.600     5519.890     5520.200     5521.870     5772.670
    35:     6517.680     7047.750     7050.960     7057.430     7077.560
    40:     7730.920     9110.190     9114.700     9116.970     9117.600
    45:    10284.680    10316.300
N:
     0:      198.270      274.720      576.750      577.120     1819.080
     5:     4870.700     5348.280     7069.010     7069.660     7069.840
    10:     7070.700     8429.810    10296.880
O:
     0:      947.420     1368.980
P:
Q:
     0:   179403.000   256570.000   137544.000    51163.000       47.000
     5:       13.000        2.000        0.000
\Box8_Comments:



Start Date: 02/28/23
End Date: 02/28/23
Subject: 9
Experiment: heroinSA
Group: saline
Box: 9
Start Time: 12:05:55
End Time: 15:11:46
MSN: FR_SCRIPT
D:       0.583
E:       0.417
F:       7.000
I:     108.000
J:       0.000
K:   10800.010
L:       0.000
R:       0.000
S:       0.000
T:     721.000
U:       0.000
V:       0.000
W:       1.000
X:       0.000
Y:       0.000
Z:       0.000
A:
     0:        1.000        3.000      500.000     1000.000      180.000
     5:        5.000        1.000        1.000        1.000        0.000
    10:      250.000        0.000
B:
     0:       60.000       35.000       25.000        0.000        0.000
     5:        0.000        0.000
C:
     0:        0.500      212.600        0.500      321.100      512.100
     5:       36.100      198.100      151.600        0.500     1324.100
    10:        0.200        0.700        0.800      288.100        5.100
    15:       86.100        7.100      492.100        0.200        0.700
    20:        0.800      298.100      134.100      293.600        0.500
    25:      171.100       11.100        3.100        0.200        0.700
    30:        0.800      436.100        5.100        2.100       99.600
    35:        0.500      781.600        0.500      469.100     2521.100
    40:        0.200        0.700        0.800      360.100       10.100
    45:    14543.600        0.500       28.600        0.500      119.600
    50:        0.500       19.600        0.500       65.600        0.500
    55:       16.600        0.500       47.600        0.500       64.600
    60:        0.500       57.600        0.500       19.600        0.500
    65:       77.600        0.500        6.600        0.500        3.600
    70:        0.500     2412.100       24.100       41.100        0.200
    75:        0.700        0.800     5140.100       23.100       44.100
    80:    24665.600        0.500       76.600        0.500        5.600
    85:        0.500    21038.600        0.500        9.600        0.500
    90:      999.600        0.500    12218.600        0.500     2060.100
    95:     8415.100        0.200        0.700        0.800     1755.100
   100:       26.100     3606.100      407.100       28.100        0.200
   105:        0.700        0.800      721.300
G:
     0:       53.320      104.550      108.100      127.950      275.440
     5:      304.250      304.720      313.300      314.050      363.220
    10:      393.070      406.420      452.880      453.910      454.220
    15:      497.830      498.350      498.570      633.430      885.490
    20:      921.560      922.490     2669.990     2672.410     2676.520
    25:     3190.560     3192.880     3197.260     9304.220    10145.690
    30:    10321.210    10323.810    10684.390    10725.110    10727.940
H:
     0:       21.240      143.030      435.710      508.440      586.580
     5:     2376.820     2379.680     2391.510     2393.440     2399.900
    10:     2401.520     2406.200     2412.620     2418.340     2420.260
    15:     2427.940     2428.540     2428.800     5663.750     5671.380
    20:     5671.840     7775.660     7776.580     7876.480     9098.190
M:
     0:       53.320      104.550      108.100      127.950      275.440
     5:      304.250      304.720      313.300      314.050      363.220
    10:      393.070      406.420      452.880      453.910      454.220
    15:      497.830      498.350      498.570      633.430      885.490
    20:      921.560      922.490     2669.990     2672.410     2676.520
    25:     3190.560     3192.880     3197.260     9304.220    10145.690
    30:    10321.210    10323.810    10684.390    10725.110    10727.940
N:
     0:       21.240      143.030      435.710      508.440      586.580
     5:     2376.820     2379.680     2391.510     2393.440     2399.900
    10:     2401.520     2406.200     2412.620     2418.340     2420.260
    15:     2427.940     2428.540     2428.800     5663.750     5671.380
    20:     5671.840     7775.660     7776.580     7876.480     9098.190
O:
P:
Q:
     0:   313440.000    98606.000    33322.000    20177.000       35.000
     5:       25.000        0.000        0.000
\Box9_Comments:



Start Date: 02/28/23
End Date: 02/28/23
Subject: 10
Experiment: heroinSA
Group: heroin
Box: 10
Start Time: 12:05:55
End Time: 15:13:15
MSN: FR_SCRIPT
D:       0.667
E:       0.333
F:       0.000
I:       6.000
J:       0.000
K:   10800.010
L:       2.000
R:       0.000
S:       0.000
T:   51281.000
U:       0.000
V:       0.000
W:       0.000
X:       0.000
Y:       0.000
Z:       0.000
A:
     0:        2.000        3.000      500.000     1000.000      180.000
     5:        5.000        1.000        1.000        1.000        0.000
    10:      287.000        0.000
B:
     0:        3.000        2.000        1.000        0.000        0.000
     5:        0.000        0.000
C:
     0:        0.500     1147.100       14.100    55558.600        0.500
     5:    51281.300
G:
     0:      114.770      116.100
H:
     0:     5671.920
M:
     0:      114.770      116.100
N:
     0:     5671.920
O:
P:
Q:
     0:   289447.000   177353.000    46726.000    13429.000        2.000
     5:        1.000        0.000        0.000
\Box10_Comments:



Start Date: 02/28/23
End Date: 02/28/23
Subject: 3
Experiment: heroinSA
Group: heroin
Box: 3
Start Time: 12:05:55
End Time: 15:18:34
MSN: FR_SCRIPT_box3
D:       0.745
E:       0.255
F:      14.000
I:     167.000
J:       0.000
K:   10800.010
L:       3.000
R:       0.000
S:       0.000
T:    2393.000
U:       0.000
V:       0.000
W:       0.000
X:       0.000
Y:       0.000
Z:       0.000
A:
     0:        1.000        3.000      500.000     1000.000      180.000
     5:        5.000        1.000        1.000        1.000        0.000
    10:      280.000        0.000
B:
     0:       98.000       73.000       25.000        0.000        0.000
     5:        0.000        0.000
C:
     0:        0.500     2579.100        2.100       38.100      576.100
     5:       17.100        0.200        0.700        0.800      109.100
    10:       20.100        5.100       15.100        2.100        0.200
    15:        0.700        0.800     1493.600        0.500      131.100
    20:      825.100      216.600        0.500       33.600        0.500
    25:      190.100       11.100      186.600        0.500       12.600
    30:        0.500     2160.100        0.200        0.700        0.800
    35:     3615.100       24.100       15.600        0.500      879.100
    40:     3312.100        7.100        0.200        0.700        0.800
    45:     3714.600        0.500      408.100       20.100      408.600
    50:        0.500        8.600        0.500      259.100       21.100
    55:      935.100        0.200        0.700        0.800     5339.600
    60:        0.500      163.100      162.100        5.100       53.600
    65:        0.500     1953.100        1.100        0.200        0.700
    70:        0.800     8511.600        0.500      111.100        4.100
    75:     1586.100       22.100     2407.100        0.200        0.700
    80:        0.800     4528.100       30.100       66.100     1831.100
    85:     1716.100        0.200        0.700        0.800     3321.600
    90:        0.500     1596.600        0.500     1124.100       11.100
    95:       36.100       11.100        1.100        0.200        0.700
   100:        0.800     5795.100       29.100     2236.100      152.100
   105:      237.600        0.500        5.600        0.500      468.100
   110:        0.200        0.700        0.800     3732.100        3.100
   115:        1.100      713.100       15.100        0.200        0.700
   120:        0.800     5657.100      867.100        4.100      361.100
   125:      273.100        0.200        0.700        0.800     7359.100
   130:       31.100        6.100     3429.100      867.100        0.200
   135:        0.700        0.800     2898.600        0.500       49.600
   140:        0.500       46.600        0.500     2633.100       22.600
   145:        0.500      131.100      321.100       30.100       98.100
   150:        0.200        0.700        0.800     6085.600        0.500
   155:      540.600        0.500      466.600        0.500       42.100
   160:     1734.600        0.500       28.600        0.500     1400.100
   165:       11.100     2393.300
G:
     0:      257.960      258.100      261.910      319.580      321.270
     5:      332.120      334.180      334.660      336.160      336.360
    10:      498.710      581.260      625.110      626.210      862.010
    15:     1223.570     1225.980     1315.310     1646.510     1647.260
    20:     2059.470     2061.400     2128.940     2131.040     2224.500
    25:     2774.700     2790.970     2791.410     2992.070     2992.110
    30:     3854.360     3854.740     4013.300     4015.490     4256.230
    35:     4709.050     4712.030     4718.670     4901.760     5073.380
    40:     5677.400     5678.540     5682.090     5683.220     5683.370
    45:     6262.810     6265.730     6489.330     6504.550     6575.540
    50:     6948.740     6949.040     6949.100     7020.390     7021.950
    55:     7587.620     7674.310     7674.780     7710.790     7738.170
    60:     8474.050     8477.160     8477.780     8820.640     8907.320
    65:     9469.950     9485.260     9517.340     9520.380     9530.180
    70:    10243.440    10559.620    10560.760
H:
     0:      485.680      602.850      606.170      644.820      646.050
     5:     1227.470     2018.600     2102.190     2102.990     2758.460
    10:     2796.750     3843.240     5405.430     5565.070     6528.230
    15:     6528.710     9197.100     9202.000     9206.600     9472.090
    20:    10138.600    10192.630    10239.240    10416.860    10419.600
M:
     0:      257.960      258.100      261.910      319.580      321.270
     5:      332.120      334.180      334.660      336.160      336.360
    10:      498.710      581.260      625.110      626.210      862.010
    15:     1223.570     1225.980     1315.310     1646.510     1647.260
    20:     2059.470     2061.400     2128.940     2131.040     2224.500
    25:     2774.700     2790.970     2791.410     2992.070     2992.110
    30:     3854.360     3854.740     4013.300     4015.490     4256.230
    35:     4709.050     4712.030     4718.670     4901.760     5073.380
    40:     5677.400     5678.540     5682.090     5683.220     5683.370
    45:     6262.810     6265.730     6489.330     6504.550     6575.540
    50:     6948.740     6949.040     6949.100     7020.390     7021.950
    55:     7587.620     7674.310     7674.780     7710.790     7738.170
    60:     8474.050     8477.160     8477.780     8820.640     8907.320
    65:     9469.950     9485.260     9517.340     9520.380     9530.180
    70:    10243.440    10559.620    10560.760
N:
     0:      485.680      602.850      606.170      644.820      646.050
     5:     1227.470     2018.600     2102.190     2102.990     2758.460
    10:     2796.750     3843.240     5405.430     5565.070     6528.230
    15:     6528.710     9197.100     9202.000     9206.600     9472.090
    20:    10138.600    10192.630    10239.240    10416.860    10419.600
O:
P:
Q:
     0:        0.000   221780.000   111078.000    77200.000       73.000
     5:       25.000        0.000        0.000
\Box3_Comments:



Start Date: 02/28/23
End Date: 02/28/23
Subject: 4
Experiment: heroinSA
Group: heroin
Box: 4
Start Time: 12:05:55
End Time: 15:18:34
MSN: FR_SCRIPT_box4
D:       0.769
E:       0.231
F:      10.000
I:     112.000
J:       0.000
K:   10800.010
L:       0.000
R:       0.000
S:       0.000
T:   11703.000
U:       0.000
V:       0.000
W:       0.000
X:       0.000
Y:       0.000
Z:       0.000
A:
     0:        2.000        3.000      500.000     1000.000      180.000
     5:        5.000        1.000        1.000        1.000        0.000
    10:      277.000        0.000
B:
     0:       65.000       50.000       15.000        0.000        0.000
     5:        0.000        0.000
C:
     0:        0.500     1611.600        0.500     1061.100        3.100
     5:        6.100        7.100       11.100        0.200        0.700
    10:        0.800      109.100       10.100      721.100        3.100
    15:        2.100        0.200        0.700        0.800      492.100
    20:       32.600        0.500        5.600        0.500     1603.100
    25:      761.100      337.100     1758.100        0.200        0.700
    30:        0.800      227.600        0.500     4748.100      528.100
    35:     3249.100      698.100       38.100        0.200        0.700
    40:        0.800     8862.100     3901.100       11.100       11.100
    45:        7.100        0.200        0.700        0.800    11694.100
    50:        7.100        4.100       18.100        7.100        0.200
    55:        0.700        0.800      259.100      103.600        0.500
    60:       23.600        0.500        4.600        0.500        9.600
    65:        0.500     5390.100        4.100    13644.600        0.500
    70:     4387.100       18.100        0.200        0.700        0.800
    75:     1863.100       10.100        5.100        2.100       10.100
    80:        0.200        0.700        0.800      118.600        0.500
    85:    20234.100        7.100      310.600        0.500      116.100
    90:     1624.600        0.500      842.100     1331.100        0.200
    95:        0.700        0.800      168.600        0.500      354.100
   100:        4.100     2659.600        0.500       34.100       14.100
   105:       14.100        0.200        0.700        0.800      195.600
   110:        0.500    11703.300
G:
     0:      267.240      267.580      268.160      268.860      269.900
     5:      280.810      281.850      353.970      354.210      354.400
    10:      403.660      567.620      643.780      677.480      853.270
    15:     1350.750     1403.580     1728.430     1798.230     1802.000
    20:     2688.280     3078.330     3079.480     3080.580     3081.190
    25:     4250.650     4251.360     4251.750     4253.500     4254.280
    30:     4280.180     4833.040     4833.420     6636.540     6638.310
    35:     6824.640     6825.590     6826.120     6826.330     6827.340
    40:     8862.500     8863.280     8905.840     9152.410     9285.570
    45:     9337.740     9338.100     9607.480     9608.850     9610.230
H:
     0:      161.160      406.870      407.360      875.960     4290.430
     5:     4292.770     4293.130     4294.040     6197.790     6839.170
    10:     8894.260     9068.280     9302.340     9604.020     9629.720
M:
     0:      267.240      267.580      268.160      268.860      269.900
     5:      280.810      281.850      353.970      354.210      354.400
    10:      403.660      567.620      643.780      677.480      853.270
    15:     1350.750     1403.580     1728.430     1798.230     1802.000
    20:     2688.280     3078.330     3079.480     3080.580     3081.190
    25:     4250.650     4251.360     4251.750     4253.500     4254.280
    30:     4280.180     4833.040     4833.420     6636.540     6638.310
    35:     6824.640     6825.590     6826.120     6826.330     6827.340
    40:     8862.500     8863.280     8905.840     9152.410     9285.570
    45:     9337.740     9338.100     9607.480     9608.850     9610.230
N:
     0:      161.160      406.870      407.360      875.960     4290.430
     5:     4292.770     4293.130     4294.040     6197.790     6839.170
    10:     8894.260     9068.280     9302.340     9604.020     9629.720
O:
P:
Q:
     0:   211220.000   249978.000    89340.000    26177.000       50.000
     5:       15.000        0.000        0.000
\Box4_Comments:



Start Date: 02/28/23
End Date: 02/28/23
Subject: 11
Experiment: heroinSA
Group: saline
Box: 11
Start Time: 12:05:55
End Time: 15:18:34
MSN: FR_SCRIPT_5choice
D:       0.195
E:       0.805
F:       1.000
I:      79.000
J:       0.000
K:   10800.010
L:       3.000
R:       0.000
S:       0.000
T:    4125.000
U:       0.000
V:       0.000
W:       0.000
X:       0.000
Y:       0.000
Z:       0.000
A:
     0:        1.000        3.000      500.000     1000.000      180.000
     5:        5.000        1.000        1.000        2.000        0.000
    10:      263.000        0.000
B:
     0:       41.000        8.000       33.000        0.000        0.000
     5:        0.000        0.000
C:
     0:        0.500     1767.600        0.500      795.600        0.500
     5:      162.100       40.100      650.600        0.500     1246.600
    10:        0.500     1923.100       70.100      719.600        0.500
    15:     3135.600        0.500      912.600        0.500      118.600
    20:        0.500       50.600        0.500        9.600        0.500
    25:       12.600        0.500       20.600        0.500       17.600
    30:        0.500        9.600        0.500        6.600        0.500
    35:        7.600        0.500       14.600        0.500       22.600
    40:        0.500    18135.600        0.500       46.600        0.500
    45:       34.600        0.500      423.100        0.200        0.700
    50:        0.800     3000.600        0.500       33.600        0.500
    55:    28798.600        0.500     9467.100     1099.100    13414.600
    60:        0.500     8232.600        0.500     1133.600        0.500
    65:      292.600        0.500       41.600        0.500        3.600
    70:        0.500     1388.600        0.500       23.600        0.500
    75:     2353.600        0.500     4258.100     4125.300
G:
     0:      272.430      276.390      658.300      665.300     3034.140
     5:     7163.960     7273.850    10387.520
H:
     0:      176.750      256.200      341.460      466.060      737.250
     5:     1050.760     1141.930     1153.780     1158.730     1159.630
    10:     1160.810     1162.840     1164.550     1165.400     1166.070
    15:     1166.740     1168.180     1170.360     2983.850     2988.420
    20:     2991.860     3334.110     3337.410     6217.220     8615.200
    25:     9438.460     9551.770     9580.890     9585.040     9585.380
    30:     9724.140     9726.450     9961.750
M:
     0:      272.430      276.390      658.300      665.300     3034.140
     5:     7163.960     7273.850    10387.520
N:
     0:      176.750      256.200      341.460      466.060      737.250
     5:     1050.760     1141.930     1153.780     1158.730     1159.630
    10:     1160.810     1162.840     1164.550     1165.400     1166.070
    15:     1166.740     1168.180     1170.360     2983.850     2988.420
    20:     2991.860     3334.110     3337.410     6217.220     8615.200
    25:     9438.460     9551.770     9580.890     9585.040     9585.380
    30:     9724.140     9726.450     9961.750
O:
P:
Q:
     0:        0.000        0.000        0.000        0.000        8.000
     5:       33.000        0.000        0.000
\Box11_Comments:



Start Date: 02/28/23
End Date: 02/28/23
Subject: 12
Experiment: heroinSA
Group: saline
Box: 12
Start Time: 12:05:55
End Time: 15:18:34
MSN: FR_SCRIPT_5choice
D:       0.375
E:       0.625
F:       5.000
I:     135.000
J:       0.000
K:   10800.010
L:       2.000
R:       0.000
S:       0.000
T:    3032.000
U:       0.000
V:       0.000
W:       0.000
X:       0.000
Y:       0.000
Z:       0.000
A:
     0:        2.000        3.000      500.000     1000.000      180.000
     5:        5.000        1.000        1.000        2.000        0.000
    10:      271.000        0.000
B:
     0:       72.000       27.000       45.000        0.000        0.000
     5:        0.000        0.000
C:
     0:        0.500      151.100      381.100      869.600        0.500
     5:       16.600        0.500       44.100        6.100        1.100
    10:        0.200        0.700        1.100        0.800     3867.600
    15:        0.500     3528.600        0.500        3.600        0.500
    20:     6249.600        0.500      943.600        0.500      924.100
    25:        8.100        4.100       14.100       22.100        0.200
    30:        0.700        0.800     6292.600        0.500     2822.600
    35:        0.500      120.600        0.500        8.600        0.500
    40:        8.600        0.500       22.600        0.500      282.100
    45:       40.100        7.100     1506.600        0.500       65.600
    50:        0.500      390.100       19.100        0.200        0.700
    55:        0.800      482.600        0.500      865.600        0.500
    60:       50.100      310.600        0.500       57.600        0.500
    65:      172.600        0.500       58.600        0.500        9.600
    70:        0.500       38.600        0.500      123.600        0.500
    75:       95.600        0.500      187.100       32.100      102.100
    80:        6.100        0.200        0.700        0.800      147.100
    85:       18.100       49.600        0.500       13.600        0.500
    90:        2.600        0.500      195.600        0.500      188.600
    95:        0.500      602.600        0.500    13951.600        0.500
   100:      907.600        0.500    10908.600        0.500      236.100
   105:       53.100       10.100        0.200        0.700        0.800
   110:     2145.600        0.500       15.600        0.500       45.600
   115:        0.500      655.600        0.500       19.600        0.500
   120:     9002.600        0.500     2005.600        0.500    13568.600
   125:        0.500     6567.600        0.500      740.100     8887.600
   130:        0.500      168.600        0.500     2675.100     3032.300
G:
     0:       15.110       53.210      146.140      146.730      146.960
     5:     1698.320     1699.180     1699.550     1700.910     1703.100
    10:     2658.500     2662.560     2663.200     2859.360     2861.240
    15:     3000.890     3105.820     3109.010     3119.220     3119.840
    20:     3134.570     3136.380     5841.480     5846.710     5847.720
    25:     9323.860    10496.850
H:
     0:      140.140      141.780      533.610      886.430      886.780
     5:     1511.610     1605.970     2332.310     2614.560     2626.540
    10:     2627.310     2628.090     2630.330     2813.860     2820.370
    15:     2909.440     2995.960     3031.980     3037.630     3054.870
    20:     3060.680     3061.490     3065.320     3077.630     3087.170
    25:     3141.200     3142.550     3142.770     3162.240     3181.070
    30:     3241.210     4636.380     4727.020     5817.830     6062.190
    35:     6063.700     6068.280     6133.730     6135.650     7035.850
    40:     7236.290     8593.160     9249.870    10212.540    10229.320
M:
     0:       15.110       53.210      146.140      146.730      146.860
     5:     1698.320     1699.180     1699.550     1700.910     1703.100
    10:     2658.500     2662.560     2663.200     2859.360     2861.240
    15:     3000.890     3105.820     3109.010     3119.220     3119.840
    20:     3134.570     3136.380     5841.480     5846.710     5847.720
    25:     9323.860    10496.850
N:
     0:      140.140      141.780      533.610      886.430      886.780
     5:     1511.610     1605.970     2332.310     2614.560     2626.540
    10:     2627.310     2628.090     2630.330     2813.860     2820.370
    15:     2909.440     2995.960     3031.980     3037.630     3054.870
    20:     3060.680     3061.490     3065.320     3077.630     3087.170
    25:     3141.200     3142.550     3142.770     3162.240     3181.070
    30:     3241.210     4636.380     4727.020     5817.830     6062.190
    35:     6063.700     6068.280     6133.730     6135.650     7035.850
    40:     7236.290     8593.160     9249.870    10212.540    10229.320
O:
     0:      146.960
P:
Q:
     0:        0.000        0.000        0.000        0.000       27.000
     5:       45.000        1.000        0.000
\Box12_Comments:



Start Date: 02/28/23
End Date: 02/28/23
Subject: 13
Experiment: heroinSA
Group: saline
Box: 13
Start Time: 12:05:55
End Time: 15:18:34
MSN: FR_SCRIPT_5choice
D:       0.515
E:       0.485
F:       3.000
I:      60.000
J:       0.000
K:   10800.010
L:       2.000
R:       0.000
S:       0.000
T:     125.000
U:       0.000
V:       0.000
W:       0.000
X:       0.000
Y:       0.000
Z:       0.000
A:
     0:        1.000        3.000      500.000     1000.000      180.000
     5:        5.000        1.000        1.000        2.000        0.000
    10:      258.000        0.000
B:
     0:       33.000       17.000       16.000        0.000        0.000
     5:        0.000        0.000
C:
     0:        0.500      231.600        0.500     1941.100       60.600
     5:        0.500        9.600        0.500        8.600        0.500
    10:     4700.100       17.100       34.100    15175.600        0.500
    15:       14.600        0.500        5.600        0.500        2.600
    20:        0.500        6.600        0.500       26.600        0.500
    25:       17.600        0.500       62.600        0.500       23.600
    30:        0.500       42.600        0.500       31.600        0.500
    35:      286.600        0.500     7798.100        0.200        0.700
    40:        0.800      188.100       12.100       20.100    23213.100
    45:       14.100        0.200        0.700        0.800      223.100
    50:    40104.100       88.100       32.100       30.100        0.200
    55:        0.700        0.800      110.100    13354.100      125.300
G:
     0:      217.200      694.980      696.660      700.010     3048.720
     5:     3067.540     3068.690     3070.700     5392.000     5393.390
    10:     5415.740     9426.150     9434.910     9438.090     9441.170
    15:     9452.120    10787.490
H:
     0:       23.130      223.220      224.100      224.980     2217.500
     5:     2218.900     2219.400     2219.610     2220.250     2222.830
    10:     2224.530     2230.720     2233.040     2237.230     2240.370
    15:     2268.980
M:
     0:      217.200      694.980      696.660      700.010     3048.720
     5:     3067.540     3068.690     3070.700     5392.000     5393.390
    10:     5415.740     9426.150     9434.910     9438.090     9441.170
    15:     9452.120    10787.490
N:
     0:       23.130      223.220      224.100      224.980     2217.500
     5:     2218.900     2219.400     2219.610     2220.250     2222.830
    10:     2224.530     2230.720     2233.040     2237.230     2240.370
    15:     2268.980
O:
P:
Q:
     0:        0.000        0.000        0.000        0.000       17.000
     5:       16.000        0.000        0.000
\Box13_Comments:



Start Date: 02/28/23
End Date: 02/28/23
Subject: 14
Experiment: heroinSA
Group: saline
Box: 14
Start Time: 12:05:55
End Time: 15:18:34
MSN: FR_SCRIPT_5choice
D:       0.537
E:       0.463
F:       5.000
I:      96.000
J:       0.000
K:   10800.010
L:       4.000
R:       0.000
S:       0.000
T:     835.000
U:       0.000
V:       0.000
W:       0.000
X:       0.000
Y:       0.000
Z:       0.000
A:
     0:        2.000        3.000      500.000     1000.000      180.000
     5:        5.000        1.000        1.000        2.000        0.000
    10:      290.000        0.000
B:
     0:       54.000       29.000       25.000        0.000        0.000
     5:        0.000        0.000
C:
     0:        0.500     1511.100        9.100        4.100     1043.600
     5:        0.500      900.600        0.500        5.600        0.500
    10:      176.100        4.100        0.200        0.700        0.800
    15:      105.100      227.100       51.600        0.500     6927.600
    20:        0.500        4.600        0.500       69.600        0.500
    25:        5.600        0.500        5.600        0.500      548.100
    30:       18.100       71.600        0.500        9.600        0.500
    35:     3887.600        0.500        6.600        0.500        3.600
    40:        0.500       16.600        0.500     5278.100        0.200
    45:        0.700        0.800     2081.600        0.500     9805.100
    50:     3350.600        0.500      173.100      130.100       22.100
    55:        4.100        0.200        0.700        0.800      178.100
    60:     2161.100      149.600        0.500    22367.600        0.500
    65:        4.600        0.500       76.100    26020.100       13.100
    70:        0.200        0.700        0.800      243.100      372.100
    75:     3307.600        0.500       35.600        0.500     1199.100
    80:    11176.600        0.500       23.600        0.500       42.600
    85:        0.500     1964.100        7.100        0.200        0.700
    90:        0.800      119.100     1076.100      128.100       60.100
    95:      835.300
G:
     0:      151.140      152.020      152.450      364.810      365.190
     5:      375.690      398.480     1159.350     1161.160     2088.150
    10:     3276.760     3629.030     3642.030     3644.200     3644.660
    15:     3662.430     3878.550     6138.170     8740.110     8741.460
    20:     8765.710     8802.970     9257.050    10577.570    10578.280
    25:    10590.110    10697.700    10710.500    10716.510
H:
     0:      256.740      346.730      347.250      403.540     1096.270
     5:     1096.650     1103.580     1104.050     1104.530     1168.230
    10:     1169.170     1557.790     1558.440     1558.760     1560.350
    15:     2296.280     3611.760     3893.440     6130.110     6130.580
    20:     9133.590     9137.130    10374.670    10376.910    10381.110
M:
     0:      151.140      152.020      152.450      364.810      365.190
     5:      375.690      398.480     1159.350     1161.160     2088.150
    10:     3276.760     3629.030     3642.030     3644.200     3644.660
    15:     3662.430     3878.550     6138.170     8740.110     8741.460
    20:     8765.710     8802.970     9257.050    10577.570    10578.280
    25:    10590.110    10697.700    10710.500    10716.510
N:
     0:      256.740      346.730      347.250      403.540     1096.270
     5:     1096.650     1103.580     1104.050     1104.530     1168.230
    10:     1169.170     1557.790     1558.440     1558.760     1560.350
    15:     2296.280     3611.760     3893.440     6130.110     6130.580
    20:     9133.590     9137.130    10374.670    10376.910    10381.110
O:
P:
Q:
     0:        0.000        0.000        0.000        0.000       29.000
     5:       25.000        0.000        0.000
\Box14_Comments:



Start Date: 02/28/23
End Date: 02/28/23
Subject: 15
Experiment: heroinSA
Group: saline
Box: 15
Start Time: 12:05:55
End Time: 15:18:34
MSN: FR_SCRIPT_5choice
D:       0.286
E:       0.714
F:       0.000
I:      14.000
J:       0.000
K:   10800.010
L:       2.000
R:       0.000
S:       0.000
T:   56844.000
U:       0.000
V:       0.000
W:       0.000
X:       0.000
Y:       0.000
Z:       0.000
A:
     0:        1.000        3.000      500.000     1000.000      180.000
     5:        5.000        1.000        1.000        2.000        0.000
    10:      280.000        0.000
B:
     0:        7.000        2.000        5.000        0.000        0.000
     5:        0.000        0.000
C:
     0:        0.500    17858.600        0.500    13876.600        0.500
     5:        9.600        0.500    18696.600        0.500       47.600
    10:        0.500      616.100       54.100    56844.300
G:
     0:     5110.190     5115.620
H:
     0:     1785.870     3173.440     3174.290     5043.960     5048.670
M:
     0:     5110.190     5115.620
N:
     0:     1785.870     3173.440     3174.290     5043.960     5048.670
O:
P:
Q:
     0:        0.000        0.000        0.000        0.000        2.000
     5:        5.000        0.000        0.000
\Box15_Comments:
