File: C:\Users\hurdlab\Desktop\data_rme\JS\heroinSA\20230214\ heroinSA_FR1_roomE_20230308



Start Date: 03/08/23
End Date: 03/08/23
Subject: 1
Experiment: heroinSA
Group: heroin
Box: 1
Start Time: 11:56:07
End Time: 14:57:50
MSN: FR_SCRIPT
D:       0.845
E:       0.155
F:      16.000
I:     282.000
J:       0.000
K:   10800.010
L:       4.000
R:       0.000
S:       0.000
T:     658.000
U:       0.000
V:       1.000
W:       0.000
X:       0.000
Y:       0.000
Z:       0.000
A:
     0:        1.000        3.000      500.000     1000.000      180.000
     5:       10.000        1.000        1.000        1.000        0.000
    10:      305.000        0.000
B:
     0:      194.000      164.000       30.000        0.000        0.000
     5:        0.000        0.000
C:
     0:        0.500      278.100       98.600        0.500      528.100
     5:      137.100     1289.100      220.100       66.100      317.600
    10:        0.500       50.600        0.500      179.100      421.100
    15:      364.100     1198.100        0.200        0.700       14.100
    20:       77.100        0.800       11.100        3.100       10.100
    25:        2.100       11.100       19.100       12.100       15.100
    30:       17.100      109.100        0.200        0.700        3.100
    35:        2.100        0.800       97.100        4.100      111.100
    40:       30.100       20.100        6.100        1.100     4432.100
    45:        6.100      321.100        0.200        0.700       78.100
    50:        0.800       26.100        9.100       34.100        1.100
    55:       64.100      112.100       45.100       81.100     1282.100
    60:      796.100        0.200        0.700        0.800      116.100
    65:       16.100      313.100     1238.100     2664.100       41.100
    70:      671.600        0.500        0.600        0.500        6.600
    75:        0.500      212.100      403.100       17.100      136.100
    80:        0.200        0.700        0.800      110.100       12.100
    85:      100.100        2.100       26.100        1.100      488.100
    90:       84.100      275.600        0.500       22.600        0.500
    95:       68.100     1007.100        0.200        0.700        0.800
   100:      116.600        0.500      699.100       11.100     2634.100
   105:      475.600        0.500      457.100      587.100        0.100
   110:       70.100       30.100        0.600        0.500      237.100
   115:        1.100        0.200        0.700        0.800      109.100
   120:      124.100      144.600        0.500       42.600        0.500
   125:       21.600        0.500        2.100     1061.100     1832.100
   130:     1048.100      783.100      395.100       26.100     1126.100
   135:        0.200        0.700        0.800      127.100       10.100
   140:       22.100        1.100       65.600        0.500     2044.100
   145:       51.600        0.500      102.600        0.500        0.100
   150:      567.600        0.500        2.600        0.500      385.100
   155:      185.600        0.500     3408.100      585.100      209.100
   160:        0.200        0.700        0.800      114.100      197.100
   165:       69.100      440.100      668.600        0.500        4.600
   170:        0.500      358.100      117.100      495.600        0.500
   175:      193.600        0.500       19.100        8.100     1122.100
   180:     2514.100        0.200        0.700        0.800      218.100
   185:        2.100      270.600        0.500       12.100     3202.100
   190:      795.100      518.100       61.600        0.500      204.100
   195:      135.100      127.600        0.500      609.600        0.500
   200:      325.100      166.100        0.200        0.700        0.800
   205:     4681.100      139.100      587.100      754.100      341.600
   210:        0.500       60.100     1760.100      246.100     1098.100
   215:      257.100        3.100        0.200        0.700        0.800
   220:      191.600        0.500     1256.100        7.100     4243.100
   225:      891.100     2341.100      197.100      104.100      730.100
   230:      860.100     3190.100        0.200        0.700        0.800
   235:      112.100     2102.100      128.100      764.100       26.100
   240:      167.100     1014.100      121.100      236.100      172.100
   245:        0.200        0.700       81.100        0.800     3282.100
   250:     2844.100     1074.100      338.100       49.600        0.500
   255:      852.100       64.100     1812.100      617.100        9.100
   260:      243.100        0.200        0.700        0.800      243.100
   265:       40.100      569.100     4257.100     1239.100       84.100
   270:      110.100      157.100     3963.100      652.100        0.200
   275:        0.700        0.800      104.100        9.100      282.100
   280:     1801.100      658.300
G:
     0:       27.800       90.460      104.130      233.000      255.070
     5:      261.590      316.260      358.380      394.760      523.610
    10:      524.720      525.020      526.010      526.200      527.350
    15:      529.260      530.480      531.980      533.630      545.030
    20:      554.710      555.120      566.250      569.260      571.230
    25:      571.810      571.970     1015.160     1015.700     1055.630
    30:     1058.240     1059.140     1062.550     1062.640     1069.030
    35:     1080.240     1084.780     1092.850     1221.020     1300.600
    40:     1312.240     1313.850     1345.100     1468.960     1735.320
    45:     1739.450     1828.300     1868.640     1870.380     1883.980
    50:     1894.910     1896.160     1906.130     1906.350     1908.940
    55:     1909.000     1957.820     1966.240     2002.700     2103.420
    60:     2184.940     2186.020     2449.420     2542.620     2601.330
    65:     2601.370     2608.320     2611.350     2635.010     2635.100
    70:     2646.080     2658.430     2679.350     2785.460     2968.620
    75:     3073.410     3151.700     3191.250     3193.810     3306.480
    80:     3319.110     3320.110     3322.350     3322.390     3533.290
    85:     3548.680     3644.030     4003.340     4061.850     4082.690
    90:     4094.130     4113.810     4120.700     4164.770     4267.730
    95:     4279.420     4350.140     4350.970     4463.090     4714.490
   100:     4736.350     4736.530     4764.770     5084.930     5164.420
   105:     5216.260     5242.720     5256.230     5362.380     5378.970
   110:     5847.060     5860.900     5919.610     5995.030     6035.090
   115:     6211.140     6235.760     6345.570     6371.260     6371.530
   120:     6516.240     6516.940     6941.220     7030.380     7264.460
   125:     7284.180     7294.520     7367.510     7453.490     7772.500
   130:     7783.690     7993.910     8006.730     8083.160     8085.760
   135:     8102.400     8203.840     8215.980     8239.570     8264.830
   140:     8593.010     8877.470     8984.870     9018.670     9108.690
   145:     9115.170     9296.380     9358.080     9358.900     9383.190
   150:     9407.550     9411.520     9468.460     9894.110    10018.070
   155:    10026.420    10037.440    10053.090    10449.460    10514.660
   160:    10524.990    10525.940    10554.120    10734.220
H:
     0:       37.620      293.330      298.350     1806.490     1806.530
     5:     1807.090     1993.750     1995.920     2115.060     2496.980
    10:     2672.860     2677.060     2679.120     3328.910     3538.390
    15:     3548.590     3605.360     3605.510     3662.510     4231.570
    20:     4231.900     4328.980     4348.270     4763.540     5222.310
    25:     5268.920     5329.790     6029.170     6390.610     9023.570
M:
     0:       27.800       90.460      104.130      233.000      255.070
     5:      261.590      316.260      358.380      394.760      514.540
    10:      524.720      525.020      526.010      526.200      527.350
    15:      529.260      530.480      531.980      533.630      544.570
    20:      554.710      555.120      566.250      569.260      571.230
    25:      571.810      571.970     1015.160     1015.700     1047.810
    30:     1058.240     1059.140     1062.550     1062.640     1069.030
    35:     1080.240     1084.780     1092.850     1221.020     1300.600
    40:     1312.240     1313.850     1345.100     1468.960     1735.320
    45:     1739.450     1828.300     1868.640     1870.380     1883.980
    50:     1894.910     1896.160     1906.130     1906.350     1908.940
    55:     1909.000     1957.820     1966.240     2002.700     2103.420
    60:     2184.940     2186.020     2449.420     2542.620     2601.330
    65:     2601.370     2608.320     2611.350     2635.010     2635.100
    70:     2646.080     2658.430     2679.350     2785.460     2968.620
    75:     3073.410     3151.700     3191.250     3193.810     3306.480
    80:     3319.110     3320.110     3322.350     3322.390     3533.290
    85:     3548.680     3644.030     4003.340     4061.850     4082.690
    90:     4094.130     4113.810     4120.700     4164.770     4267.730
    95:     4279.420     4350.140     4350.970     4463.090     4714.490
   100:     4736.350     4736.530     4764.770     5084.930     5164.420
   105:     5216.260     5242.720     5256.230     5362.380     5378.970
   110:     5847.060     5860.900     5919.610     5995.030     6035.090
   115:     6211.140     6235.760     6345.570     6371.260     6371.530
   120:     6516.240     6516.940     6941.220     7030.380     7264.460
   125:     7284.180     7294.520     7367.510     7453.490     7772.500
   130:     7783.690     7993.910     8006.730     8083.160     8085.760
   135:     8102.400     8203.840     8215.980     8239.570     8256.730
   140:     8593.010     8877.470     8984.870     9018.670     9108.690
   145:     9115.170     9296.380     9358.080     9358.900     9383.190
   150:     9407.550     9411.520     9468.460     9894.110    10018.070
   155:    10026.420    10037.440    10053.090    10449.460    10514.660
   160:    10524.990    10525.940    10554.120    10734.220
N:
     0:       37.620      293.330      298.350     1806.490     1806.530
     5:     1807.090     1993.750     1995.920     2115.060     2496.980
    10:     2672.860     2677.060     2679.120     3328.910     3538.390
    15:     3548.590     3605.360     3605.510     3662.510     4231.570
    20:     4231.900     4328.980     4348.270     4763.540     5222.310
    25:     5268.920     5329.790     6029.170     6390.610     9023.570
O:
     0:      515.920      523.610      544.840      545.030     1055.630
     5:     8264.830
P:
Q:
     0:   178993.000   264930.000   163827.000    87885.000      164.000
     5:       30.000        6.000        0.000
\Box1_Comments:



Start Date: 03/08/23
End Date: 03/08/23
Subject: 2
Experiment: heroinSA
Group: heroin
Box: 2
Start Time: 11:56:07
End Time: 14:57:51
MSN: FR_SCRIPT
D:       0.840
E:       0.160
F:      13.000
I:     226.000
J:       0.000
K:   10800.010
L:       1.000
R:       0.000
S:       0.000
T:    2186.000
U:       0.000
V:       0.000
W:       0.000
X:       0.000
Y:       1.000
Z:       0.000
A:
     0:        2.000        3.000      500.000     1000.000      180.000
     5:       10.000        1.000        1.000        1.000        0.000
    10:      276.000        0.000
B:
     0:      156.000      131.000       25.000        0.000        0.000
     5:        0.000        0.000
C:
     0:        0.500      264.100        2.100        3.100       16.600
     5:        0.500      493.100      621.100       64.600        0.500
    10:     1213.100       12.100       26.100       36.600        0.500
    15:     1158.100        7.100        0.200        0.700        0.800
    20:     2402.100       24.100      778.100       13.100     1641.100
    25:       90.100        8.100      186.600        0.500      127.100
    30:      812.100      396.100        0.200        0.700        0.800
    35:      101.600        0.500       10.600        0.500        2.600
    40:        0.500        4.600        0.500        2.600        0.500
    45:        4.600        0.500        8.600        0.500        5.600
    50:        0.500       91.100       46.100     3508.100        9.100
    55:        5.100      107.100        6.100       28.100       70.100
    60:        6.100        0.200        0.700        0.800     3147.600
    65:        0.500      231.100      852.100       10.100        2.100
    70:        3.100        9.100      851.100        4.100     2177.100
    75:       39.100        0.200        0.700        0.800      286.600
    80:        0.500        0.600        0.500        3.600        0.500
    85:      248.100       16.100     1653.100        4.100       84.600
    90:        0.500       68.100        8.100      338.100       17.100
    95:        7.100      184.600        0.500       92.600        0.500
   100:        1.600        0.500     2437.100        0.200        0.700
   105:        0.800      609.100       13.100        9.100       93.600
   110:        0.500     2546.100      195.100        5.100       46.100
   115:        9.100        4.100     1905.100        0.200        0.700
   120:        0.800     8252.100       11.100     1640.100       36.100
   125:       43.100       48.100        4.100        3.100     2065.100
   130:       12.100        0.200        0.700        1.600        0.500
   135:        1.600        0.500        0.800      183.100      415.600
   140:        0.500        1.600        0.500     2679.100     1550.100
   145:       14.100        4.100        8.100      158.100        3.100
   150:        5.100      533.100        0.200        0.700        0.800
   155:      176.100      182.100     5673.100      231.100        6.100
   160:       15.100        7.100     1112.100        4.100        2.100
   165:        0.200        0.700        0.800     4408.100        9.100
   170:     1001.100       18.100      732.100     1178.100        2.100
   175:        6.100        9.100       10.100        0.200        0.700
   180:        0.800     7693.100      792.100       19.100     2103.100
   185:      196.100       17.100        5.100       21.100      600.100
   190:     1761.100        0.200        0.700        0.800      287.100
   195:     8182.100       98.100        7.100       13.100       19.100
   200:      595.100       89.100        4.100       13.100        0.200
   205:        0.700        0.800     6089.100      591.100        9.100
   210:      220.600        0.500      580.100      124.600        0.500
   215:     2773.100     1843.100      258.100     5589.100       21.100
   220:       33.100        0.200        0.700        0.800      111.100
   225:     2186.300
G:
     0:       26.460       26.610       26.910       77.840      139.920
     5:      267.600      268.810      271.470      390.870      391.550
    10:      631.690      634.090      711.890      713.270      877.340
    15:      886.370      887.160      918.420      999.630     1039.210
    20:     1061.900     1066.530     1417.340     1418.250     1418.730
    25:     1429.460     1430.000     1432.840     1439.850     1440.420
    30:     1778.280     1863.410     1864.470     1864.620     1864.900
    35:     1865.870     1950.890     1951.330     2169.000     2172.960
    40:     2226.680     2228.190     2393.540     2393.960     2409.180
    45:     2409.970     2443.770     2445.480     2446.130     2717.550
    50:     2778.470     2779.770     2780.620     3044.510     3064.050
    55:     3064.560     3069.100     3070.060     3070.390     3260.960
    60:     4086.140     4087.250     4251.220     4254.800     4259.110
    65:     4263.930     4264.370     4264.670     4471.100     4472.300
    70:     4490.830     4800.380     4955.360     4956.750     4957.110
    75:     4957.890     4973.740     4974.080     4974.520     5027.790
    80:     5045.420     5063.680     5630.940     5654.080     5654.660
    85:     5656.170     5656.810     5768.030     5768.430     5768.640
    90:     6209.410     6210.320     6310.450     6312.230     6385.480
    95:     6503.220     6503.450     6504.070     6504.950     6505.960
   100:     7275.250     7354.420     7356.360     7566.640     7586.220
   105:     7587.970     7588.480     7590.540     7650.540     7826.650
   110:     7855.300     8673.550     8683.380     8684.050     8685.340
   115:     8687.270     8746.750     8755.640     8756.020     8757.380
   120:     9366.200     9425.310     9426.270     9506.220     9795.980
   125:     9980.270    10006.050    10564.930    10567.070    10570.380
   130:    10581.480
H:
     0:       28.490      146.350      275.040      905.720     1049.320
     5:     1050.340     1050.560     1050.930     1051.180     1051.490
    10:     1052.370     1052.880     1755.150     2201.510     2201.580
    15:     2201.880     2402.360     2464.570     2473.750     2473.790
    20:     4472.550     4532.350     4532.440     9448.280     9518.620
M:
     0:       26.460       26.610       26.910       77.840      139.920
     5:      267.600      268.810      271.470      390.870      391.550
    10:      631.690      634.090      711.890      713.270      877.340
    15:      886.370      887.160      918.420      999.630     1039.210
    20:     1061.900     1066.530     1417.340     1418.250     1418.730
    25:     1429.460     1430.000     1432.840     1439.850     1440.420
    30:     1778.280     1863.410     1864.470     1864.620     1864.900
    35:     1865.870     1950.890     1951.330     2169.000     2172.960
    40:     2226.680     2228.190     2393.540     2393.960     2409.180
    45:     2409.970     2443.770     2445.480     2446.130     2717.550
    50:     2778.470     2779.770     2780.620     3044.510     3064.050
    55:     3064.560     3069.100     3070.060     3070.390     3260.960
    60:     4086.140     4087.250     4251.220     4254.800     4259.110
    65:     4263.930     4264.370     4264.670     4471.100     4472.300
    70:     4490.830     4800.380     4955.360     4956.750     4957.110
    75:     4957.890     4973.740     4974.080     4974.520     5027.790
    80:     5045.420     5063.680     5630.940     5654.080     5654.660
    85:     5656.170     5656.810     5768.030     5768.430     5768.640
    90:     6209.410     6210.320     6310.450     6312.230     6385.480
    95:     6503.220     6503.450     6504.070     6504.950     6505.960
   100:     7275.250     7354.420     7356.360     7566.640     7586.220
   105:     7587.970     7588.480     7590.540     7650.540     7826.650
   110:     7855.300     8673.550     8683.380     8684.050     8685.340
   115:     8687.270     8746.750     8755.640     8756.020     8757.380
   120:     9366.200     9425.310     9426.270     9506.220     9795.980
   125:     9980.270    10006.050    10564.930    10567.070    10570.380
   130:    10581.480
N:
     0:       28.490      146.350      275.040      905.720     1049.320
     5:     1050.340     1050.560     1050.930     1051.180     1051.490
    10:     1052.370     1052.880     1755.150     2201.510     2201.580
    15:     2201.880     2402.360     2464.570     2473.750     2473.790
    20:     2789.900     4532.350     4532.440     9448.280     9518.620
O:
P:
     0:     4472.480     4472.550
Q:
     0:   156991.000   209729.000   174374.000   120872.000      131.000
     5:       25.000        0.000        2.000
\Box2_Comments:



Start Date: 03/08/23
End Date: 03/08/23
Subject: 5
Experiment: heroinSA
Group: heroin
Box: 5
Start Time: 11:56:07
End Time: 14:58:59
MSN: FR_SCRIPT
D:       0.942
E:       0.058
F:      18.000
I:     264.000
J:       0.000
K:   10800.010
L:       0.000
R:       0.000
S:       0.000
T:    1827.000
U:       0.000
V:       0.000
W:       0.000
X:       0.000
Y:       0.000
Z:       0.000
A:
     0:        1.000        3.000      500.000     1000.000      180.000
     5:       10.000        1.000        1.000        1.000        0.000
    10:      290.000        0.000
B:
     0:      191.000      180.000       11.000        0.000        0.000
     5:        0.000        0.000
C:
     0:        0.500      591.100        5.100        2.100      313.600
     5:        0.500        5.600        0.500      814.100        5.100
    10:      144.600        0.500      374.600        0.500        8.600
    15:        0.500      343.100      273.600        0.500      103.100
    20:        2.100       28.100       32.100        0.200        0.700
    25:        0.800      153.100       68.100        1.100       19.100
    30:       78.100       16.100       14.100      204.600        0.500
    35:       36.600        0.500       15.600        0.500     1567.100
    40:        2.100        7.100        0.200        0.700        0.800
    45:     1807.600        0.500     2227.100        8.100       17.100
    50:      150.100       23.100        5.100       44.100       18.100
    55:      704.100        4.100        0.200        0.700        3.100
    60:        0.800     2434.100       17.100     1032.100       10.100
    65:       10.100      230.100        1.100       54.100        1.100
    70:        7.100        0.200        0.700        2.100        0.800
    75:     2578.100      363.100       40.100       35.100        5.100
    80:        4.100       44.100        6.100        3.100      621.100
    85:        0.200        0.700        0.800      111.100        4.100
    90:     6209.100        2.100       21.100       15.100      482.100
    95:       46.100       31.100       11.100        0.200        0.700
   100:        0.800     4662.100        5.100      222.100        1.100
   105:      499.100       11.100       80.100        4.100      530.100
   110:       80.100        0.200        0.700        4.100        0.800
   115:     8106.100      284.100       10.100       36.100        7.100
   120:       30.100       13.100      205.100       61.100       57.100
   125:        0.200        0.700        0.800     5642.100        5.100
   130:       43.100       28.100       76.100        7.100      337.100
   135:       36.100      365.100        2.100        0.200        0.700
   140:       66.100        1.100        0.800     7215.100      493.100
   145:       33.100       42.100       42.100      446.100        6.100
   150:       58.100        1.100       86.100        0.200        0.700
   155:        0.800     6227.100       94.100        5.100       28.100
   160:       60.100       17.100       11.100       16.100        4.100
   165:      263.100        0.200        0.700        0.800     5245.100
   170:       21.100       29.100      130.100       25.100        6.100
   175:       14.100        7.100      131.100       10.100        0.200
   180:        0.700        0.800     5608.100        2.100       18.100
   185:        7.100       13.100      250.100       40.100      663.100
   190:       16.100       18.100        0.200        0.700        0.800
   195:     7459.100       50.100        4.100       68.100       30.100
   200:        2.100      259.100       43.100       15.100        9.100
   205:        0.200        0.700        2.100        0.800     4974.100
   210:     1337.100        8.100       11.100        4.100       12.100
   215:        6.100       88.100        2.100       11.100        0.200
   220:        0.700        0.800     4051.600        0.500      284.100
   225:       41.100        4.100        9.100       15.100       29.100
   230:       75.100       10.100       17.100       14.100        0.200
   235:        0.700        0.800     7293.100      129.100        3.100
   240:     5375.100       56.100       20.100        6.100       70.100
   245:      183.100        5.100        0.200        0.700        0.800
   250:      180.100       24.100       11.100       19.100        8.100
   255:      112.100       11.100        4.100      102.100       43.100
   260:        0.200        0.700        0.800     1827.300
G:
     0:       59.150       59.650       59.870      173.020      173.490
     5:      260.470      298.010      298.200      301.080      304.250
    10:      319.550      326.320      326.480      328.330      336.170
    15:      337.700      339.160      521.350      521.560      522.260
    20:      925.590      926.400      928.120      943.170      945.470
    25:      945.970      950.350      952.170     1022.500     1023.260
    30:     1266.620     1268.290     1371.490     1372.560     1373.530
    35:     1396.520     1396.630     1402.020     1402.130     1403.080
    40:     1660.850     1697.180     1701.180     1704.660     1705.170
    45:     1705.500     1709.890     1710.490     1710.870     1772.970
    50:     1784.000     1784.410     2405.360     2405.500     2407.670
    55:     2409.170     2457.360     2461.950     2464.990     2466.090
    60:     2932.310     2932.880     2955.020     2955.120     3005.080
    65:     3006.140     3014.160     3014.550     3067.520     3075.900
    70:     3886.570     3914.980     3915.930     3919.530     3920.250
    75:     3923.200     3924.500     3945.060     3951.100     3956.800
    80:     4521.030     4521.500     4525.870     4528.590     4536.220
    85:     4536.900     4570.610     4574.260     4610.750     4617.630
    90:     5339.160     5388.460     5391.760     5395.940     5400.100
    95:     5444.730     5445.340     5451.130     5451.260     5459.870
   100:     6082.550     6091.980     6092.440     6095.280     6101.280
   105:     6102.940     6104.010     6105.590     6106.050     6132.290
   110:     6656.870     6658.960     6661.840     6674.800     6677.330
   115:     6677.960     6679.380     6680.050     6693.100     6694.100
   120:     7254.920     7255.160     7256.950     7257.600     7258.910
   125:     7283.980     7287.890     7354.220     7355.870     7357.600
   130:     8103.500     8108.530     8108.920     8115.770     8118.700
   135:     8118.950     8144.810     8149.160     8150.640     8151.760
   140:     8649.110     8782.870     8783.650     8784.770     8785.090
   145:     8786.380     8786.900     8795.700     8795.920     8797.060
   150:     9230.490     9234.660     9235.050     9235.940     9237.430
   155:     9240.370     9247.830     9248.830     9250.580     9251.950
   160:     9981.220     9994.090     9994.400    10531.970    10537.550
   165:    10539.550    10540.100    10547.120    10565.410    10565.920
   170:    10583.930    10586.380    10587.390    10589.370    10590.100
   175:    10601.310    10602.460    10602.870    10613.000    10617.340
H:
     0:       91.110       91.610      187.960      225.350      226.090
     5:      287.700      359.550      363.110      364.630      702.970
    10:     9202.100
M:
     0:       59.150       59.650       59.870      173.020      173.490
     5:      260.470      298.010      298.200      301.080      304.250
    10:      319.550      326.320      326.480      328.330      336.170
    15:      337.700      339.160      521.350      521.560      522.260
    20:      925.590      926.400      928.120      943.170      945.470
    25:      945.970      950.350      952.170     1022.500     1022.970
    30:     1266.620     1268.290     1371.490     1372.560     1373.530
    35:     1396.520     1396.630     1402.020     1402.130     1402.810
    40:     1660.850     1697.180     1701.180     1704.660     1705.170
    45:     1705.500     1709.890     1710.490     1710.870     1772.970
    50:     1784.000     1784.410     2405.360     2405.500     2407.670
    55:     2409.170     2457.360     2461.950     2464.990     2466.090
    60:     2932.310     2932.880     2955.020     2955.120     3005.080
    65:     3006.140     3014.160     3014.550     3067.520     3075.520
    70:     3886.570     3914.980     3915.930     3919.530     3920.250
    75:     3923.200     3924.500     3945.060     3951.100     3956.800
    80:     4521.030     4521.500     4525.870     4528.590     4536.220
    85:     4536.900     4570.610     4574.260     4610.750     4610.900
    90:     5339.160     5388.460     5391.760     5395.940     5400.100
    95:     5444.730     5445.340     5451.130     5451.260     5459.870
   100:     6082.550     6091.980     6092.440     6095.280     6101.280
   105:     6102.940     6104.010     6105.590     6106.050     6132.290
   110:     6656.870     6658.960     6661.840     6674.800     6677.330
   115:     6677.960     6679.380     6680.050     6693.100     6694.100
   120:     7254.920     7255.160     7256.950     7257.600     7258.910
   125:     7283.980     7287.890     7354.220     7355.870     7357.600
   130:     8103.500     8108.530     8108.920     8115.770     8118.700
   135:     8118.950     8144.810     8149.160     8150.640     8151.510
   140:     8649.110     8782.870     8783.650     8784.770     8785.090
   145:     8786.380     8786.900     8795.700     8795.920     8797.060
   150:     9230.490     9234.660     9235.050     9235.940     9237.430
   155:     9240.370     9247.830     9248.830     9250.580     9251.950
   160:     9981.220     9994.090     9994.400    10531.970    10537.550
   165:    10539.550    10540.100    10547.120    10565.410    10565.920
   170:    10583.930    10586.380    10587.390    10589.370    10590.100
   175:    10601.310    10602.460    10602.870    10613.000    10617.340
N:
     0:       91.110       91.610      187.960      225.350      226.090
     5:      287.700      359.550      363.110      364.630      702.970
    10:     9202.100
O:
     0:     1023.260     1403.080     3075.900     4617.490     4617.630
     5:     8151.760
P:
Q:
     0:   160136.000   255245.000   171278.000    53955.000      180.000
     5:       11.000        6.000        0.000
\Box5_Comments:



Start Date: 03/08/23
End Date: 03/08/23
Subject: 6
Experiment: heroinSA
Group: heroin
Box: 6
Start Time: 11:56:07
End Time: 14:58:59
MSN: FR_SCRIPT
D:       0.898
E:       0.102
F:      15.000
I:     233.000
J:       0.000
K:   10800.010
L:       0.000
R:       0.000
S:       0.000
T:    2555.000
U:       0.000
V:       0.000
W:       0.000
X:       0.000
Y:       0.000
Z:       0.000
A:
     0:        2.000        3.000      500.000     1000.000      180.000
     5:       10.000        1.000        1.000        1.000        0.000
    10:      271.000        0.000
B:
     0:      167.000      150.000       17.000        0.000        0.000
     5:        0.000        0.000
C:
     0:        0.500     2629.100        4.100       13.600        0.500
     5:      398.100       10.100       24.100        5.100        0.100
    10:        3.100        9.100       11.100        0.200        0.700
    15:        0.800      154.100       54.100        2.100        3.100
    20:        2.100        3.100      148.600        0.500       13.600
    25:        0.500     4186.100       24.100       13.100        1.100
    30:        0.200        0.700        0.800     8112.600        0.500
    35:       18.100       10.100        4.100       18.100        3.100
    40:        1.100        3.100      771.100       64.100      121.600
    45:        0.500       20.100        0.200        0.700        0.800
    50:      136.600        0.500       41.100       10.100     6251.100
    55:        5.100        1.100       10.100      113.600        0.500
    60:      139.100        2.100        5.100        2.100        0.200
    65:        0.700        0.800      144.100        7.100       22.100
    70:       16.100        9.100       21.100       18.100     5898.100
    75:        3.100       46.600        0.500        2.600        0.500
    80:      237.100        0.200        0.700        0.800     4911.100
    85:        7.100       21.100       59.100        8.100       22.100
    90:       27.100      204.600        0.500      397.100       14.100
    95:       14.100        0.200        0.700        0.800     8389.600
   100:        0.500     1308.100      296.100       16.100        6.100
   105:       15.100        2.100       12.100      145.100        6.100
   110:       11.100        0.200        0.700        0.800      150.600
   115:        0.500     6381.100       63.100      102.100        7.100
   120:        2.100       16.100       26.100        7.100       16.100
   125:        5.100        0.200        0.700        1.100        0.800
   130:     6365.100        3.100        9.100       22.100       28.100
   135:        1.100       19.100        3.100      121.100        2.100
   140:        0.200        0.700        0.800     5905.100      331.100
   145:      106.600        0.500      105.100        3.100        1.100
   150:        3.100        5.100        2.100       21.100       38.100
   155:        0.200        0.700        0.800      178.100        3.100
   160:        6.100       21.100        2.100        1.100       25.600
   165:        0.500     6072.100     1670.100       29.100      178.100
   170:        0.200        0.700        0.800     4233.100     1371.100
   175:       75.100       34.100      100.100        5.100       16.100
   180:       21.100        6.100      317.100        0.200        0.700
   185:        0.800      191.100     5827.100       10.100       11.100
   190:       97.100       40.100        9.100       16.100       18.100
   195:        6.100        0.200        0.700        2.100        0.800
   200:     6370.100      844.100      416.100      140.100        6.100
   205:       27.100       10.100        3.100        5.100        1.100
   210:        0.200        0.700        0.800    10175.600        0.500
   215:      446.100       95.600        0.500       85.100       25.100
   220:       11.100        5.100      149.100       72.600        0.500
   225:      202.100        4.100       11.100        2.100        0.200
   230:        0.700        0.800     2555.300
G:
     0:      262.970      263.340      304.430      305.470      307.850
     5:      308.290      308.370      308.630      309.550      310.630
    10:      326.000      331.430      331.620      331.980      332.180
    15:      332.480      767.140      769.560      770.800      770.980
    20:     1583.980     1584.900     1585.360     1587.120     1587.450
    25:     1587.560     1587.790     1664.940     1671.370     1685.440
    30:     1703.160     1704.130     2329.220     2329.770     2329.880
    35:     2330.860     2356.000     2356.230     2356.700     2356.980
    40:     2371.320     2372.000     2374.200     2375.830     2376.750
    45:     2378.810     2380.610     2970.440     2970.740     2999.250
    50:     3490.360     3491.060     3493.120     3498.990     3499.820
    55:     3502.000     3504.760     3564.840     3566.270     3567.660
    60:     4537.320     4566.930     4568.510     4569.160     4570.610
    65:     4570.820     4572.000     4586.530     4587.130     4588.210
    70:     5241.330     5247.620     5257.820     5258.560     5258.740
    75:     5260.350     5262.920     5263.590     5265.240     5265.880
    80:     5902.300     5902.680     5903.560     5905.740     5908.500
    85:     5908.670     5910.510     5910.870     5922.980     5923.140
    90:     6513.610     6546.710     6567.880     6568.100     6568.250
    95:     6568.490     6569.020     6569.220     6571.330     6575.100
   100:     6592.940     6593.210     6593.820     6595.920     6596.130
   105:     6596.280     7205.980     7372.970     7375.810     7393.590
   110:     7816.910     7954.050     7961.530     7964.950     7974.970
   115:     7975.410     7977.000     7979.150     7979.760     8011.410
   120:     8030.550     8613.250     8614.250     8615.310     8625.080
   125:     8629.070     8629.950     8631.510     8633.350     8634.090
   130:     9271.130     9355.530     9397.140     9411.120     9411.710
   135:     9414.410     9415.430     9415.770     9416.230     9416.340
   140:    10478.480    10496.450    10498.900    10499.990    10500.570
   145:    10515.400    10542.850    10543.230    10544.290    10544.520
H:
     0:      264.620      347.210      348.530     1582.140     1683.390
     5:     1699.040     2342.170     2975.380     2975.570     3525.160
    10:     4406.520     4603.250     6557.380     6598.700    10433.830
    15:    10487.980    10522.590
M:
     0:      262.970      263.340      304.430      305.470      307.850
     5:      308.290      308.370      308.630      309.550      310.630
    10:      326.000      331.430      331.620      331.980      332.180
    15:      332.480      767.140      769.560      770.800      770.980
    20:     1583.980     1584.900     1585.360     1587.120     1587.450
    25:     1587.560     1587.790     1664.940     1671.370     1685.440
    30:     1703.160     1704.130     2329.220     2329.770     2329.880
    35:     2330.860     2356.000     2356.230     2356.700     2356.980
    40:     2371.320     2372.000     2374.200     2375.830     2376.750
    45:     2378.810     2380.610     2970.440     2970.740     2999.250
    50:     3490.360     3491.060     3493.120     3498.990     3499.820
    55:     3502.000     3504.760     3564.840     3566.270     3567.660
    60:     4537.320     4566.930     4568.510     4569.160     4570.610
    65:     4570.820     4572.000     4586.530     4587.130     4588.210
    70:     5241.330     5247.620     5257.820     5258.560     5258.740
    75:     5260.350     5262.920     5263.590     5265.240     5265.700
    80:     5902.300     5902.680     5903.560     5905.740     5908.500
    85:     5908.670     5910.510     5910.870     5922.980     5923.140
    90:     6513.610     6546.710     6567.880     6568.100     6568.250
    95:     6568.490     6569.020     6569.220     6571.330     6575.100
   100:     6592.940     6593.210     6593.820     6595.920     6596.130
   105:     6596.280     7205.980     7372.970     7375.810     7393.590
   110:     7816.910     7954.050     7961.530     7964.950     7974.970
   115:     7975.410     7977.000     7979.150     7979.760     8011.410
   120:     8030.550     8613.250     8614.250     8615.310     8625.080
   125:     8629.070     8629.950     8631.510     8633.350     8633.950
   130:     9271.130     9355.530     9397.140     9411.120     9411.710
   135:     9414.410     9415.430     9415.770     9416.230     9416.340
   140:    10478.480    10496.450    10498.900    10499.990    10500.570
   145:    10515.400    10542.850    10543.230    10544.290    10544.520
N:
     0:      264.620      347.210      348.530     1582.140     1683.390
     5:     1699.040     2342.170     2975.380     2975.570     3525.160
    10:     4406.520     4603.250     6557.380     6598.700    10433.830
    15:    10487.980    10522.590
O:
     0:     5265.880     8634.090
P:
Q:
     0:    78357.000   197175.000   225276.000    88264.000      150.000
     5:       17.000        2.000        0.000
\Box6_Comments:



Start Date: 03/08/23
End Date: 03/08/23
Subject: 7
Experiment: heroinSA
Group: saline
Box: 7
Start Time: 11:56:07
End Time: 14:59:54
MSN: FR_SCRIPT
D:       0.782
E:       0.218
F:       6.000
I:     126.000
J:       0.000
K:   10800.010
L:       8.000
R:       0.000
S:       0.000
T:      59.000
U:       0.000
V:       0.000
W:       0.000
X:       0.000
Y:       0.000
Z:       0.000
A:
     0:        1.000        3.000      500.000     1000.000      180.000
     5:       10.000        1.000        1.000        1.000        0.000
    10:      267.000        0.000
B:
     0:       87.000       68.000       19.000        0.000        0.000
     5:        0.000        0.000
C:
     0:        0.500      769.100     1706.100       64.100      129.100
     5:       14.600        0.500        5.600        0.500       85.100
    10:       11.100       18.100        8.100        6.100        5.100
    15:        0.200        0.700        0.800      640.100      249.100
    20:     1172.100        7.100       24.100       35.100       11.100
    25:      155.100      129.600        0.500     1771.100       43.100
    30:        0.200        0.700        0.800      102.100        2.100
    35:       17.100        6.100        2.100     3032.100      148.100
    40:       22.100      156.100     3389.100        0.200        0.700
    45:        0.800      305.100    12120.100      133.600        0.500
    50:      259.600        0.500    14636.100      499.100        3.100
    55:    28386.100       61.100       20.100       18.100       61.600
    60:        0.500      220.100        0.200        0.700        0.800
    65:      366.600        0.500       16.600        0.500        3.600
    70:        0.500        8.600        0.500        3.600        0.500
    75:        2.600        0.500       17.600        0.500       34.600
    80:        0.500        3.600        0.500       16.100       16.100
    85:       11.100        3.100        7.100       10.100        2.100
    90:       14.100        3.100       38.100        0.200        0.700
    95:        0.800     3643.100       16.100        2.100        2.100
   100:       11.100       50.100       33.100     5612.100     1442.100
   105:       10.100        0.200        0.700        0.800      101.600
   110:        0.500        3.600        0.500     7496.100     4164.100
   115:       28.100      445.100        3.100        7.100     5431.600
   120:        0.500      508.600        0.500      163.100     7546.100
   125:       59.300
G:
     0:       76.950      247.570      253.960      266.830      277.230
     5:      278.380      280.160      280.910      281.570      282.030
    10:      346.020      370.950      488.120      488.870      491.260
    15:      494.690      495.880      511.340      701.350      705.600
    20:      715.840      716.040      717.710      718.370      718.570
    25:     1021.730     1036.580     1038.710     1054.300     1393.190
    30:     1423.740     2635.780     4138.540     4188.450     4188.780
    35:     7027.300     7033.440     7035.470     7037.190     7065.360
    40:     7112.120     7113.700     7114.880     7115.150     7115.870
    45:     7116.820     7117.080     7118.430     7118.780     7122.560
    50:     7486.790     7488.400     7488.590     7488.840     7489.890
    55:     7494.920     7498.260     8059.400     8203.630     8204.680
    60:     8964.640     9381.070     9383.840     9428.300     9428.670
    65:     9429.290    10039.570    10794.130
H:
     0:      268.240      268.700      524.230     2649.070     2674.960
     5:     7043.300     7101.980     7103.580     7103.840     7104.590
    10:     7104.910     7105.180     7106.790     7110.220     7110.520
    15:     8214.750     8215.040     9972.400    10023.210
M:
     0:       76.950      247.570      253.960      266.830      277.230
     5:      278.380      280.160      280.910      281.570      282.030
    10:      346.020      370.950      488.120      488.870      491.260
    15:      494.690      495.880      511.340      701.350      705.600
    20:      715.840      716.040      717.710      718.370      718.570
    25:     1021.730     1036.580     1038.710     1054.300     1393.190
    30:     1423.740     2635.780     4138.540     4188.450     4188.780
    35:     7027.300     7033.440     7035.470     7037.190     7065.360
    40:     7112.120     7113.700     7114.880     7115.150     7115.870
    45:     7116.820     7117.080     7118.430     7118.780     7122.560
    50:     7486.790     7488.400     7488.590     7488.840     7489.890
    55:     7494.920     7498.260     8059.400     8203.630     8204.680
    60:     8964.640     9381.070     9383.840     9428.300     9428.670
    65:     9429.290    10039.570    10794.130
N:
     0:      268.240      268.700      524.230     2649.070     2674.960
     5:     7043.300     7101.980     7103.580     7103.840     7104.590
    10:     7104.910     7105.180     7106.790     7110.220     7110.520
    15:     8214.750     8215.040     9972.400    10023.210
O:
P:
Q:
     0:   317101.000    80817.000    33715.000    19679.000       68.000
     5:       19.000        0.000        0.000
\Box7_Comments:



Start Date: 03/08/23
End Date: 03/08/23
Subject: 8
Experiment: heroinSA
Group: heroin
Box: 8
Start Time: 11:56:07
End Time: 15:00:01
MSN: FR_SCRIPT
D:       0.739
E:       0.261
F:      13.000
I:     264.000
J:       0.000
K:   10800.010
L:       0.000
R:       0.000
S:       0.000
T:   13845.000
U:       0.000
V:       1.000
W:       0.000
X:       0.000
Y:       0.000
Z:       1.000
A:
     0:        2.000        3.000      500.000     1000.000      180.000
     5:       10.000        1.000        1.000        1.000        0.000
    10:      311.000        0.000
B:
     0:      176.000      130.000       46.000        0.000        0.000
     5:        0.000        0.000
C:
     0:        0.500      235.100       60.600        0.500      106.600
     5:        0.500      177.100       51.100        1.100      193.100
    10:        7.100        3.100        5.100       32.100      282.600
    15:        0.500       82.100        0.200        0.700        0.800
    20:      215.100        9.100       13.100        3.100       11.100
    25:       17.100        1.100        8.100       10.100        6.100
    30:        0.200        0.700        2.100        0.800      225.100
    35:       12.600        0.500        2.600        0.500       20.600
    40:        0.500        2.600        0.500        1.600        0.500
    45:        6.600        0.500        9.600        0.500        2.600
    50:        0.500       11.600        0.500        5.600        0.500
    55:       21.600        0.500      565.600        0.500     5647.100
    60:       20.100        6.100       10.100       27.100       43.100
    65:      324.100       17.100        2.100        0.200        0.700
    70:        0.800      105.600        0.500     6151.100      240.100
    75:       12.100        6.100        4.100        4.100        8.100
    80:        3.100       12.100        9.100        0.200        0.700
    85:        0.800     5678.100       17.100       37.100       10.100
    90:        6.100        4.100       10.100      109.100       12.100
    95:       10.100        0.200        0.700        0.800     3411.100
   100:        8.100        4.100        8.100       13.100        6.100
   105:       63.100     1677.600        0.500     2626.100       13.100
   110:        4.100        0.200        0.700        0.800      770.600
   115:        0.500        4.600        0.500     5423.600        0.500
   120:       40.100       30.100        7.100        3.100       13.100
   125:       64.100       25.100        3.100       22.100        7.100
   130:        0.200        0.700        0.800    10030.100       70.100
   135:       16.100       34.100       64.100       10.100       12.100
   140:        8.100       12.100        3.100        0.200        0.700
   145:        0.800     2588.600        0.500        1.600        0.500
   150:     4628.600        0.500        2.600        0.500       85.600
   155:        0.500        5.600        0.500        2.600        0.500
   160:        2.600        0.500      122.600        0.500        1.600
   165:        0.500        2.600        0.500       15.600        0.500
   170:        3.600        0.500      141.600        0.500       62.600
   175:        0.500      218.600        0.500        2.600        0.500
   180:       29.600        0.500        5.600        0.500       15.600
   185:        0.500       25.600        0.500      814.100      425.100
   190:        4.100       15.100       55.600        0.500       42.100
   195:       12.100        7.100        3.100        4.100       11.100
   200:        0.200        0.700        0.800     9779.600        0.500
   205:       20.600        0.500       55.600        0.500      326.100
   210:        6.100       40.100       24.100        3.100        3.100
   215:        3.100      667.100       21.100     2152.100        0.200
   220:        0.700        0.800      170.100        6.100        3.100
   225:       15.100       12.100       13.100       17.100     7956.100
   230:       11.100       57.100        0.200        0.700        0.800
   235:     8727.100       63.100       17.100        6.100        2.100
   240:       18.100        4.100       18.100        6.100     7534.100
   245:        0.200        0.700        0.800      138.100       11.100
   250:       49.100        5.100        4.100       15.100        7.100
   255:        8.100       26.100        3.100        0.200        0.700
   260:        0.800     1334.600        0.500    13845.300
G:
     0:       23.560       57.880       62.890       63.060       82.370
     5:       83.010       83.290       83.830       87.080      123.400
    10:      144.910      145.830      147.170      147.420      148.490
    15:      150.230      150.370      151.110      152.140      152.950
    20:      175.450      805.770      807.780      808.360      809.300
    25:      812.020      816.290      848.730      850.480      850.660
    30:     1476.230     1500.230     1501.440     1502.060     1502.440
    35:     1502.880     1503.620     1503.900     1505.160     1506.080
    40:     2073.790     2075.580     2079.190     2080.240     2080.880
    45:     2081.230     2082.230     2093.090     2094.370     2095.320
    50:     2436.470     2437.260     2437.600     2438.390     2439.750
    55:     2440.310     2446.640     2876.900     2878.270     2878.620
    60:     3502.300     3505.300     3505.990     3506.320     3507.650
    65:     3514.010     3516.550     3516.840     3519.080     3519.700
    70:     4522.690     4529.770     4531.360     4534.780     4541.180
    75:     4542.090     4543.380     4544.160     4545.370     4545.670
    80:     5422.290     5464.790     5465.230     5466.710     5476.480
    85:     5477.660     5478.380     5478.640     5479.020     5480.090
    90:     6498.180     6498.740     6502.720     6505.140     6505.430
    95:     6505.710     6506.030     6572.740     6574.870     6790.000
   100:     6807.040     6807.660     6807.890     6809.430     6810.640
   105:     6811.980     6813.620     7609.250     7610.310     7616.070
   110:     8488.740     8495.000     8496.760     8497.370     8497.530
   115:     8499.380     8499.750     8501.510     8502.110     9255.540
   120:     9269.290     9270.460     9275.300     9275.810     9276.260
   125:     9277.690     9278.460     9279.230     9281.830     9282.130
H:
     0:       29.490       40.170      115.220      176.610      176.800
     5:      178.790      179.040      179.140      179.690      180.630
    10:      180.880      181.970      182.400      184.520      241.070
    15:      861.100     2614.290     2955.630     2956.050     3498.320
    20:     4804.390     4804.530     5267.310     5267.520     5276.040
    25:     5276.580     5276.760     5276.940     5289.090     5289.240
    30:     5289.400     5290.890     5291.230     5305.360     5311.530
    35:     5333.380     5333.540     5336.450     5336.970     5338.470
    40:     5340.950     5472.250     6458.060     6460.010     6465.530
    45:     9415.520
M:
     0:       23.560       57.880       62.890       63.060       82.370
     5:       83.010       83.290       83.830       87.080      123.400
    10:      144.910      145.830      147.170      147.420      148.490
    15:      150.230      150.370      151.110      152.140      152.690
    20:      175.450      805.770      807.780      808.360      809.300
    25:      812.020      816.290      848.730      850.480      850.660
    30:     1476.230     1500.230     1501.440     1502.060     1502.440
    35:     1502.880     1503.620     1503.900     1505.160     1506.080
    40:     2073.790     2075.580     2079.190     2080.240     2080.880
    45:     2081.230     2082.230     2093.090     2094.370     2095.320
    50:     2436.470     2437.260     2437.600     2438.390     2439.750
    55:     2440.310     2446.640     2876.900     2878.270     2878.620
    60:     3502.300     3505.300     3505.990     3506.320     3507.650
    65:     3514.010     3516.550     3516.840     3519.080     3519.700
    70:     4522.690     4529.770     4531.360     4534.780     4541.180
    75:     4542.090     4543.380     4544.160     4545.370     4545.670
    80:     5422.290     5464.790     5465.230     5466.710     5476.480
    85:     5477.660     5478.380     5478.640     5479.020     5480.090
    90:     6498.180     6498.740     6502.720     6505.140     6505.430
    95:     6505.710     6506.030     6572.740     6574.870     6790.000
   100:     6807.040     6807.660     6807.890     6809.430     6810.640
   105:     6811.980     6813.620     7609.250     7610.310     7616.070
   110:     8488.740     8495.000     8496.760     8497.370     8497.530
   115:     8499.380     8499.750     8501.510     8502.110     9255.540
   120:     9269.290     9270.460     9275.300     9275.810     9276.260
   125:     9277.690     9278.460     9279.230     9281.830     9282.130
N:
     0:       29.490       40.170      115.220      176.610      176.800
     5:      178.790      179.040      179.140      179.690      180.630
    10:      180.880      181.970      182.400      184.520      241.070
    15:      861.100     2614.290     2955.630     2956.050     3498.320
    20:     4804.390     4804.530     5267.310     5267.520     5276.040
    25:     5276.580     5276.760     5276.940     5289.090     5289.240
    30:     5289.400     5290.890     5291.230     5305.360     5311.530
    35:     5333.380     5333.540     5336.450     5336.970     5338.470
    40:     5340.950     5472.250     6458.060     6460.010     6465.530
    45:     9415.520
O:
     0:      152.950
P:
Q:
     0:   151400.000   255645.000   170394.000    55477.000      130.000
     5:       46.000        1.000        0.000
\Box8_Comments:



Start Date: 03/08/23
End Date: 03/08/23
Subject: 9
Experiment: heroinSA
Group: saline
Box: 9
Start Time: 11:56:07
End Time: 15:02:26
MSN: FR_SCRIPT
D:       0.702
E:       0.298
F:       3.000
I:      72.000
J:       0.000
K:   10800.010
L:       3.000
R:       0.000
S:       0.000
T:    1929.000
U:       0.000
V:       1.000
W:       0.000
X:       0.000
Y:       0.000
Z:       0.000
A:
     0:        1.000        3.000      500.000     1000.000      180.000
     5:       10.000        1.000        1.000        1.000        0.000
    10:      260.000        0.000
B:
     0:       47.000       33.000       14.000        0.000        0.000
     5:        0.000        0.000
C:
     0:        0.500      613.100        2.100      234.600        0.500
     5:      502.100        4.100        9.100        9.100      271.100
    10:     1024.600        0.500        7.600        0.500      976.100
    15:       13.100        9.100        0.200        0.700        0.800
    20:      942.100    20532.100       28.100        6.100    19133.100
    25:       10.100     2895.100       38.100       23.600        0.500
    30:       17.600        0.500     1087.600        0.500       62.600
    35:        0.500      143.600        0.500        5.600        0.500
    40:       56.600        0.500      240.600        0.500    18091.100
    45:       17.100        0.200        0.700        0.800     2343.100
    50:       49.100      252.100    11351.100    10678.100     1781.100
    55:     3558.600        0.500       17.600        0.500     3131.600
    60:        0.500     3159.100       27.100       87.100       21.100
    65:        0.200        0.700        0.800     2582.100       20.100
    70:       17.100     1929.300
G:
     0:       61.310       61.560      135.090      135.560      136.460
     5:      137.380      164.410      365.140      366.390      367.340
    10:      461.530     2514.770     2517.520     2518.100     4431.440
    15:     4432.450     4721.970     4725.740     6698.150     6699.830
    20:     6934.140     6938.990     6964.250     8099.330     9167.170
    25:     9345.210    10331.690    10334.470    10343.090    10345.230
    30:    10603.470    10605.460    10607.140
H:
     0:       84.940      266.820      267.510     4727.990     4729.770
     5:     4838.400     4844.610     4858.890     4859.460     4865.000
    10:     4889.060     9701.080     9702.750    10015.860
M:
     0:       61.310       61.560      135.090      135.560      136.460
     5:      137.380      164.410      365.140      366.390      367.340
    10:      461.530     2514.770     2517.520     2518.100     4431.440
    15:     4432.450     4721.970     4725.740     6698.150     6699.830
    20:     6934.140     6938.990     6964.250     8099.330     9167.170
    25:     9345.210    10331.690    10334.470    10343.090    10345.230
    30:    10603.470    10605.460    10607.140
N:
     0:       84.940      266.820      267.510     4727.990     4729.770
     5:     4838.400     4844.610     4858.890     4859.460     4865.000
    10:     4889.060     9701.080     9702.750    10015.860
O:
P:
Q:
     0:   326084.000    93576.000    25952.000    16162.000       33.000
     5:       14.000        0.000        0.000
\Box9_Comments:



Start Date: 03/08/23
End Date: 03/08/23
Subject: 10
Experiment: heroinSA
Group: heroin
Box: 10
Start Time: 11:56:07
End Time: 15:02:26
MSN: FR_SCRIPT
D:       0.960
E:       0.040
F:       2.000
I:      34.000
J:       0.000
K:   10800.010
L:       4.000
R:       0.000
S:       0.000
T:     769.000
U:       0.000
V:       1.000
W:       1.000
X:       0.000
Y:       0.000
Z:       0.000
A:
     0:        2.000        3.000      500.000     1000.000      180.000
     5:       10.000        1.000        1.000        1.000        0.000
    10:      310.000        0.000
B:
     0:       25.000       24.000        1.000        0.000        0.000
     5:        0.000        0.000
C:
     0:        0.500     6023.100    27534.100     1781.100     1400.100
     5:       20.100     9810.100    28604.100     9902.600        0.500
    10:      107.100       13.100     2961.100        0.200        0.700
    15:        0.800      102.100     1443.100     1293.100     7653.100
    20:     1343.100     4527.100      751.100        5.100     1471.100
    25:        6.100        0.200        0.700        0.800      101.100
    30:        6.100      272.100      103.100      769.300
G:
     0:      602.310     3355.710     3533.870     3673.830     3675.800
     5:     4656.840     7517.240     8518.130     8519.390     8815.530
    10:     8825.710     8970.000     9099.340     9864.610     9998.960
    15:    10451.640    10526.730    10527.200    10674.360    10674.950
    20:    10685.060    10685.630    10712.850    10723.160
H:
     0:     8507.430
M:
     0:      602.310     3355.710     3533.870     3673.830     3675.800
     5:     4656.840     7517.240     8518.130     8519.390     8815.530
    10:     8825.710     8970.000     9099.340     9864.610     9998.960
    15:    10451.640    10526.730    10527.200    10674.360    10674.950
    20:    10685.060    10685.630    10712.850    10723.160
N:
     0:     8507.430
O:
P:
Q:
     0:   304052.000   148916.000    43414.000    19775.000       24.000
     5:        1.000        0.000        0.000
\Box10_Comments:



Start Date: 03/08/23
End Date: 03/08/23
Subject: 3
Experiment: heroinSA
Group: heroin
Box: 3
Start Time: 11:56:07
End Time: 15:08:42
MSN: FR_SCRIPT_box3
D:       0.882
E:       0.118
F:      21.000
I:     333.000
J:       0.000
K:   10800.010
L:       0.000
R:       0.000
S:       0.000
T:    2396.000
U:       0.000
V:       0.000
W:       0.000
X:       0.000
Y:       0.000
Z:       0.000
A:
     0:        1.000        3.000      500.000     1000.000      180.000
     5:       10.000        1.000        1.000        1.000        0.000
    10:      298.000        0.000
B:
     0:      238.000      210.000       28.000        0.000        0.000
     5:        0.000        0.000
C:
     0:        0.500     2985.100     3566.100       37.600        0.500
     5:        4.600        0.500       27.100       36.100       15.100
    10:      888.100      736.100       31.100     1721.100      257.100
    15:        0.200        0.700        0.800      148.100       31.100
    20:        8.100       12.100       16.100       56.100       11.100
    25:       37.100        9.100        9.100        0.200        0.700
    30:        0.800      119.100       12.100       10.100       21.100
    35:       27.100       11.100       18.100       50.600        0.500
    40:        6.600        0.500       38.600        0.500       18.600
    45:        0.500       35.600        0.500     4397.100       41.100
    50:        4.100        0.200        0.700        0.800     1300.100
    55:      101.600        0.500      510.100        4.600        0.500
    60:       27.100        2.100        6.100        3.100        1.100
    65:     1150.600        0.500      752.100        8.100       43.100
    70:        0.200        0.700        0.800      232.100        8.100
    75:     2271.100       37.600        0.500      502.100       34.600
    80:        0.500       39.600        0.500      432.600        0.500
    85:      194.100        5.100      144.100        2.600        0.500
    90:       17.600        0.500        2.100      102.100      249.100
    95:        0.200        0.700        0.800      113.100     1636.100
   100:      610.100       23.100        3.600        0.500       62.100
   105:       42.100     1156.100       13.100      446.100       44.100
   110:        0.200        0.700        0.800      106.100       21.100
   115:     2767.100        5.100        8.100       11.100       20.100
   120:      196.100     1207.100        6.100        0.200        0.700
   125:        0.800      109.100     3004.100        6.100       16.100
   130:      190.100        5.100        3.100       23.100        7.100
   135:       39.600        0.500        4.600        0.500     2133.100
   140:        0.200        0.700        2.100        0.800      763.100
   145:       25.100       12.100        1.100        1.100     1658.100
   150:       21.100      453.100      472.600        0.500       19.100
   155:       64.600        0.500      579.100        0.200        0.700
   160:        1.100        0.800      228.100       23.100       13.100
   165:       19.100      464.600        0.500       24.100     3657.100
   170:        4.100       29.100       12.100      249.100        0.200
   175:        0.700        0.800      110.100        8.100        9.100
   180:       49.100      191.100       55.600        0.500     1043.100
   185:        6.100        0.600        0.500     1603.100       22.100
   190:     3547.100        0.200        0.700        0.800      136.100
   195:       32.100      224.100       81.100     3759.100      540.100
   200:       12.100        1.100       21.100       16.100        0.200
   205:        0.700        0.800      906.100       10.100        4.100
   210:       84.100       15.100      543.100      137.100      222.100
   215:     1038.100      224.100        0.200        0.700        0.800
   220:      377.600        0.500     1226.100      832.100     1350.100
   225:      513.600        0.500      222.100       55.100       16.100
   230:        5.100       13.100      115.100       12.100        0.200
   235:        0.700        0.800     2935.100      899.100       24.100
   240:      354.100      369.100     1948.100       10.100        1.100
   245:      634.100      846.100        0.200        0.700        0.800
   250:      111.100     1840.100        3.100       10.100        6.100
   255:      363.100       22.100        6.100     1571.100        1.100
   260:        0.200        0.700        0.800      103.100        4.100
   265:     1316.100      356.100       30.100     1515.100      936.100
   270:      332.100       35.100     1913.100        0.200        0.700
   275:        0.800     3193.100     1613.100       28.100        9.100
   280:       10.100       10.100        8.100       22.100        5.100
   285:     1057.100        0.200        0.700        0.800      142.100
   290:        2.100     2544.100        5.100      330.100      812.100
   295:      756.100      523.100        3.100        8.600        0.500
   300:      427.100        0.200        0.700        0.800     1771.100
   305:     1102.100      311.100       12.100       38.100      530.100
   310:       14.100     3539.100       15.100       22.100        0.200
   315:        0.700        0.800      927.100      693.100       11.100
   320:       17.100        3.100      258.100      123.100       19.600
   325:        0.500      305.100       41.100       18.100        0.200
   330:        0.700        0.800     2396.300
G:
     0:      298.530      655.100      661.970      665.530      667.080
     5:      755.810      829.390      832.500     1004.670     1030.320
    10:     1045.160     1048.260     1049.050     1050.250     1051.880
    15:     1057.420     1058.500     1062.200     1063.120     1064.000
    20:     1075.960     1077.110     1078.130     1080.270     1082.950
    25:     1084.060     1085.820     1540.260     1544.370     1544.730
    30:     1674.740     1735.830     1738.900     1739.120     1739.700
    35:     1740.000     1740.110     1930.310     1931.150     1935.480
    40:     1958.590     1959.430     2186.510     2240.400     2310.320
    45:     2310.810     2325.210     2327.380     2337.530     2362.460
    50:     2373.760     2537.360     2598.310     2600.660     2607.120
    55:     2611.340     2726.940     2728.230     2772.850     2777.280
    60:     2787.870     2789.950     3066.610     3067.120     3067.890
    65:     3069.000     3071.070     3090.630     3211.370     3211.910
    70:     3222.800     3523.240     3523.850     3525.460     3544.420
    75:     3544.980     3545.190     3547.520     3548.280     3766.070
    80:     3842.370     3844.850     3845.990     3846.120     3846.230
    85:     4012.020     4014.130     4059.470     4108.540     4172.930
    90:     4195.780     4198.070     4199.310     4201.210     4250.050
    95:     4615.700     4616.140     4619.060     4620.190     4645.140
   100:     4656.170     4656.900     4657.880     4662.720     4681.800
   105:     4791.590     4792.200     4952.510     4954.730     5309.430
   110:     5322.990     5326.280     5348.650     5356.720     5732.590
   115:     5786.600     5787.790     5787.890     5790.050     5791.630
   120:     5882.270     5883.260     5883.620     5892.020     5893.570
   125:     5947.840     5961.570     5983.760     6087.490     6109.960
   130:     6270.200     6353.430     6488.440     6561.970     6567.420
   135:     6569.000     6569.540     6570.880     6582.380     6583.560
   140:     6877.010     6966.930     6969.360     7004.720     7041.630
   145:     7236.440     7237.410     7237.580     7300.970     7385.510
   150:     7396.590     7580.600     7580.920     7581.950     7582.560
   155:     7618.840     7621.000     7621.640     7778.740     7778.820
   160:     7789.100     7789.510     7921.140     7956.760     7959.720
   165:     8111.280     8204.800     8238.060     8241.510     8432.840
   170:     8752.100     8913.480     8916.280     8917.140     8918.170
   175:     8919.170     8919.890     8922.150     8922.640     9028.380
   180:     9042.490     9042.780     9297.130     9297.650     9330.680
   185:     9411.840     9487.420     9539.750     9540.030     9583.530
   190:     9760.620     9870.800     9901.900     9903.090     9906.940
   195:     9959.950     9961.360    10315.250    10316.760    10318.950
   200:    10411.600    10480.940    10482.060    10483.710    10484.060
   205:    10509.840    10522.170    10554.560    10558.640    10560.450
H:
     0:      658.850      659.230     1090.810     1091.470     1095.220
     5:     1097.070     1100.560     1684.830     1736.220     1855.140
    10:     2190.210     2243.820     2247.750     2290.970     2325.440
    15:     2327.090     2600.940     3552.110     3552.500     4106.670
    20:     4114.940     4247.640     4687.350     4792.280     6147.670
    25:     6539.700     9540.800    10524.020
M:
     0:      298.530      655.100      661.970      665.530      667.080
     5:      755.810      829.390      832.500     1004.670     1030.320
    10:     1045.160     1048.260     1049.050     1050.250     1051.880
    15:     1057.420     1058.500     1062.200     1063.120     1064.000
    20:     1075.960     1077.110     1078.130     1080.270     1082.950
    25:     1084.060     1085.820     1540.260     1544.370     1544.730
    30:     1674.740     1735.830     1738.900     1739.120     1739.700
    35:     1740.000     1740.110     1930.310     1931.150     1935.480
    40:     1958.590     1959.430     2186.510     2240.400     2310.320
    45:     2310.810     2325.210     2327.380     2337.530     2362.460
    50:     2373.760     2537.360     2598.310     2600.660     2607.120
    55:     2611.340     2726.940     2728.230     2772.850     2777.280
    60:     2787.870     2789.950     3066.610     3067.120     3067.890
    65:     3069.000     3071.070     3090.630     3211.370     3211.910
    70:     3222.800     3523.240     3523.850     3525.460     3544.420
    75:     3544.980     3545.190     3547.520     3548.280     3765.860
    80:     3842.370     3844.850     3845.990     3846.120     3846.230
    85:     4012.020     4014.130     4059.470     4108.540     4172.850
    90:     4195.780     4198.070     4199.310     4201.210     4250.050
    95:     4615.700     4616.140     4619.060     4620.190     4645.140
   100:     4656.170     4656.900     4657.880     4662.720     4681.800
   105:     4791.590     4792.200     4952.510     4954.730     5309.430
   110:     5322.990     5326.280     5348.650     5356.720     5732.590
   115:     5786.600     5787.790     5787.890     5790.050     5791.630
   120:     5882.270     5883.260     5883.620     5892.020     5893.570
   125:     5947.840     5961.570     5983.760     6087.490     6109.960
   130:     6270.200     6353.430     6488.440     6561.970     6567.420
   135:     6569.000     6569.540     6570.880     6582.380     6583.560
   140:     6877.010     6966.930     6969.360     7004.720     7041.630
   145:     7236.440     7237.410     7237.580     7300.970     7385.510
   150:     7396.590     7580.600     7580.920     7581.950     7582.560
   155:     7618.840     7621.000     7621.640     7778.740     7778.820
   160:     7789.100     7789.510     7921.140     7956.760     7959.720
   165:     8111.280     8204.800     8238.060     8241.510     8432.840
   170:     8752.100     8913.480     8916.280     8917.140     8918.170
   175:     8919.170     8919.890     8922.150     8922.640     9028.380
   180:     9042.490     9042.780     9297.130     9297.650     9330.680
   185:     9411.840     9487.420     9539.750     9540.030     9583.530
   190:     9760.620     9870.800     9901.900     9903.090     9906.940
   195:     9959.950     9961.360    10315.250    10316.760    10318.950
   200:    10411.600    10480.940    10482.060    10483.710    10484.060
   205:    10509.840    10522.170    10554.560    10558.640    10560.450
N:
     0:      658.850      659.230     1090.810     1091.470     1095.220
     5:     1097.070     1100.560     1684.830     1736.220     1855.140
    10:     2190.210     2243.820     2247.750     2290.970     2325.440
    15:     2327.090     2600.940     3552.110     3552.500     4106.670
    20:     4114.940     4247.640     4687.350     4792.280     6147.670
    25:     6539.700     9540.800    10524.020
O:
     0:     3766.070     4172.930
P:
Q:
     0:        0.000   200624.000   157024.000    62796.000      210.000
     5:       28.000        2.000        0.000
\Box3_Comments:



Start Date: 03/08/23
End Date: 03/08/23
Subject: 4
Experiment: heroinSA
Group: heroin
Box: 4
Start Time: 11:56:07
End Time: 15:08:42
MSN: FR_SCRIPT_box4
D:       0.900
E:       0.100
F:       6.000
I:      97.000
J:       0.000
K:   10800.010
L:       3.000
R:       0.000
S:       0.000
T:    6633.000
U:       0.000
V:       0.000
W:       1.000
X:       0.000
Y:       0.000
Z:       0.000
A:
     0:        2.000        3.000      500.000     1000.000      180.000
     5:       10.000        1.000        1.000        1.000        0.000
    10:      293.000        0.000
B:
     0:       70.000       63.000        7.000        0.000        0.000
     5:        0.000        0.000
C:
     0:        0.500     1202.100      178.100     7246.100     3696.100
     5:     8357.100      568.100       18.100      146.600        0.500
    10:      968.600        0.500       14.600        0.500      304.100
    15:       56.100      142.600        0.500      128.600        0.500
    20:      681.100        0.200        0.700        0.800      133.100
    25:      337.600        0.500     3177.100       40.100        9.100
    30:       15.100        5.100       27.100       10.100     1762.100
    35:     5396.100        0.200        0.700        0.800      514.100
    40:       14.100        9.100       21.100       50.100        5.100
    45:      798.100     5122.100     5238.100      975.100        0.200
    50:        0.700        0.800      717.100       34.100     2394.100
    55:      547.100     6872.100    16610.100     1566.100     9511.100
    60:      517.100     2903.100        0.200        0.700        0.800
    65:      148.100        4.100       59.100       18.100       39.100
    70:        9.100       24.100       13.100       20.100       44.100
    75:        0.200        0.700        0.800      111.100        8.100
    80:       25.100       40.100       22.100       22.100       18.100
    85:       16.100       11.100       66.100        0.200        0.700
    90:        0.800      110.100       33.100       50.100    11425.600
    95:        0.500     6633.300
G:
     0:      120.240      138.040      862.610     1232.210     2067.920
     5:     2124.780     2126.550     2269.720     2275.350     2370.390
    10:     2383.760     2735.100     2739.120     2740.040     2741.510
    15:     2742.020     2744.730     2745.750     2921.980     3461.570
    20:     3512.960     3514.320     3515.230     3517.370     3522.300
    25:     3522.840     3602.590     4114.880     4638.660     4736.150
    30:     4807.850     4811.230     5050.630     5105.320     5792.490
    35:     7453.560     7610.160     8561.230     8612.950     8903.230
    40:     8918.080     8918.480     8924.380     8926.110     8930.000
    45:     8930.890     8933.300     8934.600     8936.660     8941.010
    50:     8952.110     8952.930     8955.470     8959.480     8961.650
    55:     8963.790     8965.680     8967.190     8968.340     8974.900
    60:     8985.950     8989.220     8994.250
H:
     0:     2141.150     2237.890     2239.290     2289.580     2302.310
     5:     2417.440    10136.780
M:
     0:      120.240      138.040      862.610     1232.210     2067.920
     5:     2124.780     2126.550     2269.720     2275.350     2370.390
    10:     2383.760     2735.100     2739.120     2740.040     2741.510
    15:     2742.020     2744.730     2745.750     2921.980     3461.570
    20:     3512.960     3514.320     3515.230     3517.370     3522.300
    25:     3522.840     3602.590     4114.880     4638.660     4736.150
    30:     4807.850     4811.230     5050.630     5105.320     5792.490
    35:     7453.560     7610.160     8561.230     8612.950     8903.230
    40:     8918.080     8918.480     8924.380     8926.110     8930.000
    45:     8930.890     8933.300     8934.600     8936.660     8941.010
    50:     8952.110     8952.930     8955.470     8959.480     8961.650
    55:     8963.790     8965.680     8967.190     8968.340     8974.900
    60:     8985.950     8989.220     8994.250
N:
     0:     2141.150     2237.890     2239.290     2289.580     2302.310
     5:     2417.440    10136.780
O:
P:
Q:
     0:   220799.000   228536.000    79156.000    47497.000       63.000
     5:        7.000        0.000        0.000
\Box4_Comments:



Start Date: 03/08/23
End Date: 03/08/23
Subject: 11
Experiment: heroinSA
Group: saline
Box: 11
Start Time: 11:56:07
End Time: 15:08:42
MSN: FR_SCRIPT_5choice
D:       0.273
E:       0.727
F:       0.000
I:      59.000
J:       0.000
K:   10800.010
L:       9.000
R:       0.000
S:       0.000
T:      50.000
U:       0.000
V:       0.000
W:       0.000
X:       0.000
Y:       0.000
Z:       0.000
A:
     0:        1.000        3.000      500.000     1000.000      180.000
     5:       10.000        1.000        1.000        2.000        0.000
    10:      281.000        0.000
B:
     0:       33.000        9.000       24.000        0.000        0.000
     5:        0.000        0.000
C:
     0:        0.500      327.600        0.500      139.600        0.500
     5:     1307.600        0.500       10.600        0.500        4.600
    10:        0.500      534.600        0.500      366.600        0.500
    15:     7161.100       20.100     2034.100       15.100     5503.600
    20:        0.500       19.600        0.500       11.600        0.500
    25:      729.600        0.500        3.600        0.500     5710.100
    30:      124.100     2025.600        0.500       88.600        0.500
    35:     8066.600        0.500       11.600        0.500    38969.600
    40:        0.500       52.600        0.500      625.600        0.500
    45:      402.600        0.500     7643.100       45.100    13584.100
    50:     2804.600        0.500      283.600        0.500      238.600
    55:        0.500     9099.600        0.500       50.300
G:
     0:      984.880      986.850     1190.250     1191.710     2389.270
     5:     2401.640     8189.720     8194.220     9552.590
H:
     0:       32.690       46.630      177.350      178.370      178.750
     5:      232.100      268.740     1742.060     1743.960     1744.990
    10:     1817.930     1818.220     2604.160     2612.940     3419.530
    15:     3420.680     7317.550     7322.720     7385.260     7425.450
    20:     9833.060     9861.340     9885.100    10795.080
M:
     0:      984.880      986.850     1190.250     1191.710     2389.270
     5:     2401.640     8189.720     8194.220     9552.590
N:
     0:       32.690       46.630      177.350      178.370      178.750
     5:      232.100      268.740     1742.060     1743.960     1744.990
    10:     1817.930     1818.220     2604.160     2612.940     3419.530
    15:     3420.680     7317.550     7322.720     7385.260     7425.450
    20:     9833.060     9861.340     9885.100    10795.080
O:
P:
Q:
     0:        0.000        0.000        0.000        0.000        9.000
     5:       24.000        0.000        0.000
\Box11_Comments:



Start Date: 03/08/23
End Date: 03/08/23
Subject: 12
Experiment: heroinSA
Group: saline
Box: 12
Start Time: 11:56:07
End Time: 15:08:42
MSN: FR_SCRIPT_5choice
D:       0.606
E:       0.394
F:       2.000
I:      54.000
J:       0.000
K:   10800.010
L:       0.000
R:       0.000
S:       0.000
T:   18262.000
U:       0.000
V:       0.000
W:       0.000
X:       0.000
Y:       0.000
Z:       0.000
A:
     0:        2.000        3.000      500.000     1000.000      180.000
     5:       10.000        1.000        1.000        2.000        0.000
    10:      282.000        0.000
B:
     0:       33.000       20.000       13.000        0.000        0.000
     5:        0.000        0.000
C:
     0:        0.500        6.600        0.500        8.600        0.500
     5:      128.600        0.500      666.600        0.500       37.100
    10:        3.100      851.600        0.500       43.100        7.100
    15:       69.600        0.500       64.100        6.100      502.600
    20:        0.500     5497.600        0.500     2411.100      179.600
    25:        0.500       76.100       16.100    17201.100        0.200
    30:        0.700        0.800      230.100       64.100      301.600
    35:        0.500    10505.100     7241.100       35.100      755.600
    40:        0.500       30.100     5618.100    35473.100       29.100
    45:     1370.600        0.500       39.600        0.500      278.100
    50:        0.200        0.700        0.800    18262.300
G:
     0:       84.510       84.830      174.280      174.970      188.270
     5:      188.880     1029.840     1055.360     1056.910     2777.070
    10:     2800.050     2806.430     3887.050     4611.100     4614.590
    15:     4693.120     5254.980     8802.250     8805.140     8973.880
H:
     0:        0.640        1.480       14.190       80.840      169.950
     5:      181.860      239.050      788.770     1047.700     2836.530
    10:     4690.130     8942.150     8946.000
M:
     0:       84.510       84.830      174.280      174.970      188.270
     5:      188.880     1029.840     1055.360     1056.910     2777.070
    10:     2800.050     2806.430     3887.050     4611.100     4614.590
    15:     4693.120     5254.980     8802.250     8805.140     8973.880
N:
     0:        0.640        1.480       14.190       80.840      169.950
     5:      181.860      239.050      788.770     1047.700     2836.530
    10:     4690.130     8942.150     8946.000
O:
P:
Q:
     0:        0.000        0.000        0.000        0.000       20.000
     5:       13.000        0.000        0.000
\Box12_Comments:



Start Date: 03/08/23
End Date: 03/08/23
Subject: 13
Experiment: heroinSA
Group: saline
Box: 13
Start Time: 11:56:07
End Time: 15:08:42
MSN: FR_SCRIPT_5choice
D:       0.556
E:       0.444
F:       1.000
I:      44.000
J:       0.000
K:   10800.010
L:       5.000
R:       0.000
S:       0.000
T:    8990.000
U:       0.000
V:       0.000
W:       0.000
X:       0.000
Y:       0.000
Z:       0.000
A:
     0:        1.000        3.000      500.000     1000.000      180.000
     5:       10.000        1.000        1.000        2.000        0.000
    10:      270.000        0.000
B:
     0:       27.000       15.000       12.000        0.000        0.000
     5:        0.000        0.000
C:
     0:        0.500      180.600        0.500      298.600        0.500
     5:      511.600        0.500     1348.100        3.100       67.600
    10:        0.500      846.100     5074.100       12.100       29.100
    15:       42.100     8546.100        1.100    53956.100        0.200
    20:        0.700        0.800      137.600        0.500        3.600
    25:        0.500     1955.600        0.500        7.600        0.500
    30:        2.600        0.500       95.100     1852.600        0.500
    35:       11.600        0.500      507.100    22384.100      246.600
    40:        0.500      848.100       50.100     8990.300
G:
     0:      233.750      234.070      325.350      832.770      833.930
     5:      836.870      841.030     1695.660     1695.760     7091.300
    10:     7311.230     7548.210     9786.680     9896.060     9901.050
H:
     0:       17.990       47.820       98.970      240.770     7105.070
     5:     7105.320     7300.820     7301.550     7301.740     7496.390
    10:     7497.540     9811.240
M:
     0:      233.750      234.070      325.350      832.770      833.930
     5:      836.870      841.030     1695.660     1695.760     7091.300
    10:     7311.230     7548.210     9786.680     9896.060     9901.050
N:
     0:       17.990       47.820       98.970      240.770     7105.070
     5:     7105.320     7300.820     7301.550     7301.740     7496.390
    10:     7497.540     9811.240
O:
P:
Q:
     0:        0.000        0.000        0.000        0.000       15.000
     5:       12.000        0.000        0.000
\Box13_Comments:



Start Date: 03/08/23
End Date: 03/08/23
Subject: 14
Experiment: heroinSA
Group: saline
Box: 14
Start Time: 11:56:07
End Time: 15:08:42
MSN: FR_SCRIPT_5choice
D:       0.684
E:       0.316
F:       1.000
I:      30.000
J:       0.000
K:   10800.010
L:       3.000
R:       0.000
S:       0.000
T:    3568.000
U:       0.000
V:       0.000
W:       0.000
X:       0.000
Y:       0.000
Z:       0.000
A:
     0:        2.000        3.000      500.000     1000.000      180.000
     5:       10.000        1.000        1.000        2.000        0.000
    10:      305.000        0.000
B:
     0:       19.000       13.000        6.000        0.000        0.000
     5:        0.000        0.000
C:
     0:        0.500     5211.600        0.500       11.100        4.100
     5:       14.100    26136.600        0.500    20408.100       22.100
    10:       45.100       34.100      503.600        0.500        6.600
    15:        0.500       42.600        0.500    51206.600        0.500
    20:      363.100       43.100       38.100        0.200        0.700
    25:        0.800      171.100       85.100       90.100     3568.300
G:
     0:      522.260      522.640      524.050     5178.410     5180.600
     5:     5185.180     5188.550    10400.570    10404.810    10408.600
    10:    10425.730    10434.270    10443.190
H:
     0:      521.180     3137.590     5238.810     5239.460     5243.660
     5:    10364.210
M:
     0:      522.260      522.640      524.050     5178.410     5180.600
     5:     5185.180     5188.550    10400.570    10404.810    10408.600
    10:    10425.730    10434.270    10443.190
N:
     0:      521.180     3137.590     5238.810     5239.460     5243.660
     5:    10364.210
O:
P:
Q:
     0:        0.000        0.000        0.000        0.000       13.000
     5:        6.000        0.000        0.000
\Box14_Comments:



Start Date: 03/08/23
End Date: 03/08/23
Subject: 15
Experiment: heroinSA
Group: saline
Box: 15
Start Time: 11:56:07
End Time: 15:08:42
MSN: FR_SCRIPT_5choice
D:       0.333
E:       0.667
F:       0.000
I:       7.000
J:       0.000
K:   10800.010
L:       1.000
R:       0.000
S:       0.000
T:    1126.000
U:       0.000
V:       0.000
W:       0.000
X:       0.000
Y:       0.000
Z:       0.000
A:
     0:        1.000        3.000      500.000     1000.000      180.000
     5:       10.000        1.000        1.000        2.000        0.000
    10:      295.000        0.000
B:
     0:        3.000        1.000        2.000        0.000        0.000
     5:        0.000        0.000
C:
     0:        0.500    14820.600        0.500    63500.100    28554.600
     5:        0.500     1126.300
G:
     0:     7832.070
H:
     0:     1482.040    10687.460
M:
     0:     7832.070
N:
     0:     1482.040    10687.460
O:
P:
Q:
     0:        0.000        0.000        0.000        0.000        1.000
     5:        2.000        0.000        0.000
\Box15_Comments:
