File: C:\Users\Joseph Landry\Desktop\data_rmf\js\20230214\ heroinSA_FR1_roomF_20230228



Start Date: 02/28/23
End Date: 02/28/23
Subject: 16
Experiment: heroinSA
Group: saline
Box: 1
Start Time: 12:03:51
End Time: 15:07:20
MSN: FR_SCRIPT
D:       0.600
E:       0.400
F:       6.000
I:      90.000
J:       0.000
K:   10800.010
L:       0.000
R:       0.000
S:       0.000
T:    2079.000
U:       0.000
V:       0.000
W:       0.000
X:       0.000
Y:       0.000
Z:       0.000
A:
     0:        2.000        3.000      500.000     1000.000      180.000
     5:        5.000        1.000        1.000        1.000        0.000
    10:      292.000        0.000
B:
     0:       50.000       30.000       20.000        0.000        0.000
     5:        0.000        0.000
C:
     0:        0.500     2872.100     1309.600        0.500      349.100
     5:        4.100    15361.100       19.100        0.200        0.700
    10:        0.800     2874.600        0.500        3.600        0.500
    15:       91.100       16.100      402.600        0.500       16.600
    20:        0.500       22.600        0.500      750.100       44.600
    25:        0.500      154.600        0.500       17.600        0.500
    30:      110.600        0.500        4.600        0.500       27.600
    35:        0.500       31.600        0.500       13.600        0.500
    40:        2.600        0.500      341.100      128.600        0.500
    45:        4.600        0.500     3197.100        0.200        0.700
    50:        0.800      113.100       31.100        7.100       39.600
    55:        0.500      308.100        1.100        0.200        0.700
    60:        0.800      269.600        0.500      120.600        0.500
    65:      232.100       37.100       35.100        7.100       25.100
    70:        0.200        0.700        0.800    50866.100        4.100
    75:     7822.100     7646.100     5605.100        0.200        0.700
    80:        0.800     4417.100       10.100        7.100      126.100
    85:       34.100        0.200        0.700        0.800     2079.300
G:
     0:      287.280      453.050      453.450     1989.510     1991.400
     5:     2288.190     2289.850     2408.840     2483.130     2816.020
    10:     2827.290     2830.400     2831.140     2865.880     2865.910
    15:     2928.000     2931.730     2935.230     2935.950     2938.420
    20:     8025.040     8025.410     8807.680     9572.210    10132.780
    25:    10574.430    10575.430    10576.110    10588.760    10592.100
H:
     0:      418.160     2278.860     2279.150     2330.010     2331.630
     5:     2333.880     2413.280     2428.620     2430.320     2441.310
    10:     2441.700     2444.450     2447.520     2448.800     2449.070
    15:     2495.960     2496.310     2835.080     2892.870     2904.790
M:
     0:      287.280      453.050      453.450     1989.510     1991.400
     5:     2288.190     2289.850     2408.840     2483.130     2816.020
    10:     2827.290     2830.400     2831.140     2865.880     2865.910
    15:     2928.000     2931.730     2935.230     2935.950     2938.420
    20:     8025.040     8025.410     8807.680     9572.210    10132.780
    25:    10574.430    10575.430    10576.110    10588.760    10592.100
N:
     0:      418.160     2278.860     2279.150     2330.010     2331.630
     5:     2333.880     2413.280     2428.620     2430.320     2441.310
    10:     2441.700     2444.450     2447.520     2448.800     2449.070
    15:     2495.960     2496.310     2835.080     2892.870     2904.790
O:
P:
Q:
     0:   208305.000   199301.000   104617.000    70420.000       30.000
     5:       20.000        0.000        0.000
\Box1_Comments:



Start Date: 02/28/23
End Date: 02/28/23
Subject: 17
Experiment: heroinSA
Group: heroin
Box: 2
Start Time: 12:03:51
End Time: 15:08:05
MSN: FR_SCRIPT
D:       0.921
E:       0.079
F:      21.000
I:     188.000
J:       0.000
K:   10800.010
L:       0.000
R:       0.000
S:       0.000
T:    1540.000
U:       0.000
V:       0.000
W:       0.000
X:       0.000
Y:       0.000
Z:       0.000
A:
     0:        1.000        3.000      500.000     1000.000      180.000
     5:        5.000        1.000        1.000        1.000        0.000
    10:      286.000        0.000
B:
     0:      114.000      105.000        9.000        0.000        0.000
     5:        0.000        0.000
C:
     0:        0.500     1096.100        6.100        4.100       11.100
     5:        2.100        0.200        0.700        0.800      621.100
    10:        5.100        7.100        8.100      120.100        0.200
    15:        0.700        0.800      217.100     1807.100       52.100
    20:       57.600        0.500       23.600        0.500      469.100
    25:        6.100        0.200        0.700        0.800     1197.100
    30:      416.600        0.500        7.600        0.500        2.600
    35:        0.500      125.100        6.100       73.100     2384.100
    40:        0.200        0.700        0.800      233.100     1652.100
    45:        5.100       92.100        4.100        0.200        0.700
    50:        0.800     4059.100        4.100        4.100        9.100
    55:       91.100        0.200        0.700        0.800     4387.100
    60:        6.100        9.100       32.100       32.100        0.200
    65:        0.700        0.800     5851.100       16.100       10.100
    70:       26.100        4.100        0.200        0.700        0.800
    75:     4219.100       22.100       15.100       16.100      171.100
    80:        0.200        0.700        0.800      135.100        5.100
    85:        7.100        4.100        5.100        0.200        0.700
    90:        0.800     4883.100       19.100       43.100        2.100
    95:     3242.600        0.500     1538.100        0.200        0.700
   100:        0.800      197.100    21062.600        0.500       52.600
   105:        0.500       56.600        0.500      217.100       69.100
   110:       66.100       85.100        0.200        0.700        0.800
   115:     6067.100        6.100        8.100        8.100      393.100
   120:        0.200        0.700        0.800     5485.100      135.100
   125:       54.100       13.100        8.100        0.200        0.700
   130:        0.800     2941.100       21.100       39.100        4.100
   135:        4.100        0.200        0.700        0.800      263.100
   140:       31.100     2611.100       60.100       21.100        0.200
   145:        0.700        0.800      337.100        8.100        6.100
   150:       13.100       27.100        0.200        0.700        0.800
   155:    13011.100      310.100        7.100       16.100     1134.100
   160:        0.200        0.700        0.800     4113.100       25.100
   165:        7.100       26.100        9.100        0.200        0.700
   170:        0.800      852.100       34.100       65.100       31.100
   175:       10.100        0.200        0.700        0.800     6133.100
   180:       10.100      293.100       13.100      421.100        0.200
   185:        0.700        0.800     1540.300
G:
     0:      109.640      110.240      110.630      111.770      111.920
     5:      174.080      174.530      175.240      176.010      188.060
    10:      209.760      390.400      395.670      450.580      451.110
    15:      570.830      625.880      626.450      633.780      872.140
    20:      895.400     1060.680     1061.150     1070.350     1070.730
    25:     1476.660     1477.040     1477.430     1478.380     1487.470
    30:     1926.100     1926.720     1927.610     1930.860     1934.010
    35:     2519.100     2520.780     2521.710     2524.380     2524.780
    40:     2946.640     2948.800     2950.380     2951.980     2969.020
    45:     2982.500     2983.050     2983.750     2984.170     2984.610
    50:     3472.970     3474.860     3479.130     3479.290     3957.380
    55:     3977.030     6115.730     6122.680     6129.190     6137.700
    60:     6744.450     6745.070     6745.820     6746.640     6785.890
    65:     7334.460     7347.940     7353.330     7354.660     7355.420
    70:     7649.550     7651.650     7655.580     7655.980     7656.350
    75:     7682.600     7685.770     7946.870     7952.840     7954.960
    80:     7988.650     7989.480     7989.990     7991.370     7994.010
    85:     9295.170     9326.110     9326.840     9328.470     9441.810
    90:     9853.160     9855.660     9856.310     9858.970     9859.820
    95:     9944.990     9948.390     9954.940     9958.050     9959.070
   100:    10572.360    10573.380    10602.680    10603.970    10646.010
H:
     0:      401.360      403.650      612.450      613.120      613.290
     5:     3803.570     6083.270     6088.440     6094.010
M:
     0:      109.640      110.240      110.630      111.770      111.920
     5:      174.080      174.530      175.240      176.010      188.060
    10:      209.760      390.400      395.670      450.580      451.110
    15:      570.830      625.880      626.450      633.780      872.140
    20:      895.400     1060.680     1061.150     1070.350     1070.730
    25:     1476.660     1477.040     1477.430     1478.380     1487.470
    30:     1926.100     1926.720     1927.610     1930.860     1934.010
    35:     2519.100     2520.780     2521.710     2524.380     2524.780
    40:     2946.640     2948.800     2950.380     2951.980     2969.020
    45:     2982.500     2983.050     2983.750     2984.170     2984.610
    50:     3472.970     3474.860     3479.130     3479.290     3957.380
    55:     3977.030     6115.730     6122.680     6129.190     6137.700
    60:     6744.450     6745.070     6745.820     6746.640     6785.890
    65:     7334.460     7347.940     7353.330     7354.660     7355.420
    70:     7649.550     7651.650     7655.580     7655.980     7656.350
    75:     7682.600     7685.770     7946.870     7952.840     7954.960
    80:     7988.650     7989.480     7989.990     7991.370     7994.010
    85:     9295.170     9326.110     9326.840     9328.470     9441.810
    90:     9853.160     9855.660     9856.310     9858.970     9859.820
    95:     9944.990     9948.390     9954.940     9958.050     9959.070
   100:    10572.360    10573.380    10602.680    10603.970    10646.010
N:
     0:      401.360      403.650      612.450      613.120      613.290
     5:     3803.570     6083.270     6088.440     6094.010
O:
P:
Q:
     0:    97829.000   217243.000   193384.000    66450.000      105.000
     5:        9.000        0.000        0.000
\Box2_Comments:



Start Date: 02/28/23
End Date: 02/28/23
Subject: 18
Experiment: heroinSA
Group: heroin
Box: 3
Start Time: 12:03:51
End Time: 15:08:44
MSN: FR_SCRIPT
D:       0.730
E:       0.270
F:      13.000
I:     158.000
J:       0.000
K:   10800.010
L:       0.000
R:       0.000
S:       0.000
T:    3797.000
U:       0.000
V:       0.000
W:       0.000
X:       0.000
Y:       0.000
Z:       0.000
A:
     0:        2.000        3.000      500.000     1000.000      180.000
     5:        5.000        1.000        1.000        1.000        0.000
    10:      265.000        0.000
B:
     0:       89.000       65.000       24.000        0.000        0.000
     5:        0.000        0.000
C:
     0:        0.500      522.100       31.100       16.600        0.500
     5:        2.600        0.500      216.100       42.100      197.600
    10:        0.500       13.600        0.500        9.600        0.500
    15:       12.600        0.500      149.600        0.500     1301.100
    20:        0.200        0.700        0.800      195.600        0.500
    25:     2140.100      208.100     1652.100     1334.100     2302.600
    30:        0.500       10.600        0.500        4.600        0.500
    35:      340.100        0.200        0.700        0.800      162.100
    40:     7286.100        1.100      205.100        3.100        0.200
    45:        0.700        0.800      485.100       23.100     2293.100
    50:      414.600        0.500       86.600        0.500        1.600
    55:        0.500        2.600        0.500       14.600        0.500
    60:        6.600        0.500        1.600        0.500      669.100
    65:     3723.100        0.200        0.700        1.100        0.800
    70:      443.100     1503.100       25.100      871.100        0.100
    75:        0.200        0.700        0.800      222.100       13.100
    80:        7.100     3270.600        0.500        4.600        0.500
    85:      446.100        2.100        0.200        0.700        0.800
    90:      273.100       53.100      311.600        0.500        1.600
    95:        0.500      413.100        5.100     3473.100        0.200
   100:        0.700        0.800      201.100      191.100      152.100
   105:        0.100     3128.100        0.200        0.700        0.800
   110:      206.100    13712.100    12208.100      329.100       22.100
   115:        0.200        0.700        5.100        0.800      109.100
   120:       18.100        5.100       58.100       12.100        0.200
   125:        0.700        4.100        0.800    12264.100       45.100
   130:      275.100     2407.600        0.500     3316.100     1577.100
   135:        0.200        0.700        0.800      317.100        4.600
   140:        0.500        5.100        1.100      645.100      371.100
   145:        0.200        0.700        2.100        0.800     3799.100
   150:     2443.100        3.100     1729.100     7235.100        0.200
   155:        0.700        0.800     3797.300
G:
     0:       52.240       55.340       78.720       82.920      251.040
     5:      484.540      505.290      670.550      803.960     1069.540
    10:     1085.760     1814.330     1814.410     1834.920     1835.200
    15:     1883.750     1886.020     2115.320     2234.640     2607.060
    20:     2651.340     2801.590     2804.110     2891.200     2891.250
    25:     2913.450     2914.750     2915.410     3287.460     3287.600
    30:     3314.960     3320.240     3392.710     3393.240     3740.490
    35:     3760.650     3779.700     3794.930     3794.970     4107.760
    40:     4128.330     5499.490     6720.310     6753.240     6755.890
    45:     6766.820     6768.660     6769.130     6774.980     6776.510
    50:     8002.960     8007.400     8034.960     8607.270     8764.920
    55:     8796.670     8797.530     8797.610     8862.160     8899.480
    60:     9279.360     9523.610     9523.940     9696.820    10420.380
H:
     0:       56.900       57.090      102.650      103.950      104.850
     5:      106.080      120.920      270.580     1034.180     1035.160
    10:     1035.580     2156.710     2165.290     2165.480     2165.630
    15:     2167.070     2167.630     2167.690     3242.390     3242.800
    20:     3351.330     3351.420     8275.610     8796.990
M:
     0:       52.240       55.340       78.720       82.920      251.040
     5:      484.540      505.290      670.550      803.960     1069.540
    10:     1085.760     1814.330     1814.410     1834.920     1835.200
    15:     1883.750     1886.020     2115.320     2234.640     2606.960
    20:     2651.340     2801.590     2804.110     2891.200     2891.250
    25:     2913.450     2914.750     2915.410     3287.460     3287.600
    30:     3314.960     3320.240     3392.710     3393.240     3740.490
    35:     3760.650     3779.700     3794.930     3794.970     4107.760
    40:     4128.330     5499.490     6720.310     6753.240     6755.480
    45:     6766.820     6768.660     6769.130     6774.980     6776.130
    50:     8002.960     8007.400     8034.960     8607.270     8764.920
    55:     8796.670     8797.530     8797.610     8862.160     8899.260
    60:     9279.360     9523.610     9523.940     9696.820    10420.380
N:
     0:       56.900       57.090      102.650      103.950      104.850
     5:      106.080      120.920      270.580     1034.180     1035.160
    10:     1035.580     2156.710     2165.290     2165.480     2165.630
    15:     2167.070     2167.630     2167.690     3242.390     3242.800
    20:     3351.330     3351.420     8275.610     8796.990
O:
     0:     2607.060     6755.890     6776.510     8899.480
P:
Q:
     0:   169587.000   181612.000   138776.000   104848.000       65.000
     5:       24.000        4.000        0.000
\Box3_Comments:



Start Date: 02/28/23
End Date: 02/28/23
Subject: 19
Experiment: heroinSA
Group: saline
Box: 4
Start Time: 12:03:51
End Time: 15:09:21
MSN: FR_SCRIPT
D:       0.000
E:       1.000
F:       0.000
I:       6.000
J:       0.000
K:   10800.010
L:       0.000
R:       0.000
S:       0.000
T:  103315.000
U:       0.000
V:       0.000
W:       0.000
X:       0.000
Y:       0.000
Z:       0.000
A:
     0:        1.000        3.000      500.000     1000.000      180.000
     5:        5.000        1.000        1.000        1.000        0.000
    10:      298.000        0.000
B:
     0:        2.000        0.000        2.000        0.000        0.000
     5:        0.000        0.000
C:
     0:        0.500     2082.600        0.500     2603.600        0.500
     5:   103315.300
G:
H:
     0:      208.280      468.520
M:
N:
     0:      208.280      468.520
O:
P:
Q:
     0:    22807.000    88898.000   233705.000   253186.000        0.000
     5:        2.000        0.000        0.000
\Box4_Comments:



Start Date: 02/28/23
End Date: 02/28/23
Subject: 20
Experiment: heroinSA
Group: heroin
Box: 5
Start Time: 12:03:51
End Time: 15:09:59
MSN: FR_SCRIPT
D:       0.861
E:       0.139
F:      13.000
I:     133.000
J:       0.000
K:   10800.010
L:       3.000
R:       0.000
S:       0.000
T:    7960.000
U:       0.000
V:       0.000
W:       0.000
X:       0.000
Y:       1.000
Z:       0.000
A:
     0:        2.000        3.000      500.000     1000.000      180.000
     5:        5.000        1.000        1.000        1.000        0.000
    10:      274.000        0.000
B:
     0:       79.000       68.000       11.000        0.000        0.000
     5:        0.000        0.000
C:
     0:        0.500      292.100        5.100      288.100      934.100
     5:      634.100        0.200        0.700        0.800      169.100
    10:       15.100       14.100       27.100       49.100        0.200
    15:        0.700        0.800     1873.100        0.600        0.500
    20:      327.100       11.100        8.100     1834.100        0.200
    25:        0.700        0.800      435.100      444.100       17.100
    30:        5.100      252.100        0.200        0.700        0.800
    35:      732.100       17.100       46.100       25.100        3.100
    40:        0.200        0.700        0.800      221.600        0.500
    45:     1684.100      381.100        3.100      275.600        0.500
    50:      466.100     1166.100        0.200        0.700        0.800
    55:     1164.100     1754.100      644.100        2.100       23.100
    60:        0.200        0.700        0.800      104.100     3840.100
    65:       12.100     2882.100       20.100        0.200        0.700
    70:        0.800     1620.100      479.100      186.600        0.500
    75:     5296.100     4687.100       22.100        0.200        0.700
    80:        0.800     3508.100        7.100        3.100     9667.100
    85:       18.100        0.200        0.700        0.800     3565.100
    90:      803.600        0.500     4658.100       45.100        2.100
    95:     1831.100        0.200        0.700        0.800     3738.600
   100:        0.500      496.100       31.100       46.100    15531.100
   105:      449.100        0.200        0.700        0.800      119.100
   110:       32.100      255.600        0.500       15.600        0.500
   115:        5.600        0.500     3244.600        0.500      395.100
   120:     3091.100     4910.100        0.200        0.700        0.800
   125:      402.100      170.100     1315.600        0.500        2.600
   130:        0.500     6300.100     7960.300
G:
     0:       29.220       29.730       58.580      151.950      215.360
     5:      232.190      233.690      235.130      237.820      242.700
    10:      430.060      462.780      463.840      464.630      648.010
    15:      691.580      735.910      737.640      738.180      763.350
    20:      836.510      838.250      842.860      845.350      845.620
    25:     1036.160     1074.220     1074.560     1148.600     1265.200
    30:     1381.630     1557.050     1621.450     1621.650     1623.950
    35:     1634.290     2018.370     2019.500     2307.720     2309.750
    40:     2471.740     2519.630     3067.840     3536.520     3538.770
    45:     3889.520     3890.200     3890.490     4857.220     4859.000
    50:     5215.520     5761.630     5766.160     5766.360     5949.480
    55:     6372.800     6375.950     6380.550     7933.670     7978.510
    60:     7990.430     7993.660     8385.050     8694.100     9185.110
    65:     9225.300     9242.360    10004.000
H:
     0:      867.720     1102.000     2538.250     5295.800     6323.240
     5:     8019.130     8020.630     8021.160     8345.500     9373.810
    10:     9373.990
M:
     0:       29.220       29.730       58.580      151.950      215.360
     5:      232.190      233.690      235.130      237.820      242.700
    10:      430.060      462.780      463.840      464.630      648.010
    15:      691.580      735.910      737.640      738.180      763.350
    20:      836.510      838.250      842.860      845.350      845.620
    25:     1036.160     1074.220     1074.560     1148.600     1265.200
    30:     1381.630     1557.050     1621.450     1621.650     1623.950
    35:     1634.290     2018.370     2019.500     2307.720     2309.750
    40:     2471.740     2519.630     3067.840     3536.520     3538.770
    45:     3889.520     3890.200     3890.490     4857.220     4859.000
    50:     5215.520     5761.630     5766.160     5766.360     5949.480
    55:     6372.800     6375.950     6380.550     7933.670     7978.510
    60:     7990.430     7993.660     8385.050     8694.100     9185.110
    65:     9225.300     9242.360    10004.000
N:
     0:      867.720     1102.000     2538.250     5295.800     6323.240
     5:     8019.130     8020.630     8021.160     8345.500     9373.810
    10:     9373.990
O:
P:
Q:
     0:    63966.000   117261.000   142883.000   206992.000       68.000
     5:       11.000        0.000        0.000
\Box5_Comments:



Start Date: 02/28/23
End Date: 02/28/23
Subject: 21
Experiment: heroinSA
Group: heroin
Box: 6
Start Time: 12:03:51
End Time: 15:10:31
MSN: FR_SCRIPT
D:       0.849
E:       0.151
F:      15.000
I:     154.000
J:       0.000
K:   10800.010
L:       4.000
R:       0.000
S:       0.000
T:    1308.000
U:       0.000
V:       0.000
W:       0.000
X:       0.000
Y:       0.000
Z:       0.000
A:
     0:        1.000        3.000      500.000     1000.000      180.000
     5:        5.000        1.000        1.000        1.000        0.000
    10:      260.000        0.000
B:
     0:       93.000       79.000       14.000        0.000        0.000
     5:        0.000        0.000
C:
     0:        0.500      236.100       11.100        3.100        4.100
     5:      769.100        0.200        0.700        0.800      688.100
    10:       80.600        0.500      142.100       10.100       24.100
    15:      403.100        0.200        0.700        0.800      441.100
    20:      885.100        5.100      874.600        0.500     2657.600
    25:        0.500       45.100       33.100        0.200        0.700
    30:        0.800     2479.100      230.100     1170.100       21.600
    35:        0.500       13.600        0.500       79.100       10.100
    40:        0.200        0.700        0.800      130.100     3817.100
    45:        2.100        2.100        5.100        0.200        0.700
    50:        0.800     5414.100      113.100     2189.100        6.100
    55:       18.100        0.200        0.700        0.800     5564.100
    60:       43.100       20.100      191.100       28.100        0.200
    65:        0.700        0.800      102.100      168.100       51.100
    70:        5.100       14.100        0.200        0.700        0.800
    75:    10429.100       68.100       35.100    11444.100        6.100
    80:        0.200        0.700        0.800     4098.100       21.100
    85:       11.100       12.100      723.100        0.200        0.700
    90:        0.800      975.100       18.100       56.100     1058.100
    95:       12.100        0.200        0.700        0.800     5369.600
   100:        0.500      479.600        0.500       48.100        5.100
   105:      218.100        6.600        0.500       96.100       16.100
   110:        0.200        0.700        0.800      145.100       23.100
   115:       19.100     4334.100     1830.100        0.200        0.700
   120:        0.800     4938.100      715.100        6.100     1888.100
   125:        6.100        0.200        0.700        0.800      112.100
   130:      137.100       15.100     6085.100       31.100        0.200
   135:        0.700        0.800     6971.600        0.500     7232.600
   140:        0.500        6.600        0.500        8.600        0.500
   145:      130.100       37.100     7378.600        0.500      178.100
   150:        6.100       65.600        0.500     1308.300
G:
     0:       23.670       24.690       25.080       25.450      102.330
     5:      171.140      193.360      194.340      196.700      236.990
    10:      281.170      369.680      370.150      727.700      731.080
    15:      978.930     1001.940     1118.940     1130.190     1131.190
    20:     1144.200     1525.940     1526.120     1526.350     1526.870
    25:     2068.240     2079.560     2298.470     2299.070     2300.810
    30:     2857.250     2861.540     2863.520     2882.600     2885.390
    35:     2895.630     2912.480     2917.520     2918.010     2919.390
    40:     3962.310     3969.170     3972.630     5117.060     5117.610
    45:     5527.400     5529.530     5530.630     5531.810     5604.130
    50:     5701.620     5703.390     5709.010     5814.820     5816.070
    55:     6405.630     6406.130     6427.960     6438.140     6439.700
    60:     6454.270     6456.560     6458.450     6891.880     7074.810
    65:     7568.600     7640.120     7640.700     7829.550     7830.130
    70:     7841.370     7855.010     7856.520     8464.990     8468.130
    75:     9902.880     9906.490    10662.110    10662.700
H:
     0:      179.100      457.550      723.280     1121.020     1122.360
     5:     6352.960     6400.860     6428.540     9165.260     9888.450
    10:     9889.000     9889.790    10644.300    10669.220
M:
     0:       23.670       24.690       25.080       25.450      102.330
     5:      171.140      193.360      194.340      196.700      236.990
    10:      281.170      369.680      370.150      727.700      731.080
    15:      978.930     1001.940     1118.940     1130.190     1131.190
    20:     1144.200     1525.940     1526.120     1526.350     1526.870
    25:     2068.240     2079.560     2298.470     2299.070     2300.810
    30:     2857.250     2861.540     2863.520     2882.600     2885.390
    35:     2895.630     2912.480     2917.520     2918.010     2919.390
    40:     3962.310     3969.170     3972.630     5117.060     5117.610
    45:     5527.400     5529.530     5530.630     5531.810     5604.130
    50:     5701.620     5703.390     5709.010     5814.820     5816.070
    55:     6405.630     6406.130     6427.960     6438.140     6439.700
    60:     6454.270     6456.560     6458.450     6891.880     7074.810
    65:     7568.600     7640.120     7640.700     7829.550     7830.130
    70:     7841.370     7855.010     7856.520     8464.990     8468.130
    75:     9902.880     9906.490    10662.110    10662.700
N:
     0:      179.100      457.550      723.280     1121.020     1122.360
     5:     6352.960     6400.860     6428.540     9165.260     9888.450
    10:     9889.000     9889.790    10644.300    10669.220
O:
P:
Q:
     0:   100281.000   127206.000   175398.000   135396.000       79.000
     5:       14.000        0.000        0.000
\Box6_Comments:



Start Date: 02/28/23
End Date: 02/28/23
Subject: 23
Experiment: heroinSA
Group: heroin
Box: 8
Start Time: 12:03:51
End Time: 15:12:00
MSN: FR_SCRIPT
D:       0.973
E:       0.027
F:     101.000
I:     870.000
J:       0.000
K:   10800.010
L:       4.000
R:       0.000
S:       0.000
T:     315.000
U:       0.000
V:       0.000
W:       0.000
X:       0.000
Y:       1.000
Z:       0.000
A:
     0:        1.000        3.000      500.000     1000.000      180.000
     5:        5.000        1.000        1.000        1.000        0.000
    10:      253.000        0.000
B:
     0:      523.000      509.000       14.000        0.000        0.000
     5:        0.000        0.000
C:
     0:        0.500      335.100      378.100      427.600        0.500
     5:        3.600        0.500      189.100       34.100      312.100
    10:        0.200        0.700        0.800      128.600        0.500
    15:      775.600        0.500      573.600        0.500       78.600
    20:        0.500       33.100      259.100        4.100       16.100
    25:       23.100        0.200        0.700        0.800      127.100
    30:       28.100        2.100        4.100        7.100        0.200
    35:        0.700        0.800      144.100       11.100        4.100
    40:       16.100       17.100        0.200        0.700        2.100
    45:       85.100        0.800       53.100       18.100        5.100
    50:        4.100       12.100        0.200        0.700        0.800
    55:      103.100       32.100        3.100        7.100        3.100
    60:        0.200        0.700        0.800      116.100       21.100
    65:       12.100       17.100        6.100        0.200        0.700
    70:        6.100        0.800       98.100        2.100        7.100
    75:        1.100       18.100        0.200        0.700        0.800
    80:      104.100        5.100        4.100        4.100       11.100
    85:        0.200        0.700        0.800      105.100        4.100
    90:       20.100        4.100       28.100        0.200        0.700
    95:        3.100        0.800      136.100       32.100      867.100
   100:        3.100       11.100        0.200        0.700        0.800
   105:      102.100        6.100       40.100       31.100       17.100
   110:        0.200        0.700        0.800      131.100        3.100
   115:       11.100        1.100       10.100        0.200        0.700
   120:        0.800      101.100        7.100        2.100       19.100
   125:        5.100        0.200        0.700        0.800      146.100
   130:       13.100       18.100      478.100        2.100        0.200
   135:        0.700        3.100        0.800     1670.100       41.100
   140:       12.100        5.100       12.100        0.200        0.700
   145:        4.100        0.800      695.100        6.100        4.100
   150:        7.100       38.100        0.200        0.700        0.800
   155:      122.100       45.100       23.100       78.100        2.100
   160:        0.200        0.700        0.800      103.100       80.100
   165:       23.100       18.100      184.100        0.200        0.700
   170:        2.100        0.800       99.100        0.100        3.100
   175:        6.100       60.100        0.200        0.700        0.800
   180:     3520.100       12.100        1.100        9.100        6.100
   185:        0.200        0.700        0.800      106.100       25.100
   190:       12.100       17.100        3.100        0.200        0.700
   195:        0.800      102.100        4.100        1.100       19.100
   200:       17.100        0.200        0.700        0.800      128.100
   205:        7.100        3.100       18.100       20.100        0.200
   210:        0.700        0.800      102.100       29.100        1.100
   215:       23.100        7.100        0.200        0.700       38.100
   220:        0.800      105.100        4.100       49.100        9.100
   225:       30.100        0.200        0.700        0.800      104.100
   230:       51.100        8.100       12.100        1.100        0.200
   235:        0.700        0.800      103.100       31.100        2.100
   240:       17.100       12.100        0.200        0.700        0.800
   245:      102.100       50.100        7.100        7.100       12.100
   250:        0.200        0.700        0.800      147.100        9.100
   255:        6.100       28.100        7.100        0.200        0.700
   260:        0.800      103.100        5.100       17.100        8.100
   265:       42.100        0.200        0.700        0.800      130.100
   270:       11.100     3016.100      883.100       57.100        0.200
   275:        0.700       10.100        0.800       91.100       32.100
   280:       16.100       15.100        1.100        0.200        0.700
   285:        0.800      103.100       32.100       16.100       20.100
   290:       22.100        0.200        0.700        0.800      225.100
   295:      103.100       24.100       54.100       12.100        0.200
   300:        0.700        0.800     5451.100       26.100        5.100
   305:       13.100       18.100        0.200        0.700        0.800
   310:      102.100       11.100      288.100       90.100       29.100
   315:        0.200        0.700        0.800      108.100        5.100
   320:       13.100       41.100      108.100        0.200        0.700
   325:        0.800      151.100        8.100       10.100     1404.100
   330:        7.100        0.200        0.700        1.100        0.800
   335:      102.100      246.100       94.100      585.100      206.100
   340:        0.200        0.700        0.800      102.100        3.100
   345:       24.100        3.100        8.100        0.200        0.700
   350:        0.800      102.100       10.100       22.100       21.100
   355:        4.100        0.200        0.700        0.800      104.100
   360:       15.100        3.100       13.100        6.100        0.200
   365:        0.700        0.800      103.100        9.100        6.100
   370:        9.100        2.100        0.200        0.700        2.100
   375:        0.800      100.100       14.100        3.100        1.100
   380:        6.100        0.200        0.700        4.100        0.800
   385:       99.100       29.100       27.100       26.100       18.100
   390:        0.200        0.700        0.800      112.100        8.100
   395:        8.100       78.100        8.100        0.200        0.700
   400:        0.800      162.100     1258.100       44.100       11.100
   405:       16.100        0.200        0.700        0.800      102.100
   410:       14.100      252.100        1.100       71.100        0.200
   415:        0.700        1.100        0.800      127.100     2422.100
   420:       33.100       17.100       92.100        0.200        0.700
   425:        0.100        0.800      117.100       39.100        4.100
   430:        7.100        7.100        0.200        0.700        0.800
   435:      101.100       44.100       33.100       11.100        6.100
   440:        0.200        0.700        0.800      102.100     1533.100
   445:       31.100       35.100      385.100        0.200        0.700
   450:        0.800      103.100       66.100        3.100        6.100
   455:      113.100        0.200        0.700        0.800      113.100
   460:      824.100      213.100     8031.100      141.100        0.200
   465:        0.700        0.800      890.100      287.100      293.100
   470:        1.100      155.100        0.200        0.700        0.800
   475:      109.100       21.100        4.100       17.100      161.100
   480:        0.200        0.700        0.800      109.100       18.100
   485:       18.100       16.100       16.100        0.200        0.700
   490:        0.800      102.100        8.100      281.100      158.100
   495:       58.100        0.200        0.700        0.800     3572.100
   500:        8.100        3.100        2.100        5.100        0.200
   505:        0.700        0.800     4955.100        5.100        2.100
   510:        8.100       13.100        0.200        0.700        0.800
   515:      107.100        2.100       12.100        6.100        3.100
   520:        0.200        0.700        0.800      112.100        6.100
   525:       13.100        3.100        2.100        0.200        0.700
   530:        4.100        0.800      218.600        0.500       22.600
   535:        0.500        8.600        0.500      138.100       10.100
   540:       39.100      554.100      217.100        0.200        0.700
   545:        0.800      115.100        2.100        4.100       10.100
   550:       18.100        0.200        0.700        0.800      122.100
   555:       45.100       18.100      105.100       13.100        0.200
   560:        0.700        0.800      107.100       39.100       26.100
   565:       13.100        2.100        0.200        0.700       56.100
   570:        4.100        0.800       42.100        1.100        6.100
   575:       14.100        4.100        0.200        0.700        0.800
   580:      105.100        6.100       24.100        3.100       18.100
   585:        0.200        0.700        4.100        0.800      104.100
   590:        5.100       16.100        7.100       19.100        0.200
   595:        0.700        9.100        0.800       98.100        9.100
   600:        5.100        5.100        6.100        0.200        0.700
   605:        0.800      102.100        3.100        8.100       22.100
   610:        8.100        0.200        0.700        0.800      110.100
   615:       22.100       19.100       10.100       46.100        0.200
   620:        0.700        3.100        6.100        0.800       99.100
   625:       24.100        9.100        3.100       44.100        0.200
   630:        0.700       15.100        0.800       87.100        5.100
   635:       27.100       28.100       12.100        0.200        0.700
   640:        0.800      103.100        2.100        8.100        9.100
   645:       65.100        0.200        0.700        0.800      103.100
   650:        4.100        5.100       21.100       24.100        0.200
   655:        0.700        0.800      102.100        7.100       23.100
   660:        6.100        6.100        0.200        0.700        0.800
   665:      102.100        8.100        5.100       97.100       16.100
   670:        0.200        0.700        0.800      106.100        6.100
   675:       25.100        1.100       22.100        0.200        0.700
   680:        0.800      102.100        5.100        6.100       16.100
   685:       77.100        0.200        0.700        7.100        0.800
   690:      109.100     1952.100       28.100        8.100       22.100
   695:        0.200        0.700        0.800      103.100        5.100
   700:        4.100        6.100       33.100        0.200        0.700
   705:        6.100        0.800       97.100       52.100       12.100
   710:       16.100       13.100        0.200        0.700        0.800
   715:      104.100       12.100       51.100        6.100       15.100
   720:        0.200        0.700        0.800      154.100     1253.100
   725:       34.100       43.100        6.100        0.200        0.700
   730:        0.800      102.100       69.100        6.100       12.100
   735:        7.100        0.200        0.700        0.800      103.100
   740:        9.100        8.100        2.100        7.100        0.200
   745:        0.700        3.100        0.800      106.100       12.100
   750:       12.100        3.100        5.100        0.200        0.700
   755:        0.800      102.100       10.100        6.100        1.100
   760:       66.100        0.200        0.700        0.800      103.100
   765:        5.100        6.100       35.100        8.100        0.200
   770:        0.700        0.800      104.100        0.100     6762.100
   775:       16.100       13.100        0.200        0.700        0.800
   780:      101.100        1.100       14.100      119.100        2.100
   785:        0.200        0.700        0.800      106.100       19.100
   790:       14.100      351.100      107.100        0.200        0.700
   795:        1.100        0.800      102.100      154.100       38.100
   800:        1.100       37.100        0.200        0.700        0.800
   805:      224.100      122.100        1.100       39.100       39.100
   810:        0.200        0.700        2.100        0.800      168.100
   815:      451.100        1.100       16.100       10.100        0.200
   820:        0.700        1.100        0.800    14759.100      119.100
   825:        5.100       43.100        9.100        0.200        0.700
   830:        0.800      219.100        4.100        3.100       20.100
   835:        3.100        0.200        0.700        0.800      874.600
   840:        0.500        9.600        0.500     4287.600        0.500
   845:       12.600        0.500     1162.100        7.100        6.100
   850:     1901.100        5.100        0.200        0.700        0.800
   855:     1573.100       16.100      353.100      103.100     3334.100
   860:        0.200        0.700        0.800      101.600        0.500
   865:      562.100      805.100        3.100       16.100      315.300
G:
     0:       33.560       71.330      133.190      136.630      167.870
     5:      326.490      352.480      352.840      354.450      356.730
    10:      369.480      372.210      372.460      372.790      373.510
    15:      387.900      389.080      389.470      391.000      401.460
    20:      406.770      408.570      409.060      409.400      410.680
    25:      420.890      424.130      424.400      425.130      425.400
    30:      437.000      439.140      440.360      442.000      443.230
    35:      453.040      453.190      453.900      454.020      455.820
    40:      466.230      466.700      467.170      467.520      468.670
    45:      479.100      479.520      481.490      481.900      485.060
    50:      498.590      501.820      588.510      588.880      589.890
    55:      600.100      600.720      604.720      607.850      609.520
    60:      622.630      622.910      623.990      624.150      625.110
    65:      635.280      635.920      636.100      638.010      638.520
    70:      653.110      654.390      656.260      704.060      704.570
    75:      871.550      875.610      876.850      877.380      878.930
    80:      948.450      949.040      949.420      950.170      953.960
    85:      966.170      970.670      972.900      980.750      980.980
    90:      991.190      999.210     1001.540     1003.290     1021.910
    95:     1031.800     1031.880     1032.110     1032.760     1038.780
   100:     1390.760     1391.980     1392.070     1392.900     1393.570
   105:     1404.170     1406.670     1407.830     1409.580     1409.820
   110:     1420.020     1420.470     1420.570     1422.390     1424.110
   115:     1436.930     1437.600     1437.900     1439.780     1441.700
   120:     1451.900     1454.810     1454.970     1457.220     1461.690
   125:     1472.190     1472.660     1477.570     1478.400     1481.470
   130:     1491.810     1496.940     1497.770     1498.890     1499.010
   135:     1509.370     1512.470     1512.600     1514.320     1515.560
   140:     1525.770     1530.750     1531.480     1532.110     1533.360
   145:     1547.990     1548.940     1549.490     1552.380     1553.000
   150:     1563.370     1563.840     1565.530     1566.320     1570.510
   155:     1583.570     1584.610     1886.220     1974.540     1981.230
   160:     1990.350     1993.500     1995.170     1996.630     1996.780
   165:     2007.020     2010.190     2011.790     2013.790     2016.080
   170:     2038.520     2048.810     2051.250     2056.640     2057.870
   175:     2602.920     2605.570     2606.020     2607.290     2609.110
   180:     2619.370     2620.480     2649.220     2658.200     2661.180
   185:     2671.910     2672.440     2673.720     2677.790     2688.590
   190:     2703.730     2704.540     2705.520     2845.960     2846.750
   195:     2856.930     2881.530     2890.960     2949.440     2970.060
   200:     2980.260     2980.490     2982.960     2983.260     2984.040
   205:     2994.240     2995.280     2997.410     2999.510     2999.980
   210:     3010.330     3011.810     3012.090     3013.450     3014.070
   215:     3024.380     3025.280     3025.880     3026.740     3027.100
   220:     3037.100     3038.500     3038.830     3038.960     3039.970
   225:     3049.800     3052.700     3055.400     3058.030     3059.840
   230:     3071.040     3071.860     3072.590     3080.460     3081.220
   235:     3097.430     3223.250     3227.640     3228.720     3230.340
   240:     3240.560     3241.900     3267.140     3267.240     3274.420
   245:     3287.110     3529.290     3532.600     3534.320     3543.570
   250:     3555.190     3559.120     3559.530     3560.240     3560.890
   255:     3571.070     3575.460     3578.710     3579.850     3580.410
   260:     3590.650     3743.940     3747.070     3750.490     3789.020
   265:     3799.290     3805.960     3806.210     3806.820     3818.090
   270:     3829.400     3911.840     3933.120     4736.230     4750.310
   275:     4839.360     4868.040     4897.330     4897.410     4912.970
   280:     4923.880     4925.890     4926.320     4927.990     4944.110
   285:     4955.050     4956.810     4958.660     4960.220     4961.810
   290:     4972.020     4972.870     5000.920     5016.700     5022.580
   295:     5379.740     5380.510     5380.810     5381.010     5381.500
   300:     5877.070     5877.550     5877.780     5878.540     5879.790
   305:     5890.490     5890.690     5891.920     5892.540     5892.800
   310:     5904.030     5904.590     5905.910     5906.270     5906.800
   315:     5945.460     5946.390     5950.340     6005.760     6027.390
   320:     6038.970     6039.170     6039.490     6040.520     6042.310
   325:     6054.510     6059.040     6060.860     6071.370     6072.600
   330:     6083.330     6087.260     6089.820     6091.180     6097.310
   335:     6101.540     6101.660     6102.280     6103.650     6104.000
   340:     6114.580     6115.120     6117.520     6117.860     6120.080
   345:     6130.410     6130.940     6132.560     6133.260     6135.990
   350:     6145.830     6146.760     6147.260     6147.780     6148.300
   355:     6158.510     6158.820     6159.670     6161.790     6162.610
   360:     6173.670     6175.870     6177.700     6178.740     6184.280
   365:     6194.170     6196.520     6197.420     6197.700     6203.600
   370:     6212.330     6212.870     6215.490     6218.320     6219.570
   375:     6229.840     6230.020     6230.880     6231.700     6238.210
   380:     6248.500     6248.900     6249.400     6251.520     6253.980
   385:     6264.170     6264.800     6267.140     6267.710     6268.360
   390:     6278.550     6279.310     6279.880     6289.570     6291.090
   395:     6301.720     6302.300     6304.860     6304.970     6307.100
   400:     6317.370     6317.870     6318.470     6320.000     6328.440
   405:     6339.350     6534.560     6537.380     6538.170     6540.360
   410:     6550.630     6551.120     6551.580     6552.130     6556.070
   415:     6565.700     6570.910     6572.110     6573.740     6575.070
   420:     6585.420     6586.650     6591.780     6592.330     6593.840
   425:     6609.200     6734.540     6737.950     6742.270     6742.820
   430:     6753.060     6759.970     6760.560     6761.730     6762.470
   435:     6772.700     6773.650     6774.470     6774.650     6775.600
   440:     6786.210     6787.410     6788.590     6788.930     6789.450
   445:     6799.620     6800.600     6801.270     6801.290     6807.900
   450:     6818.250     6818.700     6819.290     6822.790     6823.640
   455:     6834.020     6834.050     7510.230     7511.850     7513.160
   460:     7523.210     7523.340     7524.690     7536.630     7536.860
   465:     7547.470     7549.350     7550.730     7585.870     7596.610
   470:     7606.800     7622.230     7626.070     7626.170     7629.790
   475:     7652.260     7664.390     7664.500     7668.440     7672.540
   480:     7689.380     7734.410     7734.520     7736.120     7737.250
   485:     9213.090     9225.080     9225.550     9229.870     9230.730
   490:     9252.590     9253.070     9253.320     9255.330     9255.620
   495:     9890.010     9890.730     9891.330    10081.430    10081.890
   500:    10239.200    10240.790    10276.180    10286.420    10619.790
   505:    10686.140    10766.680    10766.980    10768.540
H:
     0:      114.080      114.380      180.630      258.100      315.420
     5:      323.270     5928.680     5930.820     5931.680     9342.990
    10:     9343.940     9772.650     9773.800    10629.970
M:
     0:       33.560       71.330      133.190      136.630      167.870
     5:      326.490      352.480      352.840      354.450      356.730
    10:      369.480      372.210      372.460      372.790      373.510
    15:      387.900      389.080      389.470      391.000      392.690
    20:      406.770      408.570      409.060      409.400      410.680
    25:      420.890      424.130      424.400      425.130      425.400
    30:      437.000      439.140      440.360      442.000      442.610
    35:      453.040      453.190      453.900      454.020      455.820
    40:      466.230      466.700      467.170      467.520      468.670
    45:      479.100      479.520      481.490      481.900      484.760
    50:      498.590      501.820      588.510      588.880      589.890
    55:      600.100      600.720      604.720      607.850      609.520
    60:      622.630      622.910      623.990      624.150      625.110
    65:      635.280      635.920      636.100      638.010      638.520
    70:      653.110      654.390      656.260      704.060      704.240
    75:      871.550      875.610      876.850      877.380      878.530
    80:      948.450      949.040      949.420      950.170      953.960
    85:      966.170      970.670      972.900      980.750      980.980
    90:      991.190      999.210     1001.540     1003.290     1021.750
    95:     1031.800     1031.880     1032.110     1032.760     1038.780
   100:     1390.760     1391.980     1392.070     1392.900     1393.570
   105:     1404.170     1406.670     1407.830     1409.580     1409.820
   110:     1420.020     1420.470     1420.570     1422.390     1424.110
   115:     1436.930     1437.600     1437.900     1439.780     1441.700
   120:     1451.900     1454.810     1454.970     1457.220     1457.930
   125:     1472.190     1472.660     1477.570     1478.400     1481.470
   130:     1491.810     1496.940     1497.770     1498.890     1499.010
   135:     1509.370     1512.470     1512.600     1514.320     1515.560
   140:     1525.770     1530.750     1531.480     1532.110     1533.360
   145:     1547.990     1548.940     1549.490     1552.380     1553.000
   150:     1563.370     1563.840     1565.530     1566.320     1570.510
   155:     1583.570     1584.610     1886.220     1974.540     1980.190
   160:     1990.350     1993.500     1995.170     1996.630     1996.780
   165:     2007.020     2010.190     2011.790     2013.790     2016.080
   170:     2038.520     2048.810     2051.250     2056.640     2057.870
   175:     2602.920     2605.570     2606.020     2607.290     2609.110
   180:     2619.370     2620.480     2649.220     2658.200     2661.180
   185:     2671.910     2672.440     2673.720     2677.790     2688.590
   190:     2703.730     2704.540     2705.520     2845.960     2846.600
   195:     2856.930     2881.530     2890.960     2949.440     2970.060
   200:     2980.260     2980.490     2982.960     2983.260     2984.040
   205:     2994.240     2995.280     2997.410     2999.510     2999.980
   210:     3010.330     3011.810     3012.090     3013.450     3014.070
   215:     3024.380     3025.280     3025.880     3026.740     3026.910
   220:     3037.100     3038.500     3038.830     3038.960     3039.510
   225:     3049.800     3052.700     3055.400     3058.030     3059.840
   230:     3071.040     3071.860     3072.590     3080.460     3081.220
   235:     3097.430     3223.250     3227.640     3228.720     3230.340
   240:     3240.560     3241.900     3267.140     3267.240     3274.310
   245:     3287.110     3529.290     3532.600     3534.320     3543.490
   250:     3555.190     3559.120     3559.530     3560.240     3560.890
   255:     3571.070     3575.460     3578.710     3579.850     3580.410
   260:     3590.650     3743.940     3747.070     3750.490     3789.020
   265:     3799.290     3805.960     3806.210     3806.820     3818.090
   270:     3829.400     3911.840     3933.120     4736.230     4750.310
   275:     4839.360     4868.040     4897.330     4897.410     4912.970
   280:     4923.880     4925.890     4926.320     4927.990     4944.110
   285:     4955.050     4956.810     4958.660     4960.220     4961.810
   290:     4972.020     4972.870     5000.920     5016.700     5022.580
   295:     5379.740     5380.510     5380.810     5381.010     5381.500
   300:     5877.070     5877.550     5877.780     5878.540     5879.790
   305:     5890.490     5890.690     5891.920     5892.540     5892.800
   310:     5904.030     5904.590     5905.910     5906.270     5906.470
   315:     5945.460     5946.390     5950.340     6005.760     6027.390
   320:     6038.970     6039.170     6039.490     6040.520     6042.310
   325:     6054.510     6059.040     6060.860     6071.370     6072.600
   330:     6083.330     6087.260     6089.820     6091.180     6091.360
   335:     6101.540     6101.660     6102.280     6103.650     6104.000
   340:     6114.580     6115.120     6117.520     6117.860     6119.680
   345:     6130.410     6130.940     6132.560     6133.260     6135.140
   350:     6145.830     6146.760     6147.260     6147.780     6148.300
   355:     6158.510     6158.820     6159.670     6161.790     6162.610
   360:     6173.670     6175.870     6177.700     6178.740     6183.340
   365:     6194.170     6196.520     6197.420     6197.700     6202.120
   370:     6212.330     6212.870     6215.490     6218.320     6219.570
   375:     6229.840     6230.020     6230.880     6231.700     6238.210
   380:     6248.500     6248.900     6249.400     6251.520     6253.980
   385:     6264.170     6264.800     6267.140     6267.710     6268.360
   390:     6278.550     6279.310     6279.880     6289.570     6291.090
   395:     6301.720     6302.300     6304.860     6304.970     6307.100
   400:     6317.370     6317.870     6318.470     6320.000     6327.770
   405:     6339.350     6534.560     6537.380     6538.170     6540.360
   410:     6550.630     6551.120     6551.580     6552.130     6555.460
   415:     6565.700     6570.910     6572.110     6573.740     6575.070
   420:     6585.420     6586.650     6591.780     6592.330     6593.840
   425:     6609.200     6734.540     6737.950     6742.270     6742.820
   430:     6753.060     6759.970     6760.560     6761.730     6762.470
   435:     6772.700     6773.650     6774.470     6774.650     6775.330
   440:     6786.210     6787.410     6788.590     6788.930     6789.450
   445:     6799.620     6800.600     6801.270     6801.290     6807.900
   450:     6818.250     6818.700     6819.290     6822.790     6823.640
   455:     6834.020     6834.050     7510.230     7511.850     7513.160
   460:     7523.210     7523.340     7524.690     7536.630     7536.860
   465:     7547.470     7549.350     7550.730     7585.870     7596.490
   470:     7606.800     7622.230     7626.070     7626.170     7629.790
   475:     7652.260     7664.390     7664.500     7668.440     7672.340
   480:     7689.380     7734.410     7734.520     7736.120     7737.150
   485:     9213.090     9225.080     9225.550     9229.870     9230.730
   490:     9252.590     9253.070     9253.320     9255.330     9255.620
   495:     9890.010     9890.730     9891.330    10081.430    10081.890
   500:    10239.200    10240.790    10276.180    10286.420    10619.790
   505:    10686.140    10766.680    10766.980    10768.540
N:
     0:      114.080      114.380      180.630      258.100      315.420
     5:      323.270     5928.680     5930.820     5931.680     9342.990
    10:     9343.940     9772.650     9773.800    10629.970
O:
     0:      392.970      401.460      443.230      485.060      704.570
     5:      878.930     1021.910     1461.690     1981.230     2846.750
    10:     3027.100     3039.970     3274.420     3543.570     5906.800
    15:     6096.900     6097.310     6120.080     6135.990     6183.630
    20:     6184.280     6203.600     6328.440     6556.070     6775.600
    25:     7596.610     7672.540     7737.250
P:
Q:
     0:   232463.000   155618.000   107492.000    35820.000      509.000
     5:       14.000       28.000        0.000
\Box8_Comments:



Start Date: 02/28/23
End Date: 02/28/23
Subject: 24
Experiment: heroinSA
Group: heroin
Box: 9
Start Time: 12:03:51
End Time: 15:12:38
MSN: FR_SCRIPT
D:       0.594
E:       0.406
F:       3.000
I:      56.000
J:       0.000
K:   10800.010
L:       4.000
R:       0.000
S:       0.000
T:   32519.000
U:       0.000
V:       1.000
W:       0.000
X:       0.000
Y:       1.000
Z:       0.000
A:
     0:        2.000        3.000      500.000     1000.000      180.000
     5:        5.000        1.000        1.000        1.000        0.000
    10:      286.000        0.000
B:
     0:       32.000       19.000       13.000        0.000        0.000
     5:        0.000        0.000
C:
     0:        0.500      336.100       45.100      932.100      343.100
     5:     3070.100        0.200        0.700        0.800     7966.600
    10:        0.500       16.600        0.500     1594.100       62.100
    15:        3.100       20.100        3.100        0.200        0.700
    20:        0.800      202.100    13600.100       29.100       18.100
    25:      249.100        0.200        0.700        0.800    13663.600
    30:        0.500       32.600        0.500       44.600        0.500
    35:       52.600        0.500       62.600        0.500       25.600
    40:        0.500       97.100    18399.600        0.500       39.600
    45:        0.500       49.100       18.100      504.100     7489.600
    50:        0.500     6511.600        0.500        9.600        0.500
    55:    32519.300
G:
     0:       33.620       38.140      131.310      165.630      472.610
     5:     1430.280     1436.400     1436.700     1438.770     1439.070
    10:     1459.210     2819.240     2822.180     2823.900     2848.820
    15:     4246.320     6094.990     6096.790     6147.210
H:
     0:     1269.240     1270.880     4215.140     4218.310     4222.720
     5:     4227.920     4234.180     4236.630     6086.200     6090.180
    10:     6896.100     7547.210     7548.160
M:
     0:       33.620       38.140      131.310      165.630      472.610
     5:     1430.280     1436.400     1436.700     1438.770     1439.070
    10:     1459.210     2819.240     2822.180     2823.900     2848.820
    15:     4246.320     6094.990     6096.790     6147.210
N:
     0:     1269.240     1270.880     4215.140     4218.310     4222.720
     5:     4227.920     4234.180     4236.630     6086.200     6090.180
    10:     6896.100     7547.210     7548.160
O:
P:
Q:
     0:   287300.000   175321.000    49789.000    22421.000       19.000
     5:       13.000        0.000        0.000
\Box9_Comments:



Start Date: 02/28/23
End Date: 02/28/23
Subject: 25
Experiment: heroinSA
Group: saline
Box: 10
Start Time: 12:03:51
End Time: 15:13:21
MSN: FR_SCRIPT
D:       0.438
E:       0.563
F:       1.000
I:      30.000
J:       0.000
K:   10800.010
L:       2.000
R:       0.000
S:       0.000
T:   29604.000
U:       0.000
V:       0.000
W:       0.000
X:       0.000
Y:       1.000
Z:       0.000
A:
     0:        1.000        3.000      500.000     1000.000      180.000
     5:        5.000        1.000        1.000        1.000        0.000
    10:      260.000        0.000
B:
     0:       16.000        7.000        9.000        0.000        0.000
     5:        0.000        0.000
C:
     0:        0.500      724.600        0.500      228.600        0.500
     5:    10431.600        0.500    12411.100       66.100      346.100
    10:    19898.600        0.500     5908.100      165.600        0.500
    15:    10334.600        0.500       15.600        0.500      352.100
    20:        0.200        0.700        0.800      240.100     1191.100
    25:      148.600        0.500    15939.600        0.500    29604.300
G:
     0:     2379.430     2386.030     2420.630     5001.230     6087.810
     5:     6111.870     6230.960
H:
     0:       72.450       95.260     1138.340     4410.440     5017.730
     5:     6051.140     6052.680     6245.750     7839.680
M:
     0:     2379.430     2386.030     2420.630     5001.230     6087.810
     5:     6111.870     6230.960
N:
     0:       72.450       95.260     1138.340     4410.440     5017.730
     5:     6051.140     6052.680     6245.750     7839.680
O:
P:
Q:
     0:    51830.000    95029.000   247768.000   194498.000        7.000
     5:        9.000        0.000        0.000
\Box10_Comments:



Start Date: 02/28/23
End Date: 02/28/23
Subject: 22
Experiment: heroinSA
Group: heroin
Box: 7
Start Time: 12:03:51
End Time: 15:29:42
MSN: FR_SCRIPT_box7
D:       0.959
E:       0.041
F:      47.000
I:     398.000
J:       0.000
K:   10800.010
L:       0.000
R:       0.000
S:       0.000
T:    2225.000
U:       0.000
V:       0.000
W:       0.000
X:       0.000
Y:       0.000
Z:       1.000
A:
     0:        2.000        3.000      500.000     1000.000      180.000
     5:        5.000        1.000        1.000        1.000        0.000
    10:      240.000        0.000
B:
     0:      245.000      235.000       10.000        0.000        0.000
     5:        0.000        0.000
C:
     0:        0.500     1018.600        0.500      366.100      568.600
     5:        0.500      105.600        0.500        4.600        0.500
    10:        9.600        0.500        2.600        0.500       90.600
    15:        0.500        7.600        0.500       15.600        0.500
    20:       13.600        0.500      140.100       11.100       28.100
    25:       12.100        0.200        0.700        0.800      116.100
    30:       16.100       19.100        4.100       25.100        0.200
    35:        0.700        0.800      155.100       13.100       75.100
    40:        2.100       10.100        0.200        0.700        0.800
    45:      160.100       17.100       22.100       64.100       73.100
    50:        0.200        0.700        0.800      138.100       14.100
    55:       33.100       10.100        3.100        0.200        0.700
    60:        0.800      121.100       11.100      446.100      233.100
    65:      374.100        0.200        0.700        0.800      119.100
    70:     4514.100        4.100        3.100       16.100        0.200
    75:        0.700        0.800      116.100       12.100        4.100
    80:        3.100        1.100        0.200        0.700        0.800
    85:      110.100        7.100       17.100       23.100       35.100
    90:        0.200        0.700        0.800      388.100       22.100
    95:       35.100        9.100        4.100        0.200        0.700
   100:        0.800      112.100       12.100        6.100        1.100
   105:       30.100        0.200        0.700        0.800      105.100
   110:        6.100        2.100       37.100        3.100        0.200
   115:        0.700        0.800     9532.100       13.100       10.100
   120:       34.100       19.100        0.200        0.700        0.800
   125:      182.100       25.100       18.100       78.100       19.100
   130:        0.200        0.700        0.800      224.100        6.100
   135:       40.100       12.100       19.100        0.200        0.700
   140:        0.800      127.100       13.100       44.100       32.100
   145:      128.100        0.200        0.700        0.800     6939.100
   150:        1.100       30.100       33.100       50.100        0.200
   155:        0.700        0.800      233.100      198.100        6.100
   160:        3.100       10.100        0.200        0.700        0.800
   165:      121.100       39.100        3.100       13.100       13.100
   170:        0.200        0.700        0.800      120.100       26.100
   175:       14.100       13.100        5.100        0.200        0.700
   180:        0.800      151.100       18.100       30.100       26.100
   185:       17.100        0.200        0.700        0.800      121.100
   190:       33.100        8.100    19260.100       18.100        0.200
   195:        0.700        0.800      121.100       36.100       77.100
   200:       18.100        9.100        0.200        0.700        0.800
   205:      175.100       22.100       78.100       15.100        6.100
   210:        0.200        0.700        0.800      149.100       70.100
   215:       58.100       59.100       26.100        0.200        0.700
   220:        0.800      167.100       15.100       35.100       87.100
   225:       12.100        0.200        0.700        0.800      192.100
   230:     4669.100     6887.100       50.100       28.100        0.200
   235:        0.700        0.800      124.100       13.100       23.100
   240:       37.100       17.100        0.200        0.700        0.800
   245:      115.100       13.100       13.100       24.100       21.100
   250:        0.200        0.700        0.800      167.100       12.100
   255:      208.100       50.100       54.100        0.200        0.700
   260:        0.800      115.100       34.100       10.100       17.100
   265:       17.100        0.200        0.700        0.800      131.100
   270:       15.100     9536.100       13.100        4.100        0.200
   275:        0.700        0.800      120.100       41.100       19.100
   280:       12.100       28.100        0.200        0.700        0.800
   285:      109.100       15.100       23.100       15.100       32.100
   290:        0.200        0.700        0.800      110.100       18.100
   295:        8.100       24.100       17.100        0.200        0.700
   300:        0.800      117.100       20.100       15.100       11.100
   305:       10.100        0.200        0.700        0.800      130.100
   310:     6342.100        7.100       19.100       22.100        0.200
   315:        0.700        0.800      121.100       15.100       40.100
   320:       12.100       13.100        0.200        0.700        0.800
   325:      118.100       17.100        1.100       14.100       23.100
   330:        0.200        0.700        0.800    11205.100       23.100
   335:       32.100       38.100       16.100        0.200        0.700
   340:        0.800     3016.100        2.100        2.100        6.100
   345:        9.100        0.200        0.700        0.800    10256.100
   350:       40.100        8.100       23.100        6.100        0.200
   355:        0.700        0.800      110.100       20.100       42.100
   360:       20.100       57.100        0.200        0.700        0.800
   365:      157.100       13.100       12.100       48.100        7.100
   370:        0.200        0.700        0.800      118.100       35.100
   375:       59.100        3.100       16.100        0.200        0.700
   380:        0.800      113.100        3.100       29.100       30.100
   385:        4.100        0.200        0.700        0.800      131.100
   390:       63.100       27.100       25.100       24.100        0.200
   395:        0.700        0.800     2225.300
G:
     0:      138.390      233.780      234.870      237.660      238.800
     5:      250.400      252.080      253.930      254.380      256.830
    10:      272.350      273.620      281.090      281.320      282.360
    15:      298.320      300.000      302.260      308.670      315.960
    20:      329.750      331.170      334.450      335.410      335.700
    25:      347.820      348.900      393.520      416.860      454.250
    30:      466.140      917.540      917.950      918.190      919.800
    35:      931.430      932.600      933.060      933.300      933.480
    40:      944.390      945.110      946.810      949.180      952.630
    45:      991.450      993.610      997.150      998.020      998.390
    50:     1009.600     1010.880     1011.420     1011.540     1014.560
    55:     1025.030     1025.680     1025.860     1029.490     1029.820
    60:     1983.020     1984.360     1985.330     1988.690     1990.610
    65:     2008.860     2011.310     2013.130     2020.930     2022.830
    70:     2045.240     2045.870     2049.830     2050.990     2052.940
    75:     2065.680     2066.910     2071.330     2074.550     2087.380
    80:     2781.220     2781.370     2784.300     2787.610     2792.620
    85:     2815.890     2835.780     2836.290     2836.620     2837.630
    90:     2849.750     2853.640     2853.960     2855.220     2856.530
    95:     2868.490     2871.110     2872.580     2873.800     2874.380
   100:     2889.420     2891.240     2894.220     2896.860     2898.490
   105:     2910.670     2913.900     2914.760     4840.720     4842.490
   110:     4854.620     4858.220     4865.950     4867.750     4868.680
   115:     4886.170     4888.350     4896.120     4897.600     4898.280
   120:     4913.170     4920.120     4925.900     4931.800     4934.440
   125:     4951.160     4952.650     4956.170     4964.790     4966.050
   130:     4985.280     5452.150     6140.870     6145.790     6148.600
   135:     6161.010     6162.340     6164.650     6168.300     6170.020
   140:     6181.540     6182.800     6184.170     6186.580     6188.640
   145:     6205.340     6206.540     6227.320     6232.350     6237.710
   150:     6249.260     6252.630     6253.660     6255.370     6257.020
   155:     6270.150     6271.660     7225.190     7226.560     7226.940
   160:     7238.890     7242.990     7244.900     7246.100     7248.930
   165:     7259.800     7261.370     7263.660     7265.160     7268.370
   170:     7279.380     7281.120     7281.930     7284.370     7285.990
   175:     7297.780     7299.730     7301.260     7302.370     7303.380
   180:     7316.320     7950.570     7951.250     7953.130     7955.350
   185:     7967.420     7968.930     7972.890     7974.170     7975.410
   190:     7987.200     7988.900     7989.040     7990.460     7992.710
   195:     9113.250     9115.500     9118.730     9122.550     9124.100
   200:     9425.720     9425.930     9426.100     9426.770     9427.640
   205:    10453.240    10457.250    10458.050    10460.350    10460.960
   210:    10471.950    10473.980    10478.120    10480.130    10485.810
   215:    10501.500    10502.870    10504.020    10508.810    10509.540
   220:    10521.340    10524.860    10530.730    10531.030    10532.630
   225:    10543.900    10544.270    10547.180    10550.090    10550.560
   230:    10563.650    10569.960    10572.590    10575.130    10577.510
H:
     0:      101.790      195.220      205.690      206.100      207.020
     5:      207.220      216.200      216.940      218.450      219.780
M:
     0:      138.390      233.780      234.870      237.660      238.800
     5:      250.400      252.080      253.930      254.380      256.830
    10:      272.350      273.620      281.090      281.320      282.360
    15:      298.320      300.000      302.260      308.670      315.960
    20:      329.750      331.170      334.450      335.410      335.700
    25:      347.820      348.900      393.520      416.860      454.250
    30:      466.140      917.540      917.950      918.190      919.800
    35:      931.430      932.600      933.060      933.300      933.480
    40:      944.390      945.110      946.810      949.180      952.630
    45:      991.450      993.610      997.150      998.020      998.390
    50:     1009.600     1010.880     1011.420     1011.540     1014.560
    55:     1025.030     1025.680     1025.860     1029.490     1029.820
    60:     1983.020     1984.360     1985.330     1988.690     1990.610
    65:     2008.860     2011.310     2013.130     2020.930     2022.830
    70:     2045.240     2045.870     2049.830     2050.990     2052.940
    75:     2065.680     2066.910     2071.330     2074.550     2087.380
    80:     2781.220     2781.370     2784.300     2787.610     2792.620
    85:     2815.890     2835.780     2836.290     2836.620     2837.630
    90:     2849.750     2853.640     2853.960     2855.220     2856.530
    95:     2868.490     2871.110     2872.580     2873.800     2874.380
   100:     2889.420     2891.240     2894.220     2896.860     2898.490
   105:     2910.670     2913.900     2914.760     4840.720     4842.490
   110:     4854.620     4858.220     4865.950     4867.750     4868.680
   115:     4886.170     4888.350     4896.120     4897.600     4898.280
   120:     4913.170     4920.120     4925.900     4931.800     4934.440
   125:     4951.160     4952.650     4956.170     4964.790     4966.050
   130:     4985.280     5452.150     6140.870     6145.790     6148.600
   135:     6161.010     6162.340     6164.650     6168.300     6170.020
   140:     6181.540     6182.800     6184.170     6186.580     6188.640
   145:     6205.340     6206.540     6227.320     6232.350     6237.710
   150:     6249.260     6252.630     6253.660     6255.370     6257.020
   155:     6270.150     6271.660     7225.190     7226.560     7226.940
   160:     7238.890     7242.990     7244.900     7246.100     7248.930
   165:     7259.800     7261.370     7263.660     7265.160     7268.370
   170:     7279.380     7281.120     7281.930     7284.370     7285.990
   175:     7297.780     7299.730     7301.260     7302.370     7303.380
   180:     7316.320     7950.570     7951.250     7953.130     7955.350
   185:     7967.420     7968.930     7972.890     7974.170     7975.410
   190:     7987.200     7988.900     7989.040     7990.460     7992.710
   195:     9113.250     9115.500     9118.730     9122.550     9124.100
   200:     9425.720     9425.930     9426.100     9426.770     9427.640
   205:    10453.240    10457.250    10458.050    10460.350    10460.960
   210:    10471.950    10473.980    10478.120    10480.130    10485.810
   215:    10501.500    10502.870    10504.020    10508.810    10509.540
   220:    10521.340    10524.860    10530.730    10531.030    10532.630
   225:    10543.900    10544.270    10547.180    10550.090    10550.560
   230:    10563.650    10569.960    10572.590    10575.130    10577.510
N:
     0:      101.790      195.220      205.690      206.100      207.020
     5:      207.220      216.200      216.940      218.450      219.780
O:
P:
Q:
     0:   187622.000   173799.000   109156.000    67100.000      235.000
     5:       10.000        0.000        0.000
\Box7_Comments:



Start Date: 02/28/23
End Date: 02/28/23
Subject: 26
Experiment: heroinSA
Group: heroin
Box: 11
Start Time: 12:03:51
End Time: 15:29:42
MSN: FR_SCRIPT_5choice
D:       0.888
E:       0.112
F:      15.000
I:     148.000
J:       0.000
K:   10800.010
L:       4.000
R:       0.000
S:       0.000
T:    2453.000
U:       0.000
V:       0.000
W:       0.000
X:       0.000
Y:       0.000
Z:       0.000
A:
     0:        2.000        3.000      500.000     1000.000      180.000
     5:        5.000        1.000        1.000        2.000        0.000
    10:      270.000        0.000
B:
     0:       89.000       79.000       10.000        0.000        0.000
     5:        0.000        0.000
C:
     0:        0.500     1075.600        0.500      164.100        3.100
     5:      102.100      878.100      162.100        0.200        0.700
    10:        0.800     2376.100        2.100       28.100      202.100
    15:     2861.600        0.500       22.600        0.500      423.100
    20:        0.200        0.700        0.800     2777.100        7.100
    25:        6.100       11.100        5.100        0.200        0.700
    30:        0.800      126.100        1.100     1672.100       27.100
    35:       23.100        0.200        0.700        0.800     2329.100
    40:      408.100        7.100       18.100       12.100        0.200
    45:        0.700        0.800     2042.100      583.100       11.100
    50:       18.100        4.100        0.200        0.700        0.800
    55:      115.100       12.100     1499.100     1981.100      222.100
    60:        0.200        0.700        0.800     2499.100      677.100
    65:       88.100     1199.100       33.100        0.200        0.700
    70:        3.100        0.800     2615.100       14.100       72.100
    75:     4939.100      604.100        0.200        0.700        2.100
    80:        0.800      238.100     8742.100        5.100        7.100
    85:       37.100        0.200        0.700        0.800     3988.600
    90:        0.500     6666.100       78.600        0.500      152.100
    95:       10.100     3608.100       17.100        0.200        0.700
   100:        0.800      116.100       65.100       25.100       78.100
   105:       75.100        0.200        0.700        0.800     5065.100
   110:     3890.100      101.100      917.600        0.500     6675.600
   115:        0.500      144.600        0.500      240.100       23.100
   120:        0.200        0.700        0.800      127.100      136.100
   125:     8460.100       47.100     2513.100        0.200        0.700
   130:        0.800      145.100      122.600        0.500    16196.100
   135:       35.600        0.500     1114.100      383.100      105.100
   140:        0.200        0.700        0.800      107.100       51.100
   145:       61.100       24.100     2453.300
G:
     0:      123.980      124.230      134.390      222.270      238.460
     5:      476.000      476.280      479.040      499.250      829.860
    10:     1107.550     1108.220     1108.850     1109.950     1110.390
    15:     1123.000     1123.180     1290.330     1293.030     1295.380
    20:     1528.240     1568.990     1569.760     1571.510     1572.720
    25:     1776.950     1835.280     1836.290     1838.120     1838.550
    30:     1850.060     1851.240     2001.100     2199.250     2221.470
    35:     2471.340     2539.060     2547.830     2667.700     2671.300
    40:     2932.830     2934.230     2941.420     3435.380     3495.940
    45:     3519.700     4393.890     4394.470     4395.120     4398.810
    50:     5464.230     5487.190     5488.260     5848.990     5850.730
    55:     5862.330     5868.790     5871.380     5879.160     5886.600
    60:     6393.150     6782.150     6792.270     7589.800     7592.140
    65:     7604.810     7618.390     8464.460     8469.160     8720.480
    70:     8734.890    10366.690    10481.630    10519.950    10530.400
    75:    10541.110    10546.260    10552.360    10554.760
H:
     0:      107.570      785.340      787.560     4797.640     5472.070
     5:     6883.890     7551.410     7565.850     8747.160    10370.240
M:
     0:      123.980      124.230      134.390      222.270      238.460
     5:      476.000      476.280      479.040      499.250      829.860
    10:     1107.550     1108.220     1108.850     1109.950     1110.390
    15:     1123.000     1123.180     1290.330     1293.030     1295.380
    20:     1528.240     1568.990     1569.760     1571.510     1572.720
    25:     1776.950     1835.280     1836.290     1838.120     1838.550
    30:     1850.060     1851.240     2001.100     2199.250     2221.470
    35:     2471.340     2539.060     2547.830     2667.700     2671.070
    40:     2932.830     2934.230     2941.420     3435.380     3495.740
    45:     3519.700     4393.890     4394.470     4395.120     4398.810
    50:     5464.230     5487.190     5488.260     5848.990     5850.730
    55:     5862.330     5868.790     5871.380     5879.160     5886.600
    60:     6393.150     6782.150     6792.270     7589.800     7592.140
    65:     7604.810     7618.390     8464.460     8469.160     8720.480
    70:     8734.890    10366.690    10481.630    10519.950    10530.400
    75:    10541.110    10546.260    10552.360    10554.760
N:
     0:      107.570      785.340      787.560     4797.640     5472.070
     5:     6883.890     7551.410     7565.850     8747.160    10370.240
O:
     0:     2671.300     3495.940
P:
Q:
     0:        0.000        0.000        0.000        0.000       79.000
     5:       10.000        2.000        0.000
\Box11_Comments:



Start Date: 02/28/23
End Date: 02/28/23
Subject: 27
Experiment: heroinSA
Group: heroin
Box: 12
Start Time: 12:03:51
End Time: 15:29:42
MSN: FR_SCRIPT_5choice
D:       0.832
E:       0.168
F:      16.000
I:     172.000
J:       0.000
K:   10800.010
L:       4.000
R:       0.000
S:       0.000
T:    7197.000
U:       0.000
V:       0.000
W:       0.000
X:       0.000
Y:       0.000
Z:       0.000
A:
     0:        1.000        3.000      500.000     1000.000      180.000
     5:        5.000        1.000        1.000        2.000        0.000
    10:      280.000        0.000
B:
     0:      101.000       84.000       17.000        0.000        0.000
     5:        0.000        0.000
C:
     0:        0.500      342.100       10.100       25.100       12.100
     5:        5.100        0.200        0.700        0.800     2249.600
    10:        0.500       57.100     1685.600        0.500       13.100
    15:       21.100       27.100      180.600        0.500     1469.100
    20:        0.200        0.700        0.800      105.100       19.100
    25:       27.100       19.100       16.100        0.200        0.700
    30:       66.100        0.800       38.100        5.100       56.100
    35:       44.100       14.100        0.200        0.700        0.800
    40:      107.100        4.100        9.100       13.100       60.100
    45:        0.200        0.700        0.800     5943.600        0.500
    50:        3.600        0.500     5062.100       15.100       48.100
    55:     3666.100      193.600        0.500      492.100        0.200
    60:        0.700        0.800      112.100        7.100        3.100
    65:       23.100        2.100        0.200        0.700        0.800
    70:      107.100       25.100       30.100       43.100        9.100
    75:        0.200        0.700        0.800      144.100     7804.100
    80:      167.100       97.100      375.100        0.200        0.700
    85:       67.100        0.800       39.100       38.100       11.100
    90:    13324.100       23.100        0.200        0.700        0.800
    95:      112.100       81.100     3662.600        0.500     6015.100
   100:        6.100      479.100        0.200        0.700        0.800
   105:      104.100       66.100       38.100       76.100       13.100
   110:        0.200        0.700        0.800      101.100       13.100
   115:      106.100       20.100    10745.100        0.200        0.700
   120:        0.800      108.100      154.100       26.100     3277.600
   125:        0.500     1895.100     2292.600        0.500      963.600
   130:        0.500     2186.600        0.500        4.600        0.500
   135:      333.100        0.200        0.700        0.800      178.100
   140:       12.100       36.100       40.100       84.600        0.500
   145:       11.600        0.500     6296.100        0.200        0.700
   150:        0.800      104.100     9252.600        0.500     1860.100
   155:     3239.100      470.600        0.500       11.600        0.500
   160:     1531.100        9.100        0.200        0.700       62.100
   165:       15.100        0.800       29.100       14.100       68.100
   170:       38.100     7197.300
G:
     0:       34.270       35.280       37.720       38.980       39.410
     5:      270.010      439.840      441.960      444.660      609.570
    10:      620.080      621.970      624.650      626.490      634.740
    15:      638.560      639.050      644.660      648.990      650.460
    20:      661.150      661.570      662.440      663.690      669.740
    25:     1770.500     1772.030     1776.860     2143.390     2211.930
    30:     2223.130     2223.870     2224.150     2226.450     2226.650
    35:     2237.310     2239.880     2242.860     2247.140     2248.030
    40:     2262.420     3042.830     3059.580     3069.210     3113.420
    45:     3117.310     3121.170     3122.230     4454.610     4456.950
    50:     4468.110     4476.230     5443.980     5444.580     5492.480
    55:     5502.870     5509.430     5513.220     5520.810     5522.100
    60:     5532.220     5533.580     5544.140     5546.180     6620.620
    65:     6631.420     6646.810     6649.400     7166.590     7744.410
    70:     7762.240     7763.390     7767.050     7771.000     8410.150
    75:     8420.530     9531.760     9855.590    10056.810    10065.460
    80:    10068.370    10069.690    10076.560    10080.360
H:
     0:      264.330      438.540      462.640     1264.040     1264.300
     5:     2162.710     4842.480     6977.130     7395.850     7492.180
    10:     7710.760     7711.100     7779.470     7780.570     9345.730
    15:     9902.650     9903.750
M:
     0:       34.270       35.280       37.720       38.980       39.410
     5:      270.010      439.840      441.960      444.660      609.570
    10:      620.080      621.970      624.650      626.490      628.110
    15:      638.560      639.050      644.660      648.990      650.460
    20:      661.150      661.570      662.440      663.690      669.740
    25:     1770.500     1772.030     1776.860     2143.390     2211.930
    30:     2223.130     2223.870     2224.150     2226.450     2226.650
    35:     2237.310     2239.880     2242.860     2247.140     2248.030
    40:     2262.420     3042.830     3059.580     3069.210     3106.720
    45:     3117.310     3121.170     3122.230     4454.610     4456.950
    50:     4468.110     4476.230     5443.980     5444.580     5492.480
    55:     5502.870     5509.430     5513.220     5520.810     5522.100
    60:     5532.220     5533.580     5544.140     5546.180     6620.620
    65:     6631.420     6646.810     6649.400     7166.590     7744.410
    70:     7762.240     7763.390     7767.050     7771.000     8410.150
    75:     8420.530     9531.760     9855.590    10056.810    10057.770
    80:    10068.370    10069.690    10076.560    10080.360
N:
     0:      264.330      438.540      462.640     1264.040     1264.300
     5:     2162.710     4842.480     6977.130     7395.850     7492.180
    10:     7710.760     7711.100     7779.470     7780.570     9345.730
    15:     9902.650     9903.750
O:
     0:      634.740     3113.420    10063.970    10065.460
P:
Q:
     0:        0.000        0.000        0.000        0.000       84.000
     5:       17.000        4.000        0.000
\Box12_Comments:



Start Date: 02/28/23
End Date: 02/28/23
Subject: 28
Experiment: heroinSA
Group: saline
Box: 13
Start Time: 12:03:51
End Time: 15:29:42
MSN: FR_SCRIPT_5choice
D:       0.167
E:       0.833
F:       0.000
I:      35.000
J:       0.000
K:   10800.010
L:       3.000
R:       0.000
S:       0.000
T:    9024.000
U:       0.000
V:       0.000
W:       0.000
X:       0.000
Y:       0.000
Z:       0.000
A:
     0:        2.000        3.000      500.000     1000.000      180.000
     5:        5.000        1.000        1.000        2.000        0.000
    10:      276.000        0.000
B:
     0:       18.000        3.000       15.000        0.000        0.000
     5:        0.000        0.000
C:
     0:        0.500      517.600        0.500        8.600        0.500
     5:       77.600        0.500      490.600        0.500     2984.600
    10:        0.500       16.600        0.500     1011.100       35.600
    15:        0.500     1903.100     4569.100       68.600        0.500
    20:       13.600        0.500     7331.600        0.500        5.600
    25:        0.500    36302.600        0.500    27111.600        0.500
    30:       12.600        0.500    16524.600        0.500     9024.300
G:
     0:      510.370      704.180     1161.000
H:
     0:       51.720       52.510       60.230      109.210      407.670
     5:      409.260      513.830     1167.880     1169.130     1902.280
    10:     1902.770     5532.900     8244.050     8245.270     9897.590
M:
     0:      510.370      704.180     1161.000
N:
     0:       51.720       52.510       60.230      109.210      407.670
     5:      409.260      513.830     1167.880     1169.130     1902.280
    10:     1902.770     5532.900     8244.050     8245.270     9897.590
O:
P:
Q:
     0:        0.000        0.000        0.000        0.000        3.000
     5:       15.000        0.000        0.000
\Box13_Comments:



Start Date: 02/28/23
End Date: 02/28/23
Subject: 29
Experiment: heroinSA
Group: saline
Box: 14
Start Time: 12:03:51
End Time: 15:29:42
MSN: FR_SCRIPT_5choice
D:       0.250
E:       0.750
F:       0.000
I:       9.000
J:       0.000
K:   10800.010
L:       1.000
R:       0.000
S:       0.000
T:    5623.000
U:       0.000
V:       0.000
W:       0.000
X:       0.000
Y:       0.000
Z:       0.000
A:
     0:        1.000        3.000      500.000     1000.000      180.000
     5:        5.000        1.000        1.000        2.000        0.000
    10:      293.000        0.000
B:
     0:        4.000        1.000        3.000        0.000        0.000
     5:        0.000        0.000
C:
     0:        0.500     5464.600        0.500    19600.100     6583.600
     5:        0.500    70730.600        0.500     5623.300
G:
     0:     2506.480
H:
     0:      546.460     3164.700    10237.700
M:
     0:     2506.480
N:
     0:      546.460     3164.700    10237.700
O:
P:
Q:
     0:        0.000        0.000        0.000        0.000        1.000
     5:        3.000        0.000        0.000
\Box14_Comments:



Start Date: 02/28/23
End Date: 02/28/23
Subject: 30
Experiment: heroinSA
Group: saline
Box: 15
Start Time: 12:03:51
End Time: 15:29:42
MSN: FR_SCRIPT_5choice
D:       0.833
E:       0.167
F:       1.000
I:      12.000
J:       0.000
K:   10800.010
L:       0.000
R:       0.000
S:       0.000
T:   17175.000
U:       0.000
V:       0.000
W:       0.000
X:       0.000
Y:       0.000
Z:       0.000
A:
     0:        2.000        3.000      500.000     1000.000      180.000
     5:        5.000        1.000        1.000        2.000        0.000
    10:      298.000        0.000
B:
     0:        6.000        5.000        1.000        0.000        0.000
     5:        0.000        0.000
C:
     0:        0.500      303.100    30980.100       79.100    49658.100
     5:       56.100        0.200        0.700        0.800     9749.600
    10:        0.500    17175.300
G:
     0:       30.370     3128.340     3136.270     8102.050     8107.660
H:
     0:     9082.570
M:
     0:       30.370     3128.340     3136.270     8102.050     8107.660
N:
     0:     9082.570
O:
P:
Q:
     0:        0.000        0.000        0.000        0.000        5.000
     5:        1.000        0.000        0.000
\Box15_Comments:
